NA11829	0	0	1,0
NA11830	1|1	2	0,0,1
NA11831	1	1	0,1
NA11832	0|1	1	0,1,0
NA11840	0|1	1	0,1,0
NA11881	0	0	1,0
NA11994	1	1	0,1
NA11995	1|0	0.85	0.15,0.85,0
NA12004	0|0	0	1,0,0
NA12005	0	0	1,0
NA12043	0	0	1,0
NA12044	0|0	0.44	0.56,0.44,0
NA12144	0	0	1,0
NA12154	0	0.28	0.72,0.28
NA12155	1	1	0,1
NA12156	0|0	0	1,0,0
NA12234	1|1	1.98	0,0.02,0.98
NA12717	0|0	0	1,0,0
NA12750	1	1	0,1
NA12760	0	0	1,0
NA12762	0	0	1,0
NA12763	0|0	0	1,0,0
NA12812	0	0	1,0
NA12813	0|0	0	1,0,0
NA12814	0	0	1,0
NA12815	0|1	1	0,1,0
NA12872	0	0	1,0
NA12873	1|0	0.56	0.44,0.56,0
NA12874	0	0	1,0
NA12878	1|1	2	0,0,1
