NA18526	0|0	0.36	0.67,0.31,0.02
NA18532	0|0	0.34	0.69,0.29,0.02
NA18537	0|0	0.22	0.78,0.22,0
NA18542	0|0	0.07	0.93,0.07,0
NA18545	0|0	0.04	0.96,0.04,0
NA18547	1|0	0.91	0.1,0.9,0
NA18550	0|0	0.09	0.91,0.09,0
NA18552	1|1	1.53	0,0.47,0.53
NA18555	0|0	0.27	0.73,0.27,0
NA18558	0|1	1.01	0,0.99,0.01
NA18561	0|0	0.12	0.88,0.11,0.01
NA18562	0|1	0.91	0.11,0.86,0.03
NA18563	0|0	0.47	0.56,0.4,0.04
NA18564	0|1	0.58	0.42,0.58,0
NA18566	0|1	1	0,1,0
NA18570	0|0	0.01	0.99,0.01,0
NA18571	0|1	1.21	0.01,0.76,0.23
NA18572	0|1	0.61	0.4,0.6,0
NA18573	1|0	0.66	0.43,0.48,0.09
NA18577	0|0	0.15	0.85,0.15,0
NA18579	1|0	0.89	0.11,0.89,0
NA18582	1|0	0.68	0.4,0.52,0.08
NA18592	0|1	0.62	0.39,0.6,0.01
NA18593	0|0	0.02	0.98,0.02,0
NA18603	0|0	0.4	0.61,0.38,0.01
NA18605	1|1	1.78	0,0.22,0.78
NA18608	0|1	0.62	0.38,0.62,0
NA18609	1|0	0.58	0.43,0.57,0
NA18611	0|1	0.55	0.46,0.54,0
NA18612	0|1	1.32	0.06,0.57,0.37
NA18620	0|0	0.53	0.51,0.45,0.04
NA18621	0|0	0.13	0.88,0.12,0
NA18622	0|0	0.13	0.87,0.13,0
NA18623	1|0	1.01	0,0.99,0.01
NA18624	0|1	0.99	0.06,0.88,0.06
NA18632	0|0	0.07	0.93,0.07,0
NA18633	0|0	0.07	0.93,0.07,0
NA18635	0|0	0.05	0.95,0.05,0
NA18636	0|0	0.44	0.57,0.43,0
NA18637	0|1	1.02	0.02,0.95,0.03
NA18940	0|0	0.05	0.95,0.05,0
NA18942	0|0	0.38	0.65,0.32,0.03
NA18943	0|0	0.36	0.67,0.3,0.03
NA18944	0|1	1.02	0,0.98,0.02
NA18945	0|0	0.37	0.63,0.36,0.01
NA18947	0|1	1.02	0,0.98,0.02
NA18948	0|1	1.12	0.02,0.85,0.13
NA18949	0|0	0.19	0.81,0.19,0
NA18951	0|0	0.44	0.56,0.44,0
NA18952	0|0	0.03	0.97,0.03,0
NA18953	0|0	0.08	0.92,0.08,0
NA18956	0|0	0.34	0.67,0.32,0.01
NA18959	0|0	0.05	0.95,0.05,0
NA18960	0|0	0.08	0.92,0.08,0
NA18961	0|0	0	1,0,0
NA18964	1|0	0.71	0.3,0.69,0.01
NA18965	0|0	0.12	0.88,0.12,0
NA18966	1|1	1.89	0,0.11,0.89
NA18967	0|1	1	0,1,0
NA18968	0|0	0.22	0.79,0.21,0
NA18969	0|0	0.05	0.95,0.05,0
NA18970	0|0	0	1,0,0
NA18971	0|1	1	0,0.99,0.01
NA18972	0|0	0.22	0.78,0.22,0
NA18973	0|1	0.62	0.38,0.62,0
NA18974	0|1	1	0.01,0.99,0
NA18975	0|1	1.01	0,0.99,0.01
NA18976	1|0	0.9	0.12,0.86,0.02
NA18978	0|1	1	0.02,0.97,0.01
NA18980	0|0	0.27	0.73,0.27,0
NA18981	0|0	0.14	0.86,0.14,0
NA18987	0|0	0	1,0,0
NA18990	0|0	0.02	0.98,0.02,0
NA18991	0|0	0	1,0,0
NA18992	0|0	0.14	0.86,0.14,0
NA18994	0|1	1.01	0,0.99,0.01
NA18995	1|0	1	0,1,0
NA18997	0|0	0.19	0.82,0.18,0
NA18998	0|1	1.04	0,0.96,0.04
NA18999	0|0	0.12	0.88,0.11,0.01
NA19000	1|1	2	0,0,1
NA19003	1|1	1.97	0,0.03,0.97
NA19005	0|0	0.29	0.72,0.27,0.01
NA19007	0|0	0.02	0.98,0.02,0
NA19012	0|1	1.01	0,0.99,0.01
