NA18526	0|1	1.09	0,0.91,0.09
NA18537	0|1	1	0,1,0
NA18550	1|0	0.83	0.18,0.81,0.01
NA18555	0|1	1	0,1,0
NA18562	1	0	0.01,0
NA18563	1	0.02	0.01,0.02
NA18582	1|0	1.01	0,0.99,0.01
NA18603	1	1	0,1
NA18606	1	0	0.01,0
NA18621	1	0.33	0.01,0.34
NA18622	1	0	0.01,0
NA18628	1|1	2	0,0,1
NA18632	1	0	0.01,0
NA18636	1	1	0,1
NA18647	1	0	0.01,0
NA18942	0|1	1	0,1,0
NA18945	1	1	0,1
NA18947	0|0	0.31	0.71,0.27,0.02
NA18951	1|1	1.66	0.01,0.32,0.67
NA18952	1	0	0.01,0
NA18953	1	1	0,1
NA18956	0|0	0.01	0.99,0.01,0
NA18965	1	0	0.01,0
NA18970	1	0	0.01,0
NA18973	0|1	1	0,1,0
NA18977	1	0.01	0.01,0.01
NA18987	1|1	2	0,0,1
NA18990	1	0.56	0.01,0.57
NA18995	1	1	0,1
NA19003	0|0	0	1,0,0
NA19010	1|0	1	0,1,0
