NA06985	1|0	1	0,1,0
NA06991	1|0	1	0,1,0
NA06993	1|0	1	0,1,0
NA06994	0|0	0	1,0,0
NA07000	0|1	1	0,1,0
NA07022	0|0	0	1,0,0
NA07048	1|1	2	0,0,1
NA07056	1|0	1	0,1,0
NA07345	0|1	1	0,1,0
NA07348	0|0	0	1,0,0
NA07357	0|0	0	1,0,0
NA10830	1|1	2	0,0,1
NA10835	0|0	0	1,0,0
NA10838	1|1	2	0,0,1
NA10839	1|0	1	0,1,0
NA10847	0|1	1	0,1,0
NA10851	1|1	2	0,0,1
NA10857	0|1	1	0,1,0
NA10859	0|1	1	0,1,0
NA10860	1|0	1	0,1,0
NA11829	1|0	1	0,1,0
NA11830	1|1	2	0,0,1
NA11831	1|1	2	0,0,1
NA11832	0|0	0	1,0,0
NA11840	1|1	2	0,0,1
NA11881	0|0	0	1,0,0
NA11992	1|1	2	0,0,1
NA11994	1|1	2	0,0,1
NA11995	0|0	0	1,0,0
NA12003	0|1	1	0,1,0
NA12004	1|1	2	0,0,1
NA12005	1|0	1	0,1,0
NA12006	0|0	0	1,0,0
NA12043	1|0	1	0,1,0
NA12044	0|1	1	0,1,0
NA12056	1|0	1	0,1,0
NA12144	0|1	1	0,1,0
NA12145	1|1	2	0,0,1
NA12146	0|0	0	1,0,0
NA12154	1|1	2	0,0,1
NA12155	1|1	2	0,0,1
NA12156	0|0	0	1,0,0
NA12234	1|1	2	0,0,1
NA12249	0|0	0	1,0,0
NA12716	0|1	1	0,1,0
NA12717	1|1	2	0,0,1
NA12740	1|1	2	0,0,1
NA12750	1|1	2	0,0,1
NA12751	0|1	1	0,1,0
NA12752	1|0	1	0,1,0
NA12760	1|1	2	0,0,1
NA12761	1|0	1	0,1,0
NA12762	0|1	1	0,1,0
NA12763	0|1	1	0,1,0
NA12802	1|0	1	0,1,0
NA12812	0|1	1	0,1,0
NA12813	1|0	1	0,1,0
NA12815	0|1	1	0,1,0
NA12864	0|0	0	1,0,0
NA12872	0|0	0	1,0,0
NA12873	0|0	0	1,0,0
NA12874	0|0	0	1,0,0
NA12878	1|1	2	0,0,1
NA12891	1|1	2	0,0,1
NA20502	1|1	2	0,0,1
NA20504	0|0	0	1,0,0
NA20505	1|0	1	0,1,0
NA20506	0|0	0	1,0,0
NA20508	1|1	2	0,0,1
NA20509	0|1	1	0,1,0
NA20510	0|1	1	0,1,0
NA20512	0|1	1	0,1,0
NA20515	0|0	0	1,0,0
NA20516	0|1	1	0,1,0
NA20517	1|0	1	0,1,0
NA20518	1|0	1	0,1,0
NA20519	0|0	0	1,0,0
NA20520	0|0	0	1,0,0
NA20521	0|0	0	1,0,0
NA20522	0|1	1	0,1,0
NA20525	0|1	1	0,1,0
NA20527	1|0	1	0,1,0
NA20528	0|1	1	0,1,0
NA20529	1|0	1	0,1,0
NA20530	1|1	2	0,0,1
NA20531	1|0	1	0,1,0
NA20534	1|0	1	0,1,0
NA20535	0|0	0	1,0,0
NA20538	0|0	0	1,0,0
NA20539	1|1	2	0,0,1
NA20540	0|0	0	1,0,0
NA20541	1|1	2	0,0,1
NA20542	1|1	2	0,0,1
NA20543	0|0	0	1,0,0
NA20544	0|0	0	1,0,0
NA20581	1|1	2	0,0,1
NA20582	0|0	0	1,0,0
NA20585	1|0	1	0,1,0
NA20586	0|1	1	0,1,0
NA20588	1|0	1	0,1,0
NA20589	0|1	1	0,1,0
NA20752	0|0	0	1,0,0
NA20753	0|1	1	0,1,0
NA20754	0|0	0	1,0,0
NA20755	0|1	1	0,1,0
NA20756	0|0	0	1,0,0
NA20757	1|0	1	0,1,0
NA20758	1|1	2	0,0,1
NA20759	1|1	2	0,0,1
NA20760	0|1	1	0,1,0
NA20761	1|1	2	0,0,1
NA20765	1|1	2	0,0,1
NA20766	0|0	0	1,0,0
NA20768	1|1	2	0,0,1
NA20769	1|0	1	0,1,0
NA20770	1|0	1	0,1,0
NA20771	1|1	2	0,0,1
NA20772	1|1	2	0,0,1
NA20773	1|1	2	0,0,1
NA20774	1|1	2	0,0,1
NA20775	1|0	1	0,1,0
NA20778	0|1	1	0,1,0
NA20783	0|1	1	0,1,0
NA20785	1|0	1	0,1,0
NA20786	0|1	1	0,1,0
NA20790	0|0	0	1,0,0
NA20792	1|0	1	0,1,0
NA20795	1|0	1	0,1,0
NA20796	0|1	1	0,1,0
NA20797	0|0	0	1,0,0
NA20798	1|0	1	0,1,0
NA20799	1|1	2	0,0,1
NA20800	0|1	1	0,1,0
NA20801	0|0	0	1,0,0
NA20802	0|0	0	1,0,0
NA20803	1|0	1	0,1,0
NA20804	1|1	2	0,0,1
NA20805	0|1	1	0,1,0
NA20806	1|1	2	0,0,1
NA20807	1|0	1	0,1,0
NA20808	1|0	1	0,1,0
NA20809	0|1	1	0,1,0
NA20810	0|0	0	1,0,0
NA20811	1|1	2	0,0,1
NA20812	1|0	1	0,1,0
NA20813	1|1	2	0,0,1
NA20815	1|1	2	0,0,1
NA20818	0|1	1	0,1,0
NA20819	1|0	1	0,1,0
NA20826	1|1	2	0,0,1
NA20828	1|1	2	0,0,1
