NA18498	0|0	0	1,0,0
NA18502	0|0	0	1,0,0
NA18505	0|0	0	1,0,0
NA18507	1|0	1	0,1,0
NA18508	1|0	1	0,1,0
NA18517	0|1	1	0,1,0
NA18519	0|1	1	0,1,0
NA18867	1|0	1	0,1,0
NA18870	0|1	1	0,1,0
NA19092	0|0	0	1,0,0
NA19098	0|0	0	1,0,0
NA19099	0|0	0	1,0,0
NA19102	0|0	0	1,0,0
NA19108	0|0	0	1,0,0
NA19118	0|0	0	1,0,0
NA19119	0|0	0	1,0,0
NA19129	0|1	1	0,1,0
NA19130	0|0	0	1,0,0
NA19146	0|0	0	1,0,0
NA19152	1|0	1	0,1,0
NA19160	0|0	0.16	0.84,0.16,0
NA19171	0|1	1	0,1,0
NA19204	0|0	0	1,0,0
NA19207	1|1	2	0,0,1
NA19209	0|0	0	1,0,0
NA19213	0|0	0	1,0,0
NA19240	0|0	0	1,0,0
NA11829	0|0	0	1,0,0
NA11831	0|1	0.95	0.05,0.95,0
NA11832	1|1	1.9	0,0.1,0.9
NA11840	1|1	1.99	0,0.01,0.99
NA11881	1|0	1	0,1,0
NA11994	0|1	0.87	0.13,0.87,0
NA11995	1|1	2	0,0,1
NA12004	1|1	1.99	0,0.01,0.99
NA12005	0|0	0	1,0,0
NA12043	0|1	1.02	0,0.98,0.02
NA12044	1|0	1.24	0.01,0.74,0.25
NA12144	0|0	0	1,0,0
NA12154	0|0	0	1,0,0
NA12155	1|1	2	0,0,1
NA12156	1|0	1	0,1,0
NA12234	0|1	1.39	0.01,0.59,0.4
NA12717	0|1	1.04	0.04,0.89,0.07
NA12750	1|1	1.89	0,0.11,0.89
NA12760	1|0	1	0,1,0
NA12761	0|1	0.97	0.03,0.97,0
NA12762	0|1	1	0,1,0
NA12763	0|0	0	1,0,0
NA12812	0|1	1.02	0,0.98,0.02
NA12813	0|0	0.27	0.73,0.27,0
NA12814	0|0	0	1,0,0
NA12815	1|1	1.97	0,0.03,0.97
NA12872	0|1	0.65	0.35,0.65,0
NA12873	1|0	1	0,1,0
NA12874	1|1	1.72	0.01,0.26,0.73
NA12878	1|0	1	0,1,0
NA18526	0|0	0	1,0,0
NA18537	0|0	0	1,0,0
NA18550	0|0	0.19	0.81,0.19,0
NA18555	0|0	0	1,0,0
NA18562	0|0	0.14	0.86,0.14,0
NA18563	0|0	0	1,0,0
NA18582	0|0	0	1,0,0
NA18603	0|0	0	1,0,0
NA18606	0|0	0	1,0,0
NA18621	0|0	0.01	0.99,0.01,0
NA18622	0|0	0	1,0,0
NA18628	0|0	0	1,0,0
NA18632	0|0	0	1,0,0
NA18636	0|0	0	1,0,0
NA18647	0|0	0	1,0,0
NA18942	0|0	0	1,0,0
NA18945	0|0	0	1,0,0
NA18947	0|0	0.12	0.88,0.12,0
NA18951	0|0	0	1,0,0
NA18952	0|0	0	1,0,0
NA18953	0|0	0.11	0.89,0.11,0
NA18965	0|0	0	1,0,0
NA18970	0|0	0	1,0,0
NA18973	1|0	0.83	0.17,0.83,0
NA18977	0|0	0	1,0,0
NA18987	0|0	0	1,0,0
NA18990	0|0	0	1,0,0
NA18995	0|0	0	1,0,0
NA19003	0|0	0	1,0,0
