NA18498	0|0	0	1,0,0
NA18502	0|0	0	1,0,0
NA18505	0|0	0	1,0,0
NA18507	1|0	1	0,1,0
NA18508	1|0	1	0,1,0
NA18517	0|1	1	0,1,0
NA18519	0|1	1	0,1,0
NA18867	1|0	1	0,1,0
NA18870	0|1	1	0,1,0
NA19092	0|0	0	1,0,0
NA19098	0|0	0	1,0,0
NA19099	0|0	0	1,0,0
NA19102	0|0	0	1,0,0
NA19108	0|0	0	1,0,0
NA19118	0|0	0	1,0,0
NA19119	0|0	0	1,0,0
NA19129	0|1	1	0,1,0
NA19130	0|0	0	1,0,0
NA19146	0|0	0	1,0,0
NA19152	1|0	1	0,1,0
NA19160	0|0	0.16	0.84,0.16,0
NA19171	0|1	1	0,1,0
NA19204	0|0	0	1,0,0
NA19207	1|1	2	0,0,1
NA19209	0|0	0	1,0,0
NA19213	0|0	0	1,0,0
NA19240	0|0	0	1,0,0
