NA18526	0|1	1	0,1,0
NA18532	0|0	0	1,0,0
NA18537	0|1	1	0,1,0
NA18547	1|1	2	0,0,1
NA18550	0|1	0.68	0.32,0.68,0
NA18555	1|1	2	0,0,1
NA18561	1|0	1	0,1,0
NA18562	1|1	2	0,0,1
NA18563	0|0	0	1,0,0
NA18566	1|1	1.67	0,0.33,0.67
NA18572	0|0	0	1,0,0
NA18577	0|0	0	1,0,0
NA18582	0|1	1	0,1,0
NA18603	1|0	1	0,1,0
NA18605	0|0	0.04	0.96,0.04,0
NA18606	1|0	1	0,1,0
NA18621	1|0	1	0,1,0
NA18622	1|1	2	0,0,1
NA18628	1|0	0.61	0.39,0.61,0
NA18632	1|1	1.94	0,0.06,0.94
NA18636	0|1	1	0,1,0
NA18647	1|1	1.99	0,0.01,0.99
NA18942	1|1	2	0,0,1
NA18943	1|1	2	0,0,1
NA18945	1|1	2	0,0,1
NA18947	1|1	2	0,0,1
NA18949	1|1	2	0,0,1
NA18951	0|0	0	1,0,0
NA18952	0|1	1	0,1,0
NA18953	1|1	2	0,0,1
NA18956	0|1	1	0,1,0
NA18964	0|0	0.07	0.93,0.07,0
NA18965	1|1	2	0,0,1
NA18973	0|0	0	1,0,0
NA18974	1|1	2	0,0,1
NA18977	1|0	1	0,1,0
NA18980	1|1	2	0,0,1
NA18987	1|1	2	0,0,1
NA18990	1|0	1	0,1,0
NA18994	0|1	1	0,1,0
NA18995	0|1	1.02	0,0.98,0.02
NA19000	1|1	2	0,0,1
NA19003	1|1	1.86	0,0.13,0.86
NA19010	1|0	1	0,1,0
