NA18498	0|0	0	1,0,0
NA18500	1|0	1	0,1,0
NA18501	0|0	0	1,0,0
NA18502	1|1	2	0,0,1
NA18503	1|0	1	0,1,0
NA18504	0|0	0	1,0,0
NA18505	1|0	1	0,1,0
NA18506	1|1	2	0,0,1
NA18507	1|0	1	0,1,0
NA18508	1|1	2	0,0,1
NA18515	1|0	1	0,1,0
NA18516	1|1	2	0,0,1
NA18517	1|0	1	0,1,0
NA18519	0|0	0	1,0,0
NA18521	1|1	2	0,0,1
NA18522	1|0	1.26	0,0.74,0.26
NA18523	1|0	1	0,1,0
NA18852	1|1	1.78	0,0.22,0.78
NA18853	1|1	2	0,0,1
NA18854	1|1	2	0,0,1
NA18855	0|0	0.03	0.97,0.03,0
NA18856	0|1	1	0,1,0
NA18857	1|0	1	0,1,0
NA18858	1|1	2	0,0,1
NA18859	1|1	2	0,0,1
NA18860	1|1	2	0,0,1
NA18861	1|1	2	0,0,1
NA18862	1|0	1	0,1,0
NA18863	0|1	1	0,1,0
NA18867	1|0	1	0,1,0
NA18870	1|0	1	0,1,0
NA18871	1|1	2	0,0,1
NA18872	1|1	2	0,0,1
NA18910	1|1	2	0,0,1
NA18912	0|1	1	0,1,0
NA18913	1|1	2	0,0,1
NA18914	1|1	2	0,0,1
NA19027	1|1	1.96	0,0.04,0.96
NA19028	1|0	1	0,1,0
NA19031	1|1	2	0,0,1
NA19035	1|0	1	0,1,0
NA19036	0|0	0	1,0,0
NA19038	0|0	0	1,0,0
NA19041	0|1	1	0,1,0
NA19092	0|1	1	0,1,0
NA19093	0|0	0	1,0,0
NA19094	0|1	1	0,1,0
NA19098	0|1	1	0,1,0
NA19099	1|0	1	0,1,0
NA19100	1|1	2	0,0,1
NA19101	1|1	2	0,0,1
NA19102	1|1	2	0,0,1
NA19103	1|1	2	0,0,1
NA19108	1|0	1	0,1,0
NA19116	0|0	0	1,0,0
NA19118	0|1	1	0,1,0
NA19119	1|1	2	0,0,1
NA19120	1|0	1	0,1,0
NA19127	0|0	0	1,0,0
NA19128	0|1	1	0,1,0
NA19129	1|0	1	0,1,0
NA19130	1|0	1.45	0,0.55,0.45
NA19131	0|0	0	1,0,0
NA19132	1|0	1	0,1,0
NA19137	0|0	0	1,0,0
NA19138	0|0	0.39	0.61,0.39,0
NA19139	0|0	0	1,0,0
NA19140	0|1	1	0,1,0
NA19141	0|0	0	1,0,0
NA19142	0|0	0	1,0,0
NA19143	0|0	0.17	0.83,0.17,0
NA19144	0|0	0	1,0,0
NA19145	0|0	0	1,0,0
NA19146	0|0	0	1,0,0
NA19150	0|1	1	0,1,0
NA19152	0|1	1	0,1,0
NA19153	0|0	0	1,0,0
NA19154	0|1	1	0,1,0
NA19159	1|1	2	0,0,1
NA19160	1|0	1	0,1,0
NA19161	0|1	1	0,1,0
NA19171	0|1	1	0,1,0
NA19172	0|1	1	0,1,0
NA19173	1|1	2	0,0,1
NA19189	1|0	1	0,1,0
NA19200	0|0	0	1,0,0
NA19201	0|0	0	1,0,0
NA19202	0|0	0	1,0,0
NA19203	1|0	1	0,1,0
NA19204	1|1	2	0,0,1
NA19205	1|1	2	0,0,1
NA19206	0|0	0	1,0,0
NA19207	0|1	1	0,1,0
NA19208	1|0	1	0,1,0
NA19209	0|0	0	1,0,0
NA19210	1|1	2	0,0,1
NA19211	1|0	1	0,1,0
NA19213	1|1	2	0,0,1
NA19221	0|1	1	0,1,0
NA19222	0|0	0	1,0,0
NA19223	1|1	2	0,0,1
NA19238	1|1	2	0,0,1
NA19239	1|1	2	0,0,1
NA19240	1|1	2	0,0,1
NA19307	1|0	1	0,1,0
NA19308	1|0	1	0,1,0
NA19309	0|1	1	0,1,0
NA19310	1|1	1.88	0,0.12,0.88
NA19314	1|1	2	0,0,1
NA19315	0|1	1	0,1,0
NA19316	1|1	1.89	0,0.11,0.89
NA19317	0|0	0.33	0.67,0.33,0
NA19318	0|0	0	1,0,0
NA19319	0|0	0	1,0,0
NA19321	1|0	1	0,1,0
NA19324	1|1	2	0,0,1
NA19327	0|0	0.01	0.99,0.01,0
NA19328	1|0	1	0,1,0
NA19332	1|1	2	0,0,1
NA19334	0|1	0.72	0.28,0.72,0
NA19346	1|1	2	0,0,1
NA19347	1|0	1	0,1,0
NA19350	1|1	1.97	0,0.03,0.97
NA19360	1|0	1	0,1,0
NA19372	1|1	2	0,0,1
NA19374	1|1	2	0,0,1
NA19375	1|1	1.63	0,0.37,0.63
NA19376	0|0	0	1,0,0
NA19377	1|0	1	0,1,0
NA19379	0|1	1	0,1,0
NA19380	0|0	0.12	0.88,0.12,0
NA19384	1|0	1	0,1,0
NA19385	0|0	0	1,0,0
NA19390	0|1	1	0,1,0
NA19391	1|0	1.04	0,0.96,0.04
NA19393	0|1	1	0,1,0
NA19394	1|1	2	0,0,1
NA19397	0|1	1	0,1,0
NA19399	0|0	0	1,0,0
NA19403	0|1	1	0,1,0
NA19404	0|0	0	1,0,0
NA19428	0|1	1	0,1,0
NA19429	0|0	0	1,0,0
NA19430	1|1	2	0,0,1
NA19431	0|0	0	1,0,0
NA19434	0|1	1	0,1,0
NA19435	1|0	1	0,1,0
NA19436	1|0	1	0,1,0
NA19437	1|1	2	0,0,1
NA19438	1|1	2	0,0,1
NA19439	1|0	1	0,1,0
NA19440	1|0	1	0,1,0
NA19443	1|0	0.68	0.32,0.67,0.01
NA19445	0|0	0	1,0,0
NA19446	0|0	0	1,0,0
NA19448	1|0	0.67	0.33,0.67,0
NA19449	1|1	2	0,0,1
NA19451	1|1	2	0,0,1
NA19452	0|1	1	0,1,0
NA19455	0|1	1	0,1,0
NA19457	1|1	2	0,0,1
NA19462	1|1	2	0,0,1
NA19463	1|0	1	0,1,0
NA19466	1|0	1	0,1,0
NA19467	0|0	0.07	0.93,0.07,0
NA19468	1|1	2	0,0,1
NA19471	1|1	2	0,0,1
NA19472	1|0	1	0,1,0
NA19473	0|0	0	1,0,0
NA19474	0|0	0.07	0.93,0.07,0
