NA18498	1|0	0.00199997,0.998,0
NA18502	0|1	0,1,0
NA18505	0|0	0.999,0.001,0
NA18507	0|0	0.999,0.001,0
NA18508	0|1	0.00400001,0.996,0
NA18517	1|0	0,0.999,0.001
NA18519	1|0	0.00285002,0.9473,0.04985
NA18858	0|0	1,0,0
NA18861	0|0	0.997002,0.002996,2e-06
NA18867	0|0	1,0,0
NA18870	0|0	0.799,0.201,0
NA18910	0|0	1,0,0
NA18912	0|0	1,0,0
NA19092	0|1	0.018981,0.980038,0.000981
NA19093	0|1	0,1,0
NA19098	1|0	0.137,0.863,0
NA19099	1|0	0.222,0.778,0
NA19102	0|1	0,1,0
NA19108	1|0	0.008982,0.989036,0.001982
NA19116	0|0	1,0,0
NA19118	0|0	1,0,0
NA19119	0|0	0.999,0.001,0
NA19129	0|0	1,0,0
NA19130	0|0	0.999,0.001,0
NA19131	1|1	0.000193998,0.098612,0.901194
NA19137	1|0	0,1,0
NA19138	0|0	0.997,0.003,0
NA19141	0|0	0.993,0.007,0
NA19143	1|1	0,0.028,0.972
NA19144	0|0	1,0,0
NA19146	0|1	0.184,0.816,0
NA19150	0|0	1,0,0
NA19152	1|0	0.014,0.986,0
NA19153	0|0	0.569,0.431,0
NA19159	0|0	0.999,0.001,0
NA19160	1|0	0.00400001,0.996,0
NA19171	0|0	1,0,0
NA19172	0|0	1,0,0
NA19189	0|0	0.999,0.001,0
NA19200	0|0	1,0,0
NA19201	0|0	1,0,0
NA19204	0|1	0.000999987,0.999,0
NA19206	0|1	0.00599998,0.994,0
NA19207	0|1	0,0.956,0.044
NA19209	0|0	0.999,0.001,0
NA19210	0|1	0,0.944,0.056
NA19213	1|0	0,1,0
NA19222	0|0	1,0,0
NA19223	0|0	1,0,0
NA19240	0|0	1,0,0
NA06985	0|0	1,0,0
NA06994	0|0	1,0,0
NA07000	0|0	1,0,0
NA07048	0|0	1,0,0
NA07056	0|0	1,0,0
NA07357	0|0	1,0,0
NA10847	0|1	0,1,0
NA10851	0|0	1,0,0
NA11829	0|0	1,0,0
NA11830	0|0	1,0,0
NA11831	0|0	1,0,0
NA11832	0|0	0.96,0.04,0
NA11840	0|0	1,0,0
NA11881	0|0	1,0,0
NA11992	0|0	1,0,0
NA11994	0|0	1,0,0
NA11995	0|0	1,0,0
NA12003	0|0	1,0,0
NA12004	0|0	1,0,0
NA12005	0|0	1,0,0
NA12006	0|1	0,1,0
NA12043	0|0	0.995,0.005,0
NA12044	0|0	1,0,0
NA12144	0|0	1,0,0
NA12154	0|0	1,0,0
NA12155	0|0	1,0,0
NA12156	0|0	1,0,0
NA12234	0|0	1,0,0
NA12249	0|0	1,0,0
NA12716	0|0	1,0,0
NA12717	0|0	1,0,0
NA12750	0|0	0.999,0.001,0
NA12751	0|0	0.999,0.001,0
NA12760	0|0	1,0,0
NA12761	0|0	1,0,0
NA12762	0|0	1,0,0
NA12763	0|0	1,0,0
NA12812	0|0	1,0,0
NA18526	0|0	1,0,0
NA18532	0|0	1,0,0
NA18537	0|0	1,0,0
NA18547	0|0	1,0,0
NA18550	0|0	1,0,0
NA18555	1|0	0.00400001,0.996,0
NA18561	0|1	0.005,0.995,0
NA18562	0|0	1,0,0
NA18563	0|0	1,0,0
NA18566	0|0	1,0,0
NA18572	0|0	1,0,0
NA18577	0|0	1,0,0
NA18582	0|0	1,0,0
NA18603	0|0	1,0,0
NA18605	0|0	1,0,0
NA18606	0|0	1,0,0
NA18621	0|0	0.731,0.269,0
NA18622	0|0	1,0,0
NA18628	0|0	1,0,0
NA18632	0|0	1,0,0
NA18636	0|0	0.999,0.001,0
NA18647	0|0	1,0,0
NA18942	0|0	1,0,0
NA18943	0|1	0,1,0
NA18945	0|0	0.922,0.078,0
NA18947	0|0	1,0,0
NA18949	0|0	0.826,0.174,0
NA18951	0|0	1,0,0
NA18952	0|0	1,0,0
NA18953	0|0	1,0,0
NA18956	0|0	1,0,0
NA18964	0|0	1,0,0
NA18965	0|0	0.79,0.21,0
NA18970	0|0	1,0,0
NA18973	0|0	1,0,0
NA18974	0|1	0,1,0
NA18977	0|0	1,0,0
NA18980	0|0	1,0,0
NA18987	0|0	1,0,0
NA18990	0|0	1,0,0
NA18994	0|0	1,0,0
NA18995	0|0	1,0,0
NA19000	0|0	1,0,0
NA19003	0|0	1,0,0
NA19010	0|0	1,0,0
