NA06985	1|1	2	0,0,1
NA06994	0|0	0.25	0.75,0.25,0
NA07000	1|0	0.93	0.07,0.93,0
NA07048	0|1	1	0,1,0
NA07056	0|1	0.54	0.46,0.54,0
NA07357	0|1	1	0,1,0
NA10847	0|0	0	1,0,0
NA10851	0|0	0	1,0,0
NA11829	0|0	0	1,0,0
NA11830	0|0	0.24	0.76,0.24,0
NA11831	0|1	1.01	0,0.99,0.01
NA11832	0|0	0	1,0,0
NA11840	1|0	1.01	0,0.99,0.01
NA11881	0|0	0.17	0.83,0.17,0
NA11992	0|1	0.98	0.02,0.98,0
NA11994	0|1	0.98	0.02,0.98,0
NA12003	1|0	1	0,1,0
NA12004	0|1	1	0,1,0
NA12005	1|1	1.97	0,0.03,0.97
NA12006	0|1	1.04	0,0.96,0.04
NA12043	0|0	0	1,0,0
NA12044	1|0	1	0,1,0
NA12144	0|1	1	0,1,0
NA12154	0|1	1	0,1,0
NA12155	1|0	1	0,1,0
NA12156	0|1	1	0,1,0
NA12234	0|0	0.02	0.98,0.02,0
NA12716	0|0	0	1,0,0
NA12717	0|1	0.98	0.02,0.98,0
NA12751	1|1	1.61	0.01,0.37,0.62
NA12760	1|0	1.45	0.01,0.52,0.47
NA12761	1|0	1	0,1,0
NA12762	1|0	0.98	0.02,0.98,0
NA12763	1|0	1	0,1,0
NA12812	0|0	0	1,0,0
NA12813	0|1	1.01	0,0.99,0.01
NA12814	0|0	0	1,0,0
NA12815	0|1	1	0,1,0
NA12872	1|1	2	0,0,1
NA12873	1|1	1.59	0,0.41,0.59
NA12874	0|1	1.11	0,0.89,0.11
NA12878	0|1	1.02	0,0.98,0.02
NA20502	1|0	1	0,1,0
NA20504	1|1	2	0,0,1
NA20505	0|0	0	1,0,0
NA20506	0|0	0.09	0.91,0.09,0
NA20508	0|1	1	0,1,0
NA20509	0|1	1	0,1,0
NA20512	1|1	2	0,0,1
NA20515	0|1	1.05	0.16,0.62,0.22
NA20516	1|1	1.76	0,0.24,0.76
NA20517	1|0	1.24	0,0.76,0.24
NA20518	0|0	0	1,0,0
NA20519	1|0	1	0,1,0
NA20520	0|1	1.1	0.03,0.84,0.13
NA20521	0|1	1	0,1,0
NA20522	0|0	0	1,0,0
NA20527	1|1	2	0,0,1
NA20534	1|1	2	0,0,1
NA20535	0|1	1	0,1,0
NA20538	1|1	1.94	0,0.06,0.94
NA20539	1|0	1	0,1,0
NA20540	1|1	2	0,0,1
NA20541	0|0	0.03	0.97,0.03,0
NA20542	1|0	1	0,1,0
NA20543	0|0	0	1,0,0
NA20544	1|0	1	0,1,0
NA20581	1|1	2	0,0,1
NA20582	1|1	2	0,0,1
NA20585	1|0	1	0,1,0
NA20589	0|0	0	1,0,0
NA20752	1|1	2	0,0,1
NA20753	1|1	2	0,0,1
NA20754	0|1	1	0,1,0
NA20755	1|1	2	0,0,1
NA20756	1|1	1.98	0,0.02,0.98
NA20757	1|1	2	0,0,1
NA20758	0|1	1	0,1,0
NA20759	1|1	2	0,0,1
NA20760	1|1	2	0,0,1
NA20761	1|0	1.43	0,0.57,0.43
NA20765	0|0	0	1,0,0
NA20766	1|0	1	0,1,0
NA20768	0|1	1.11	0.01,0.88,0.11
NA20769	1|1	2	0,0,1
NA20770	0|1	1	0,1,0
NA20771	0|0	0	1,0,0
NA20772	1|1	1.99	0,0.01,0.99
NA20775	1|0	1	0,1,0
NA20778	1|1	2	0,0,1
NA20783	1|1	2	0,0,1
NA20786	1|0	1	0,1,0
NA20790	1|1	2	0,0,1
NA20796	0|1	0.78	0.22,0.77,0.01
NA20797	1|1	2	0,0,1
NA20799	0|0	0	1,0,0
NA20800	1|0	0.99	0.01,0.99,0
NA20801	1|1	2	0,0,1
NA20802	0|1	1.03	0,0.97,0.03
NA20803	1|1	2	0,0,1
NA20804	1|1	2	0,0,1
NA20807	1|1	2	0,0,1
NA20808	1|1	1.97	0,0.03,0.97
NA20813	1|1	2	0,0,1
NA20818	1|1	2	0,0,1
NA20819	1|1	1.57	0,0.43,0.57
NA20826	1|0	1	0,1,0
NA20828	0|0	0	1,0,0
