NA18498	1|1	2	0,0,1
NA18502	1|1	2	0,0,1
NA18505	1|1	2	0,0,1
NA18507	1|1	2	0,0,1
NA18508	0|0	0	1,0,0
NA18517	1|1	1.97	0,0.03,0.97
NA18519	1|1	2	0,0,1
NA18867	0|1	0.76	0.24,0.76,0
NA18870	1|1	2	0,0,1
NA18910	1|1	1.72	0,0.28,0.72
NA19092	1|1	1.62	0,0.38,0.62
NA19098	1|1	1.99	0,0.01,0.99
NA19099	1|0	1	0,1,0
NA19102	1|0	1	0,1,0
NA19108	1|0	1	0,1,0
NA19118	1|1	2	0,0,1
NA19119	0|0	0	1,0,0
NA19129	0|0	0.43	0.57,0.43,0
NA19130	1|1	2	0,0,1
NA19141	0|1	1	0,1,0
NA19146	1|1	2	0,0,1
NA19150	1|1	2	0,0,1
NA19152	1|1	2	0,0,1
NA19160	0|1	1	0,1,0
NA19171	1|1	1.99	0,0.01,0.99
NA19189	1|0	1	0,1,0
NA19204	1|1	2	0,0,1
NA19206	0|1	1	0,1,0
NA19207	0|1	1	0,1,0
NA19209	1|1	2	0,0,1
NA19213	1|1	2	0,0,1
NA19240	1|1	2	0,0,1
