NA18498	0|1	1	0,1,0
NA18500	0|0	0	1,0,0
NA18501	0|0	0	1,0,0
NA18502	0|0	0	1,0,0
NA18503	0|0	0.02	0.98,0.02,0
NA18504	0|0	0.35	0.65,0.35,0
NA18505	0|0	0.04	0.96,0.04,0
NA18506	1|1	2	0,0,1
NA18507	0|1	1	0,1,0
NA18508	1|0	1	0,1,0
NA18515	0|1	1	0,1,0
NA18516	0|1	1	0,1,0
NA18517	0|0	0.06	0.94,0.06,0
NA18519	0|1	1	0,1,0
NA18521	1|0	1	0,1,0
NA18522	0|1	1	0,1,0
NA18523	0|1	1	0,1,0
NA18852	0|0	0.22	0.78,0.22,0
NA18853	1|0	1	0,1,0
NA18854	0|0	0	1,0,0
NA18855	1|1	2	0,0,1
NA18856	1|1	1.67	0,0.33,0.67
NA18857	1|1	2	0,0,1
NA18858	1|1	2	0,0,1
NA18859	0|1	1	0,1,0
NA18860	0|1	1	0,1,0
NA18861	0|0	0	1,0,0
NA18862	1|0	1	0,1,0
NA18863	0|0	0	1,0,0
NA18867	0|1	1	0,1,0
NA18870	0|1	1	0,1,0
NA18871	1|0	1	0,1,0
NA18872	1|0	1	0,1,0
NA18910	0|1	1	0,1,0
NA18912	1|0	1	0,1,0
NA18913	0|1	1.16	0,0.84,0.16
NA18914	0|1	1	0,1,0
NA19027	1|1	1.82	0,0.18,0.82
NA19028	0|1	1	0,1,0
NA19031	0|1	1	0,1,0
NA19035	0|1	1.01	0,0.99,0.01
NA19036	0|1	1	0,1,0
NA19038	1|0	1	0,1,0
NA19041	0|0	0	1,0,0
NA19092	1|1	2	0,0,1
NA19093	0|0	0	1,0,0
NA19094	0|1	1	0,1,0
NA19098	1|0	1	0,1,0
NA19099	1|1	1.69	0,0.31,0.69
NA19100	0|1	1	0,1,0
NA19101	1|1	1.91	0,0.09,0.91
NA19102	0|1	1	0,1,0
NA19108	1|0	1	0,1,0
NA19116	0|1	1	0,1,0
NA19118	1|1	1.97	0,0.03,0.97
NA19119	1|0	0.65	0.35,0.65,0
NA19120	0|0	0	1,0,0
NA19127	0|1	0.67	0.33,0.67,0
NA19128	1|1	1.96	0,0.04,0.96
NA19129	0|1	1.07	0,0.93,0.07
NA19130	0|0	0.01	0.99,0.01,0
NA19131	1|0	1	0,1,0
NA19132	0|0	0	1,0,0
NA19137	0|1	1	0,1,0
NA19138	0|0	0	1,0,0
NA19139	1|0	1	0,1,0
NA19140	1|0	1	0,1,0
NA19141	1|1	2	0,0,1
NA19142	1|1	2	0,0,1
NA19143	0|1	1	0,1,0
NA19144	0|1	1	0,1,0
NA19145	0|1	1	0,1,0
NA19146	1|1	2	0,0,1
NA19150	1|0	1.3	0,0.7,0.3
NA19152	0|0	0	1,0,0
NA19153	0|1	1	0,1,0
NA19154	1|0	1.1	0,0.9,0.1
NA19159	1|0	1	0,1,0
NA19160	0|0	0.09	0.91,0.09,0
NA19161	0|0	0	1,0,0
NA19171	0|0	0	1,0,0
NA19172	0|1	1	0,1,0
NA19173	0|1	1	0,1,0
NA19189	1|0	0.63	0.37,0.63,0
NA19200	0|0	0	1,0,0
NA19201	0|1	1	0,1,0
NA19202	0|0	0	1,0,0
NA19203	0|1	1	0,1,0
NA19204	1|1	1.99	0,0.01,0.99
NA19205	1|1	2	0,0,1
NA19206	0|1	1.09	0,0.91,0.09
NA19207	1|1	2	0,0,1
NA19208	1|0	1.33	0,0.67,0.33
NA19209	1|1	2	0,0,1
NA19210	0|1	1	0,1,0
NA19211	0|1	1	0,1,0
NA19213	0|0	0	1,0,0
NA19221	1|0	1	0,1,0
NA19222	1|0	1	0,1,0
NA19223	0|0	0	1,0,0
NA19238	1|0	1	0,1,0
NA19239	0|0	0	1,0,0
NA19240	0|0	0	1,0,0
NA19307	1|0	1	0,1,0
NA19308	1|1	2	0,0,1
NA19309	1|1	2	0,0,1
NA19310	0|1	1	0,1,0
NA19314	0|1	1	0,1,0
NA19315	0|0	0	1,0,0
NA19316	0|1	0.95	0.06,0.94,0
NA19317	1|1	2	0,0,1
NA19319	1|1	2	0,0,1
NA19321	0|1	1	0.01,0.99,0
NA19327	0|0	0	1,0,0
NA19328	0|1	1.33	0,0.67,0.33
NA19332	0|1	0.89	0.11,0.89,0
NA19334	1|1	2	0,0,1
NA19346	1|0	1	0,1,0
NA19347	1|1	2	0,0,1
NA19350	0|0	0	1,0,0
NA19360	0|0	0	1,0,0
NA19372	1|0	1.06	0,0.94,0.06
NA19374	1|1	2	0,0,1
NA19375	0|0	0	1,0,0
NA19376	1|0	1	0,1,0
NA19377	1|0	1	0,1,0
NA19379	1|1	2	0,0,1
NA19380	1|0	1	0,1,0
NA19384	0|1	1.16	0,0.84,0.16
NA19385	1|1	2	0,0,1
NA19391	0|1	1	0,1,0
NA19393	1|0	0.61	0.39,0.61,0
NA19394	0|0	0.35	0.65,0.35,0
NA19397	0|0	0	1,0,0
NA19399	1|1	1.99	0,0.01,0.99
NA19403	0|0	0.05	0.95,0.05,0
NA19404	1|1	1.92	0,0.08,0.92
NA19428	1|1	1.62	0,0.38,0.62
NA19429	0|0	0	1,0,0
NA19430	1|0	1.14	0,0.86,0.14
NA19431	1|1	2	0,0,1
NA19434	0|1	1	0,1,0
NA19435	0|0	0	1,0,0
NA19436	0|1	1	0,1,0
NA19437	1|1	2	0,0,1
NA19438	0|1	0.6	0.4,0.6,0
NA19439	1|1	2	0,0,1
NA19440	1|0	1	0,1,0
NA19443	1|0	1	0,1,0
NA19445	0|0	0	1,0,0
NA19446	0|0	0.29	0.71,0.29,0
NA19448	1|0	1	0,1,0
NA19449	1|1	2	0,0,1
NA19451	1|1	2	0,0,1
NA19452	1|1	2	0,0,1
NA19455	0|1	1	0,1,0
NA19456	1|1	1.82	0,0.18,0.82
NA19457	1|0	1	0,1,0
NA19462	1|0	1.03	0,0.97,0.03
NA19463	0|0	0	1,0,0
NA19466	1|1	2	0,0,1
NA19467	0|1	1	0,1,0
NA19468	1|0	1	0,1,0
NA19471	1|1	1.99	0,0.01,0.99
NA19472	1|0	1	0,1,0
NA19473	1|1	1.98	0,0.02,0.98
NA19474	0|0	0	1,0,0
