NA06985	1|1	0,0.016,0.984
NA06991	1|1	0,0,1
NA06993	1|1	0,0,1
NA06994	1|1	0,0,1
NA07000	1|1	0,0.201,0.799
NA07019	1|1	0,0,1
NA07022	1|1	0,0,1
NA07029	1|1	0,0,1
NA07034	1|1	0,0,1
NA07048	1|1	0,0,1
NA07055	1|1	0,0.009,0.991
NA07056	1|1	0,0.000999987,0.999
NA07345	1|1	0,0.00800002,0.992
NA07348	1|1	0,0,1
NA07357	1|1	0,0,1
NA10830	1|1	0,0,1
NA10831	1|1	0,0,1
NA10835	1|1	0,0,1
NA10838	1|1	0,0,1
NA10839	1|1	0,0,1
NA10846	1|1	0,0,1
NA10847	1|1	0,0,1
NA10851	1|1	0,0,1
NA10854	1|1	0,0.013,0.987
NA10855	1|1	0,0,1
NA10856	1|1	0,0,1
NA10857	1|1	0,0,1
NA10859	1|1	0,0,1
NA10860	1|1	0.000144001,0.023712,0.976144
NA10861	1|1	0,0,1
NA10863	1|1	0,0,1
NA11829	1|1	9.00013e-06,0.00598204,0.994009
NA11830	1|1	0,0.00199997,0.998
NA11831	1|1	0,0,1
NA11832	1|1	0,0.00199997,0.998
NA11839	1|1	0,0,1
NA11840	1|1	0,0,1
NA11881	1|1	0,0,1
NA11882	1|1	0,0,1
NA11992	1|1	9.00013e-06,0.00598204,0.994009
NA11993	1|1	0,0.015,0.985
NA11994	1|1	1.60001e-05,0.00796802,0.992016
NA11995	1|1	0,0.00300002,0.997
NA12003	1|1	3.59998e-05,0.011928,0.988036
NA12004	1|1	0,0.005,0.995
NA12005	1|1	0,0,1
NA12006	1|0	0,0.994,0.006
NA12043	1|1	3.9999e-06,0.00399195,0.996004
NA12044	1|1	0,0,1
NA12056	1|1	0,0,1
NA12057	1|1	0,0.00400001,0.996
NA12144	1|1	0,0,1
NA12145	1|1	0,0,1
NA12146	1|1	0.002304,0.091392,0.906304
NA12154	1|1	3.59998e-05,0.011928,0.988036
NA12155	1|1	0,0,1
NA12156	1|1	0,0,1
NA12234	1|1	0,0.041,0.959
NA12236	1|1	0,0.00199997,0.998
NA12239	1|1	0,0.00199997,0.998
NA12248	1|1	0,0,1
NA12249	1|1	0,0,1
NA12264	1|1	0,0,1
NA12707	1|1	0,0,1
NA12716	1|1	0,0,1
NA12717	1|1	0,0,1
NA12740	1|1	0,0,1
NA12750	1|1	0,0,1
NA12751	1|1	0,0.000999987,0.999
NA12752	1|1	0,0,1
NA12753	1|1	0,0,1
NA12760	1|1	0,0,1
NA12761	1|1	0,0.05,0.95
NA12762	1|1	0,0,1
NA12763	1|1	0,0.00300002,0.997
NA12801	1|1	0,0,1
NA12802	1|1	0,0,1
NA12812	1|1	9.00013e-06,0.00598204,0.994009
NA12813	1|1	0,0,1
NA12814	1|1	0,0,1
NA12815	1|1	0,0.009,0.991
NA12864	1|1	0,0,1
NA12865	1|1	0,0,1
NA12872	1|1	0.000484001,0.043032,0.956484
NA12873	1|1	0,0.00400001,0.996
NA12874	1|1	1.60001e-05,0.00796802,0.992016
NA12875	1|1	5.70004e-05,0.021886,0.978057
NA12878	1|1	0,0,1
NA12891	1|1	0,0,1
NA12892	1|1	0,0.00300002,0.997
NA20502	1|0	0.02,0.98,0
NA20504	1|1	0,0.013,0.987
NA20505	1|1	0,0,1
NA20506	1|1	0,0.00800002,0.992
NA20508	1|1	0,0.024,0.976
NA20509	1|1	0,0,1
NA20510	1|1	0,0,1
NA20512	1|1	6.40003e-05,0.015872,0.984064
NA20515	1|1	0,0,1
NA20516	1|1	1.60001e-05,0.00796802,0.992016
NA20517	1|1	1.59998e-05,0.016968,0.983016
NA20518	1|1	9.99974e-07,0.00199797,0.998001
NA20519	1|1	0,0,1
NA20520	1|1	2.5e-05,0.00994999,0.990025
NA20521	1|1	0,0,1
NA20522	1|1	1.99997e-05,0.01196,0.98802
NA20524	1|1	9.99974e-07,0.00199797,0.998001
NA20525	1|1	6.40003e-05,0.015872,0.984064
NA20527	1|1	9.99974e-07,0.00199797,0.998001
NA20528	1|1	0,0,1
NA20529	1|1	6.59997e-05,0.016868,0.983066
NA20530	1|1	0,0.011,0.989
NA20531	1|1	0,0,1
NA20534	1|1	0.000529,0.044942,0.954529
NA20535	1|1	0,0.011,0.989
NA20538	1|1	0,0,1
NA20539	1|1	0,0,1
NA20540	1|1	9.99986e-06,0.01098,0.98901
NA20541	1|1	1.99995e-06,0.00299596,0.997002
NA20542	1|1	9.00013e-06,0.00598204,0.994009
NA20543	1|1	9.99974e-07,0.00199797,0.998001
NA20544	1|1	3.9999e-06,0.00399195,0.996004
NA20581	1|1	2.5e-05,0.00994999,0.990025
NA20582	1|1	8.5e-05,0.02183,0.978085
NA20585	1|1	0.000219999,0.03056,0.96922
NA20586	1|1	0,0,1
NA20588	1|1	9.99974e-07,0.00199797,0.998001
NA20589	1|1	0,0.005,0.995
NA20752	1|1	0,0,1
NA20753	1|1	0,0.00800002,0.992
NA20754	1|1	0,0,1
NA20755	1|1	0,0,1
NA20756	1|1	9.99974e-07,0.00199797,0.998001
NA20757	1|1	0,0.00199997,0.998
NA20758	1|1	1.60001e-05,0.00796802,0.992016
NA20759	1|1	0.000225,0.02955,0.970225
NA20760	1|1	4.99993e-06,0.00598998,0.994005
NA20761	1|1	2.99998e-06,0.00399401,0.996003
NA20765	1|1	8.10001e-05,0.017838,0.982081
NA20766	1|1	0,0.00300002,0.997
NA20768	1|1	3.20001e-05,0.011936,0.988032
NA20769	1|1	0,0,1
NA20770	1|1	3.9999e-06,0.00399195,0.996004
NA20771	1|1	0.000144001,0.023712,0.976144
NA20772	1|1	2.39997e-05,0.013952,0.986024
NA20773	1|1	0,0.000999987,0.999
NA20774	1|1	0,0,1
NA20778	1|1	0,0,1
NA20783	1|1	0.000484001,0.043032,0.956484
NA20785	1|1	0,0,1
NA20786	1|1	0,0,1
NA20787	1|1	9.00013e-06,0.00598204,0.994009
NA20790	1|1	1.39999e-05,0.008972,0.991014
NA20792	1|1	9.99998e-05,0.0198,0.9801
NA20795	1|1	0,0.00300002,0.997
NA20796	1|1	9.99974e-07,0.00199797,0.998001
NA20797	1|1	5.99991e-06,0.00698797,0.993006
NA20798	1|1	0,0,1
NA20799	1|1	0,0.00199997,0.998
NA20800	1|1	0,0.00199997,0.998
NA20801	1|1	9.99974e-07,0.00199797,0.998001
NA20802	1|1	0.000136,0.024728,0.975136
NA20803	1|1	0,0,1
NA20804	1|1	0,0.011,0.989
NA20805	1|1	0,0,1
NA20806	1|1	0.000225,0.02955,0.970225
NA20807	1|1	0,0.00400001,0.996
NA20808	1|1	0,0.00300002,0.997
NA20809	1|1	9.99974e-07,0.00199797,0.998001
NA20810	1|1	0,0,1
NA20811	1|1	0,0,1
NA20812	1|1	9.99974e-07,0.00199797,0.998001
NA20813	1|1	1.20001e-05,0.00697603,0.993012
NA20815	1|1	0,0,1
NA20818	1|1	1.99995e-06,0.00299596,0.997002
NA20819	1|1	2e-05,0.00896,0.99102
NA20826	1|1	0,0,1
NA20828	1|1	0,0,1
