NA18498	1|1	2	0,0,1
NA18502	1|1	2	0,0,1
NA18505	1|1	2	0,0,1
NA18507	1|1	2	0,0,1
NA18508	0|0	0	1,0,0
NA18517	1|1	2	0,0,1
NA18519	1|1	2	0,0,1
NA18867	0|1	1	0,1,0
NA18870	1|1	2	0,0,1
NA18910	1|1	2	0,0,1
NA19092	1|1	2	0,0,1
NA19098	1|1	2	0,0,1
NA19099	1|0	1	0,1,0
NA19102	0|1	1	0,1,0
NA19108	1|0	1	0,1,0
NA19118	1|1	2	0,0,1
NA19119	0|0	0	1,0,0
NA19129	0|1	1	0,1,0
NA19130	1|1	2	0,0,1
NA19141	1|1	2	0,0,1
NA19146	1|1	2	0,0,1
NA19150	1|1	2	0,0,1
NA19152	1|1	2	0,0,1
NA19160	0|1	1	0,1,0
NA19171	1|1	2	0,0,1
NA19189	1|0	1	0,1,0
NA19204	1|1	2	0,0,1
NA19206	1|0	1	0,1,0
NA19207	0|1	1	0,1,0
NA19209	1|1	2	0,0,1
NA19213	1|1	2	0,0,1
NA19240	1|1	2	0,0,1
NA11829	1|1	2	0,0,1
NA11830	1|0	1	0,1,0
NA11831	1|1	2	0,0,1
NA11832	1|1	2	0,0,1
NA11840	1|1	2	0,0,1
NA11881	1|1	2	0,0,1
NA11994	1|1	2	0,0,1
NA11995	1|1	2	0,0,1
NA12004	1|0	1	0,1,0
NA12005	1|1	2	0,0,1
NA12043	0|1	1	0,1,0
NA12044	1|0	1	0,1,0
NA12144	0|0	0	1,0,0
NA12154	1|1	2	0,0,1
NA12155	0|1	1	0,1,0
NA12156	1|1	2	0,0,1
NA12234	1|1	2	0,0,1
NA12717	1|0	1	0,1,0
NA12750	1|1	2	0,0,1
NA12760	1|0	1	0,1,0
NA12761	1|0	1	0,1,0
NA12762	0|1	1	0,1,0
NA12763	1|1	2	0,0,1
NA12812	1|1	2	0,0,1
NA12813	1|1	2	0,0,1
NA12814	1|1	2	0,0,1
NA12815	0|0	0	1,0,0
NA12872	1|1	2	0,0,1
NA12873	0|1	1	0,1,0
NA12874	1|0	1	0,1,0
NA12878	0|1	1	0,1,0
NA18526	1|1	2	0,0,1
NA18537	1|1	2	0,0,1
NA18550	0|1	1	0,1,0
NA18555	1|1	2	0,0,1
NA18562	1|1	2	0,0,1
NA18563	1|0	1	0,1,0
NA18582	1|1	2	0,0,1
NA18603	1|1	2	0,0,1
NA18606	0|1	1	0,1,0
NA18621	0|1	1	0,1,0
NA18622	1|1	2	0,0,1
NA18628	1|1	2	0,0,1
NA18632	0|1	1	0,1,0
NA18636	1|1	2	0,0,1
NA18647	1|1	2	0,0,1
NA18942	1|0	1	0,1,0
NA18945	0|1	1	0,1,0
NA18947	1|0	1	0,1,0
NA18951	0|1	1	0,1,0
NA18952	0|1	1	0,1,0
NA18953	0|1	1	0,1,0
NA18956	1|0	1	0,1,0
NA18965	1|0	1	0,1,0
NA18970	1|0	1	0,1,0
NA18973	1|1	2	0,0,1
NA18977	1|1	2	0,0,1
NA18987	1|1	2	0,0,1
NA18990	1|0	1	0,1,0
NA18995	1|0	1	0,1,0
NA19003	1|1	2	0,0,1
NA19010	0|1	1	0,1,0
