NA18498	0|0	0.995,0.005,0
NA18500	0|1	0.00599998,0.994,0
NA18501	1|0	0.00197597,0.986048,0.011976
NA18502	0|1	0,1,0
NA18503	0|0	0.993,0.007,0
NA18504	0|0	0.999,0.001,0
NA18505	1|0	0.004985,0.99203,0.002985
NA18506	1|0	0,1,0
NA18507	1|1	0,0.000999987,0.999
NA18508	0|0	1,0,0
NA18515	1|1	0,0,1
NA18516	0|1	0.00199997,0.998,0
NA18517	0|1	0,0.998,0.002
NA18519	1|1	9.99974e-07,0.00199797,0.998001
NA18521	1|1	1.59998e-05,0.016968,0.983016
NA18522	1|0	0.00800002,0.992,0
NA18523	0|1	0,1,0
NA18852	1|1	0,0.00599998,0.994
NA18853	0|1	0,0.994,0.006
NA18854	0|1	0,1,0
NA18855	0|0	0.996003,0.003994,3e-06
NA18856	1|1	0,0.283,0.717
NA18857	1|0	0,1,0
NA18858	0|1	0,0.997,0.003
NA18859	0|1	0.00800002,0.992,0
NA18860	1|1	0,0,1
NA18861	1|0	0.00300002,0.997,0
NA18862	0|0	1,0,0
NA18863	0|0	1,0,0
NA18867	1|0	0.00400001,0.996,0
NA18870	1|0	0.00199797,0.997004,0.000998
NA18871	1|1	0,0.000999987,0.999
NA18872	1|1	0.000216,0.032568,0.967216
NA18910	0|1	0,0.889,0.111
NA18912	1|1	4.50003e-05,0.01791,0.982045
NA18913	0|1	0.187,0.813,0
NA18914	0|1	0,1,0
NA19027	0|0	0.974,0.026,0
NA19028	0|1	0,1,0
NA19031	1|1	0,0.000999987,0.999
NA19035	0|0	0.999,0.001,0
NA19036	1|0	0.00199997,0.998,0
NA19038	1|1	0,0.00300002,0.997
NA19041	1|0	0,1,0
NA19093	0|0	1,0,0
NA19094	0|1	0.00199997,0.998,0
NA19098	0|0	0.999,0.001,0
NA19099	0|0	1,0,0
NA19100	0|0	1,0,0
NA19101	1|1	0,0.000999987,0.999
NA19102	0|1	0.00699303,0.992014,0.000993
NA19108	1|0	0.00697903,0.990042,0.002979
NA19116	1|1	9.99986e-06,0.00697997,0.99301
NA19118	1|1	2.10002e-05,0.00995805,0.990021
NA19119	1|0	0,1,0
NA19120	0|1	0.000999987,0.999,0
NA19127	1|0	0,1,0
NA19128	0|1	0,1,0
NA19129	1|0	0,1,0
NA19130	0|0	0.995006,0.004988,6e-06
NA19131	1|1	0,0.00999999,0.99
NA19132	0|1	0,0.995,0.005
NA19137	0|0	0.998,0.002,0
NA19138	0|1	0,1,0
NA19139	0|1	0,1,0
NA19140	0|0	1,0,0
NA19141	1|0	0,0.998,0.002
NA19142	0|0	0.975,0.025,0
NA19143	0|1	0,0.986,0.014
NA19144	1|1	0,0.00400001,0.996
NA19145	1|1	0,0.009,0.991
NA19146	1|1	0,0.00599998,0.994
NA19150	1|1	0,0.000999987,0.999
NA19152	1|1	0,0,1
NA19153	1|1	0,0.000999987,0.999
NA19154	1|1	0,0,1
NA19159	0|0	1,0,0
NA19160	0|0	1,0,0
NA19161	0|0	0.998,0.002,0
NA19171	1|1	0,0,1
NA19172	1|0	0.00300002,0.997,0
NA19173	0|1	0.00300002,0.997,0
NA19189	1|0	0,0.987,0.013
NA19200	0|0	1,0,0
NA19201	0|1	0,1,0
NA19202	0|0	1,0,0
NA19203	0|1	0,1,0
NA19204	0|1	0,0.998,0.002
NA19205	0|1	0,0.998,0.002
NA19206	0|1	0,1,0
NA19207	0|1	0,0.999,0.001
NA19208	0|0	0.907,0.093,0
NA19209	0|1	0,0.996,0.004
NA19210	1|1	7.99991e-06,0.008984,0.991008
NA19211	1|0	0,1,0
NA19213	0|1	0.00999999,0.99,0
NA19221	1|0	0,1,0
NA19222	1|0	0,1,0
NA19223	1|0	0,0.998,0.002
NA19238	1|0	0,1,0
NA19239	1|0	0.00700003,0.993,0
NA19240	0|0	0.997,0.003,0
NA19307	1|0	0,1,0
NA19308	0|1	0,0.999,0.001
NA19309	1|0	0.000998987,0.998002,0.000999
NA19310	1|1	6.99994e-06,0.00798602,0.992007
NA19314	1|1	0,0.00700003,0.993
NA19316	0|1	0.00344001,0.85712,0.13944
NA19317	0|0	1,0,0
NA19318	1|1	0,0.015,0.985
NA19319	0|1	0.00398401,0.992032,0.003984
NA19321	0|0	1,0,0
NA19324	0|0	0.999,0.001,0
NA19328	1|0	0,1,0
NA19332	1|1	0,0.005,0.995
NA19334	0|1	0.005,0.995,0
NA19346	0|1	0.00999999,0.99,0
NA19347	1|0	0,0.987,0.013
NA19350	0|0	1,0,0
NA19360	1|0	0,1,0
NA19372	1|0	0.00699303,0.992014,0.000993
NA19374	0|0	1,0,0
NA19375	1|1	0,0.016,0.984
NA19376	0|1	0.000998987,0.998002,0.000999
NA19377	1|0	0.00399201,0.994016,0.001992
NA19379	1|1	3.9999e-06,0.00399195,0.996004
NA19380	1|1	0,0.00199997,0.998
NA19384	1|0	0,0.999,0.001
NA19385	1|0	0.00300002,0.997,0
NA19390	0|0	0.965,0.035,0
NA19391	1|1	2.80002e-05,0.010944,0.989028
NA19393	1|0	0.014,0.986,0
NA19394	0|1	0.00300002,0.997,0
NA19397	0|0	0.996,0.004,0
NA19399	0|0	0.514,0.486,0
NA19403	1|0	0,1,0
NA19404	1|0	0,0.997,0.003
NA19428	0|1	0.00998999,0.98902,0.00099
NA19429	0|1	0.00998999,0.98902,0.00099
NA19430	1|0	0.022885,0.97223,0.004885
NA19431	1|1	5.40004e-05,0.020892,0.979054
NA19434	1|0	0,1,0
NA19435	1|0	0,1,0
NA19436	0|0	0.995,0.005,0
NA19437	0|1	0,1,0
NA19438	1|1	0,0,1
NA19439	1|0	0.000949988,0.9491,0.04995
NA19440	0|1	0,0.98,0.02
NA19443	0|0	0.998,0.002,0
NA19445	1|0	0.00589798,0.977204,0.016898
NA19446	0|1	0.011976,0.986048,0.001976
NA19448	0|0	0.862,0.138,0
NA19449	1|0	0.00400001,0.996,0
NA19451	1|1	0,0,1
NA19452	1|1	0,0.00300002,0.997
NA19455	1|0	0,0.997,0.003
NA19456	0|0	0.999,0.001,0
NA19457	1|0	0,0.998,0.002
NA19462	1|1	0,0.00700003,0.993
NA19463	0|0	1,0,0
NA19466	1|1	0,0.000999987,0.999
NA19467	1|1	0,0,1
NA19468	0|1	0.00199997,0.998,0
NA19472	0|1	0.00199997,0.998,0
NA19473	1|0	0,1,0
NA19474	0|0	1,0,0
