NA18498	0|0	0.995,0.005,0
NA18500	0|1	0.00599998,0.994,0
NA18501	1|0	0.00197597,0.986048,0.011976
NA18502	0|1	0,1,0
NA18503	0|0	0.993,0.007,0
NA18504	0|0	0.999,0.001,0
NA18505	1|0	0.004985,0.99203,0.002985
NA18506	1|0	0,1,0
NA18507	1|1	0,0.000999987,0.999
NA18508	0|0	1,0,0
NA18515	1|1	0,0,1
NA18516	0|1	0.00199997,0.998,0
NA18517	0|1	0,0.998,0.002
NA18519	1|1	9.99974e-07,0.00199797,0.998001
NA18521	1|1	1.59998e-05,0.016968,0.983016
NA18522	1|0	0.00800002,0.992,0
NA18523	0|1	0,1,0
NA18852	1|1	0,0.00599998,0.994
NA18853	0|1	0,0.994,0.006
NA18854	0|1	0,1,0
NA18855	0|0	0.996003,0.003994,3e-06
NA18856	1|1	0,0.283,0.717
NA18857	1|0	0,1,0
NA18858	0|1	0,0.997,0.003
NA18859	0|1	0.00800002,0.992,0
NA18860	1|1	0,0,1
NA18861	1|0	0.00300002,0.997,0
NA18862	0|0	1,0,0
NA18863	0|0	1,0,0
NA18867	1|0	0.00400001,0.996,0
NA18870	1|0	0.00199797,0.997004,0.000998
NA18871	1|1	0,0.000999987,0.999
NA18872	1|1	0.000216,0.032568,0.967216
NA18910	0|1	0,0.889,0.111
NA18912	1|1	4.50003e-05,0.01791,0.982045
NA18913	0|1	0.187,0.813,0
NA18914	0|1	0,1,0
NA19027	0|0	0.974,0.026,0
NA19028	0|1	0,1,0
NA19031	1|1	0,0.000999987,0.999
NA19035	0|0	0.999,0.001,0
NA19036	1|0	0.00199997,0.998,0
NA19038	1|1	0,0.00300002,0.997
NA19041	1|0	0,1,0
NA19093	0|0	1,0,0
NA19094	0|1	0.00199997,0.998,0
NA19098	0|0	0.999,0.001,0
NA19099	0|0	1,0,0
NA19100	0|0	1,0,0
NA19101	1|1	0,0.000999987,0.999
NA19102	0|1	0.00699303,0.992014,0.000993
NA19108	1|0	0.00697903,0.990042,0.002979
NA19116	1|1	9.99986e-06,0.00697997,0.99301
NA19118	1|1	2.10002e-05,0.00995805,0.990021
NA19119	1|0	0,1,0
NA19120	0|1	0.000999987,0.999,0
NA19127	1|0	0,1,0
NA19128	0|1	0,1,0
NA19129	1|0	0,1,0
NA19130	0|0	0.995006,0.004988,6e-06
NA19131	1|1	0,0.00999999,0.99
NA19132	0|1	0,0.995,0.005
NA19137	0|0	0.998,0.002,0
NA19138	0|1	0,1,0
NA19139	0|1	0,1,0
NA19140	0|0	1,0,0
NA19141	1|0	0,0.998,0.002
NA19142	0|0	0.975,0.025,0
NA19143	0|1	0,0.986,0.014
NA19144	1|1	0,0.00400001,0.996
NA19145	1|1	0,0.009,0.991
NA19146	1|1	0,0.00599998,0.994
NA19150	1|1	0,0.000999987,0.999
NA19152	1|1	0,0,1
NA19153	1|1	0,0.000999987,0.999
NA19154	1|1	0,0,1
NA19159	0|0	1,0,0
NA19160	0|0	1,0,0
NA19161	0|0	0.998,0.002,0
NA19171	1|1	0,0,1
NA19172	1|0	0.00300002,0.997,0
NA19173	0|1	0.00300002,0.997,0
NA19189	1|0	0,0.987,0.013
NA19200	0|0	1,0,0
NA19201	0|1	0,1,0
NA19202	0|0	1,0,0
NA19203	0|1	0,1,0
NA19204	0|1	0,0.998,0.002
NA19205	0|1	0,0.998,0.002
NA19206	0|1	0,1,0
NA19207	0|1	0,0.999,0.001
NA19208	0|0	0.907,0.093,0
NA19209	0|1	0,0.996,0.004
NA19210	1|1	7.99991e-06,0.008984,0.991008
NA19211	1|0	0,1,0
NA19213	0|1	0.00999999,0.99,0
NA19221	1|0	0,1,0
NA19222	1|0	0,1,0
NA19223	1|0	0,0.998,0.002
NA19238	1|0	0,1,0
NA19239	1|0	0.00700003,0.993,0
NA19240	0|0	0.997,0.003,0
NA19307	1|0	0,1,0
NA19308	0|1	0,0.999,0.001
NA19309	1|0	0.000998987,0.998002,0.000999
NA19310	1|1	6.99994e-06,0.00798602,0.992007
NA19314	1|1	0,0.00700003,0.993
NA19316	0|1	0.00344001,0.85712,0.13944
NA19317	0|0	1,0,0
NA19318	1|1	0,0.015,0.985
NA19319	0|1	0.00398401,0.992032,0.003984
NA19321	0|0	1,0,0
NA19324	0|0	0.999,0.001,0
NA19328	1|0	0,1,0
NA19332	1|1	0,0.005,0.995
NA19334	0|1	0.005,0.995,0
NA19346	0|1	0.00999999,0.99,0
NA19347	1|0	0,0.987,0.013
NA19350	0|0	1,0,0
NA19360	1|0	0,1,0
NA19372	1|0	0.00699303,0.992014,0.000993
NA19374	0|0	1,0,0
NA19375	1|1	0,0.016,0.984
NA19376	0|1	0.000998987,0.998002,0.000999
NA19377	1|0	0.00399201,0.994016,0.001992
NA19379	1|1	3.9999e-06,0.00399195,0.996004
NA19380	1|1	0,0.00199997,0.998
NA19384	1|0	0,0.999,0.001
NA19385	1|0	0.00300002,0.997,0
NA19390	0|0	0.965,0.035,0
NA19391	1|1	2.80002e-05,0.010944,0.989028
NA19393	1|0	0.014,0.986,0
NA19394	0|1	0.00300002,0.997,0
NA19397	0|0	0.996,0.004,0
NA19399	0|0	0.514,0.486,0
NA19403	1|0	0,1,0
NA19404	1|0	0,0.997,0.003
NA19428	0|1	0.00998999,0.98902,0.00099
NA19429	0|1	0.00998999,0.98902,0.00099
NA19430	1|0	0.022885,0.97223,0.004885
NA19431	1|1	5.40004e-05,0.020892,0.979054
NA19434	1|0	0,1,0
NA19435	1|0	0,1,0
NA19436	0|0	0.995,0.005,0
NA19437	0|1	0,1,0
NA19438	1|1	0,0,1
NA19439	1|0	0.000949988,0.9491,0.04995
NA19440	0|1	0,0.98,0.02
NA19443	0|0	0.998,0.002,0
NA19445	1|0	0.00589798,0.977204,0.016898
NA19446	0|1	0.011976,0.986048,0.001976
NA19448	0|0	0.862,0.138,0
NA19449	1|0	0.00400001,0.996,0
NA19451	1|1	0,0,1
NA19452	1|1	0,0.00300002,0.997
NA19455	1|0	0,0.997,0.003
NA19456	0|0	0.999,0.001,0
NA19457	1|0	0,0.998,0.002
NA19462	1|1	0,0.00700003,0.993
NA19463	0|0	1,0,0
NA19466	1|1	0,0.000999987,0.999
NA19467	1|1	0,0,1
NA19468	0|1	0.00199997,0.998,0
NA19472	0|1	0.00199997,0.998,0
NA19473	1|0	0,1,0
NA19474	0|0	1,0,0
NA06985	0|0	1,0,0
NA06991	0|0	1,0,0
NA06993	0|0	1,0,0
NA06994	0|0	1,0,0
NA07000	0|0	1,0,0
NA07019	0|0	1,0,0
NA07022	0|0	1,0,0
NA07029	0|0	1,0,0
NA07034	0|0	1,0,0
NA07048	0|0	1,0,0
NA07055	0|0	1,0,0
NA07056	0|0	1,0,0
NA07345	0|0	1,0,0
NA07348	0|0	1,0,0
NA07357	0|0	1,0,0
NA10830	0|0	1,0,0
NA10831	0|0	1,0,0
NA10835	0|0	1,0,0
NA10838	0|0	1,0,0
NA10839	0|0	1,0,0
NA10846	0|0	1,0,0
NA10847	0|0	1,0,0
NA10851	0|0	1,0,0
NA10854	0|0	1,0,0
NA10855	0|0	1,0,0
NA10856	0|0	1,0,0
NA10857	0|0	1,0,0
NA10859	0|0	1,0,0
NA10860	0|0	1,0,0
NA10861	0|0	1,0,0
NA10863	0|0	1,0,0
NA11829	0|0	1,0,0
NA11830	0|0	1,0,0
NA11831	0|0	1,0,0
NA11832	0|0	1,0,0
NA11839	0|0	1,0,0
NA11840	0|0	1,0,0
NA11881	0|0	1,0,0
NA11882	0|0	1,0,0
NA11992	0|0	0.999,0.001,0
NA11993	0|1	0,1,0
NA11994	0|0	1,0,0
NA11995	0|0	1,0,0
NA12003	0|0	1,0,0
NA12004	0|0	1,0,0
NA12005	0|0	1,0,0
NA12006	0|0	1,0,0
NA12043	0|0	1,0,0
NA12044	0|0	1,0,0
NA12056	0|0	1,0,0
NA12057	0|0	1,0,0
NA12144	0|0	1,0,0
NA12145	0|0	1,0,0
NA12146	0|0	1,0,0
NA12154	0|0	1,0,0
NA12155	0|0	1,0,0
NA12156	0|0	1,0,0
NA12234	0|0	1,0,0
NA12239	0|0	1,0,0
NA12248	0|0	1,0,0
NA12249	0|0	1,0,0
NA12264	0|0	1,0,0
NA12707	0|0	1,0,0
NA12716	0|0	1,0,0
NA12717	0|0	1,0,0
NA12740	0|0	1,0,0
NA12750	0|0	1,0,0
NA12751	0|0	1,0,0
NA12752	0|0	1,0,0
NA12753	0|0	1,0,0
NA12760	0|0	1,0,0
NA12761	0|0	1,0,0
NA12762	0|0	1,0,0
NA12763	0|0	1,0,0
NA12801	0|0	1,0,0
NA12802	0|0	1,0,0
NA12812	0|0	1,0,0
NA12813	0|0	1,0,0
NA12814	0|0	1,0,0
NA12815	0|0	1,0,0
NA12864	0|0	1,0,0
NA12865	0|0	1,0,0
NA12872	0|0	1,0,0
NA12873	0|0	1,0,0
NA12874	0|0	1,0,0
NA12875	0|0	1,0,0
NA12878	0|0	1,0,0
NA12891	0|0	1,0,0
NA12892	0|0	1,0,0
NA20502	0|0	1,0,0
NA20504	1|0	0,1,0
NA20505	0|0	1,0,0
NA20506	0|0	1,0,0
NA20508	0|0	1,0,0
NA20509	0|0	1,0,0
NA20510	0|0	1,0,0
NA20512	0|0	1,0,0
NA20515	0|0	1,0,0
NA20516	0|0	1,0,0
NA20517	0|0	1,0,0
NA20518	0|0	1,0,0
NA20519	0|0	1,0,0
NA20520	0|0	1,0,0
NA20521	0|0	1,0,0
NA20522	0|0	1,0,0
NA20524	0|0	1,0,0
NA20525	0|0	1,0,0
NA20527	0|0	1,0,0
NA20528	0|1	0,1,0
NA20529	0|0	1,0,0
NA20530	0|0	1,0,0
NA20531	0|0	1,0,0
NA20534	0|0	1,0,0
NA20535	0|0	1,0,0
NA20538	0|0	1,0,0
NA20539	0|0	1,0,0
NA20540	0|0	1,0,0
NA20541	0|0	1,0,0
NA20542	0|0	1,0,0
NA20543	0|0	1,0,0
NA20544	0|0	1,0,0
NA20581	0|0	1,0,0
NA20582	0|0	1,0,0
NA20585	0|0	1,0,0
NA20586	0|0	1,0,0
NA20588	0|0	1,0,0
NA20589	0|1	0.000999987,0.999,0
NA20752	0|0	1,0,0
NA20753	0|0	1,0,0
NA20754	0|0	1,0,0
NA20755	0|0	1,0,0
NA20756	0|0	1,0,0
NA20757	0|0	1,0,0
NA20758	0|0	1,0,0
NA20759	0|0	1,0,0
NA20760	0|0	1,0,0
NA20761	0|0	1,0,0
NA20765	0|0	1,0,0
NA20766	0|0	1,0,0
NA20768	0|1	0.00199997,0.998,0
NA20769	0|1	0.00199997,0.998,0
NA20770	0|0	1,0,0
NA20771	0|0	1,0,0
NA20772	0|0	1,0,0
NA20773	0|0	1,0,0
NA20774	0|0	1,0,0
NA20775	0|0	1,0,0
NA20778	0|0	1,0,0
NA20783	0|0	1,0,0
NA20785	0|0	1,0,0
NA20786	0|0	1,0,0
NA20790	0|0	0.999,0.001,0
NA20792	0|0	1,0,0
NA20795	0|0	1,0,0
NA20796	0|0	1,0,0
NA20797	0|0	1,0,0
NA20798	0|0	1,0,0
NA20799	0|0	1,0,0
NA20800	0|0	1,0,0
NA20801	0|0	1,0,0
NA20802	0|0	1,0,0
NA20803	0|0	1,0,0
NA20804	0|0	1,0,0
NA20805	0|0	1,0,0
NA20806	0|0	1,0,0
NA20807	0|0	1,0,0
NA20808	0|0	1,0,0
NA20809	0|0	1,0,0
NA20810	0|0	1,0,0
NA20811	0|0	1,0,0
NA20812	0|1	0,0.999,0.001
NA20813	0|0	1,0,0
NA20815	0|0	1,0,0
NA20818	0|0	1,0,0
NA20819	0|0	1,0,0
NA20826	0|0	1,0,0
NA20828	0|0	1,0,0
NA18526	0|0	1,0,0
NA18532	0|0	1,0,0
NA18537	0|0	1,0,0
NA18542	0|0	1,0,0
NA18545	0|0	1,0,0
NA18547	0|0	1,0,0
NA18550	0|0	1,0,0
NA18552	0|0	1,0,0
NA18555	0|0	1,0,0
NA18558	0|0	1,0,0
NA18561	0|0	1,0,0
NA18562	0|0	1,0,0
NA18563	0|0	1,0,0
NA18564	0|0	1,0,0
NA18566	0|0	1,0,0
NA18570	0|0	1,0,0
NA18571	0|0	1,0,0
NA18572	0|0	1,0,0
NA18573	0|0	1,0,0
NA18577	0|0	1,0,0
NA18579	0|0	1,0,0
NA18582	0|0	1,0,0
NA18592	0|0	1,0,0
NA18593	0|0	1,0,0
NA18603	0|0	1,0,0
NA18605	0|0	1,0,0
NA18608	0|0	1,0,0
NA18609	0|0	1,0,0
NA18611	0|0	1,0,0
NA18612	0|0	1,0,0
NA18620	0|0	1,0,0
NA18621	0|0	1,0,0
NA18622	0|0	1,0,0
NA18623	0|0	1,0,0
NA18624	0|0	1,0,0
NA18632	0|0	1,0,0
NA18633	0|0	1,0,0
NA18635	0|0	1,0,0
NA18636	0|0	1,0,0
NA18637	0|0	1,0,0
NA18940	0|0	1,0,0
NA18942	0|0	1,0,0
NA18943	0|0	1,0,0
NA18944	0|0	1,0,0
NA18945	0|0	1,0,0
NA18947	0|0	1,0,0
NA18948	0|0	1,0,0
NA18949	0|0	1,0,0
NA18951	0|0	1,0,0
NA18952	0|0	1,0,0
NA18953	0|0	1,0,0
NA18956	0|0	1,0,0
NA18959	0|0	1,0,0
NA18960	0|0	1,0,0
NA18961	0|0	1,0,0
NA18964	0|0	1,0,0
NA18965	0|0	1,0,0
NA18966	0|0	1,0,0
NA18967	0|0	1,0,0
NA18968	0|0	1,0,0
NA18969	0|0	1,0,0
NA18970	0|0	1,0,0
NA18971	0|0	1,0,0
NA18972	0|0	1,0,0
NA18973	0|0	1,0,0
NA18974	0|0	1,0,0
NA18975	0|0	1,0,0
NA18976	0|0	1,0,0
NA18978	0|0	1,0,0
NA18980	0|0	1,0,0
NA18981	0|0	1,0,0
NA18987	0|0	1,0,0
NA18990	0|0	1,0,0
NA18991	0|0	1,0,0
NA18992	0|0	1,0,0
NA18994	0|0	1,0,0
NA18997	0|0	1,0,0
NA18998	0|0	1,0,0
NA18999	0|0	1,0,0
NA19000	0|0	1,0,0
NA19003	0|0	1,0,0
NA19005	0|0	1,0,0
NA19007	0|0	1,0,0
NA19012	0|0	1,0,0
