NA18526	1|0	1.16	0.03,0.79,0.19
NA18537	1|1	1.87	0,0.13,0.87
NA18550	0|0	0.35	0.68,0.29,0.03
NA18555	1|1	1.53	0.02,0.43,0.55
NA18562	1|1	1.8	0.01,0.18,0.81
NA18563	1|1	1.98	0,0.02,0.98
NA18582	1|1	1.74	0.01,0.24,0.75
NA18603	1|1	1.9	0,0.1,0.9
NA18606	0|1	1.3	0.02,0.66,0.32
NA18621	1|0	0.93	0.19,0.7,0.11
NA18622	1|1	1.89	0,0.11,0.89
NA18628	1|1	1.93	0,0.07,0.93
NA18632	1|1	1.95	0,0.05,0.95
NA18636	1|1	1.83	0.01,0.16,0.84
NA18647	1|1	1.86	0,0.14,0.86
NA18942	1|1	1.72	0.02,0.25,0.74
NA18945	1|1	1.52	0,0.48,0.52
NA18947	1|1	1.89	0,0.11,0.89
NA18951	1|1	1.6	0.04,0.32,0.64
NA18952	0|1	1.47	0,0.53,0.47
NA18953	1|1	1.45	0.03,0.49,0.48
NA18956	1|1	2	0,0,1
NA18965	1|1	1.87	0,0.12,0.88
NA18970	1|1	1.52	0.04,0.39,0.57
NA18973	1|0	0.97	0.27,0.5,0.23
NA18977	1|1	1.88	0,0.11,0.89
NA18987	0|1	1.07	0.06,0.8,0.13
NA18990	1|0	1.29	0.04,0.64,0.32
NA18995	1|1	1.85	0.01,0.14,0.86
NA19003	1|1	1.64	0.02,0.32,0.66
NA19010	1|1	1.88	0,0.12,0.88
