NA18526	0|0	0.01	0.99,0.01,0
NA18532	1|0	0.76	0.24,0.76,0
NA18537	1|1	1.94	0,0.06,0.94
NA18542	0|1	1	0,1,0
NA18545	1|1	2	0,0,1
NA18547	0|0	0	1,0,0
NA18550	0|1	1.42	0,0.58,0.42
NA18552	1|1	1.87	0,0.13,0.87
NA18555	0|0	0.51	0.53,0.43,0.04
NA18558	1|0	0.98	0.02,0.98,0
NA18561	1|0	0.68	0.32,0.68,0
NA18562	1|0	1	0,1,0
NA18563	1|1	1.98	0,0.02,0.98
NA18564	1|1	1.57	0,0.43,0.57
NA18566	0|0	0.3	0.7,0.3,0
NA18570	1|1	2	0,0,1
NA18571	1|0	1.17	0,0.83,0.17
NA18572	0|0	0	1,0,0
NA18573	0|0	0	1,0,0
NA18577	1|0	1	0,1,0
NA18579	0|1	1	0,1,0
NA18582	1|1	1.91	0,0.09,0.91
NA18592	0|1	0.58	0.42,0.58,0
NA18593	0|0	0	1,0,0
NA18603	0|1	0.75	0.25,0.75,0
NA18605	0|1	1	0,1,0
NA18608	1|1	2	0,0,1
NA18609	1|1	2	0,0,1
NA18611	1|0	1	0,1,0
NA18612	1|0	1	0,1,0
NA18620	1|1	2	0,0,1
NA18621	0|0	0	1,0,0
NA18622	0|0	0	1,0,0
NA18623	1|1	1.78	0,0.22,0.78
NA18624	0|0	0.02	0.98,0.02,0
NA18632	1|0	1.13	0,0.87,0.13
NA18633	0|0	0	1,0,0
NA18635	0|0	0.04	0.96,0.04,0
NA18636	1|0	1	0,1,0
NA18637	1|0	1	0,1,0
NA18940	0|1	1	0,1,0
NA18942	0|0	0	1,0,0
NA18943	1|1	1.96	0,0.04,0.96
NA18944	1|1	2	0,0,1
NA18945	1|1	2	0,0,1
NA18947	1|0	1	0,1,0
NA18948	1|1	2	0,0,1
NA18949	1|0	0.79	0.35,0.51,0.14
NA18951	0|1	1.05	0,0.95,0.05
NA18952	0|0	0	1,0,0
NA18953	1|1	2	0,0,1
NA18956	1|1	2	0,0,1
NA18959	1|0	1	0,1,0
NA18960	1|1	2	0,0,1
NA18961	1|0	1.17	0,0.83,0.17
NA18964	1|1	2	0,0,1
NA18965	1|1	1.94	0,0.06,0.94
NA18966	1|0	1	0.01,0.99,0
NA18967	0|0	0	1,0,0
NA18968	1|1	1.99	0,0.01,0.99
NA18969	1|0	1	0,1,0
NA18970	1|1	2	0,0,1
NA18971	1|1	1.96	0,0.04,0.96
NA18972	1|1	2	0,0,1
NA18973	0|1	1	0,1,0
NA18974	0|1	1	0,1,0
NA18975	1|0	1.08	0,0.92,0.08
NA18976	1|1	1.99	0,0.01,0.99
NA18978	0|1	0.95	0.05,0.95,0
NA18980	0|0	0	1,0,0
NA18981	1|0	1.01	0,0.99,0.01
NA18987	1|1	1.98	0,0.02,0.98
NA18990	1|1	2	0,0,1
NA18991	1|0	1	0,1,0
NA18992	0|1	1.37	0,0.63,0.37
NA18994	1|1	1.81	0,0.19,0.81
NA18995	0|1	1.03	0,0.97,0.03
NA18997	1|0	1	0,1,0
NA18998	1|0	1	0,1,0
NA18999	0|1	1	0,1,0
NA19000	0|1	1	0,1,0
NA19003	1|1	1.98	0,0.02,0.98
NA19005	1|1	2	0,0,1
NA19007	1|1	2	0,0,1
NA19012	1|0	0.87	0.13,0.87,0
