NA06985	1|1	1.58	0,0.42,0.58
NA06991	1|1	2	0,0,1
NA06993	0|1	1	0,1,0
NA06994	0|0	0	1,0,0
NA07000	0|0	0	1,0,0
NA07019	0|0	0	1,0,0
NA07022	0|0	0	1,0,0
NA07029	0|0	0	1,0,0
NA07034	1|0	0.97	0.03,0.97,0
NA07048	0|1	1	0,1,0
NA07055	0|1	1.33	0,0.67,0.33
NA07056	1|0	1	0,1,0
NA07345	0|1	1	0,1,0
NA07348	1|0	1	0,1,0
NA07357	1|1	2	0,0,1
NA10830	0|1	1	0,1,0
NA10831	0|1	1	0,1,0
NA10835	0|1	1	0,1,0
NA10838	1|1	2	0,0,1
NA10839	0|0	0	1,0,0
NA10846	1|0	1	0,1,0
NA10847	1|0	1	0,1,0
NA10851	1|0	1	0,1,0
NA10854	0|0	0	1,0,0
NA10855	1|0	1	0,1,0
NA10856	1|0	1	0,1,0
NA10857	1|1	2	0,0,1
NA10859	0|1	1	0,1,0
NA10860	1|1	2	0,0,1
NA10861	1|1	2	0,0,1
NA10863	0|0	0	1,0,0
NA11829	0|0	0.42	0.58,0.42,0
NA11830	1|1	2	0,0,1
NA11831	0|1	1	0,1,0
NA11832	1|0	1	0,1,0
NA11839	1|0	0.98	0.02,0.98,0
NA11840	0|0	0.02	0.98,0.02,0
NA11881	0|0	0	1,0,0
NA11882	1|0	1.18	0,0.82,0.18
NA11992	1|1	2	0,0,1
NA11993	0|1	1	0,1,0
NA11994	1|1	2	0,0,1
NA11995	1|0	1	0,1,0
NA12003	1|1	2	0,0,1
NA12004	1|0	1	0,1,0
NA12005	0|1	0.73	0.27,0.73,0
NA12006	0|0	0.49	0.51,0.49,0
NA12043	1|1	2	0,0,1
NA12044	1|1	2	0,0,1
NA12056	1|0	1	0,1,0
NA12057	0|1	1	0,1,0
NA12144	1|1	2	0,0,1
NA12145	0|1	1	0,1,0
NA12146	1|0	1	0,1,0
NA12154	1|0	0.89	0.11,0.89,0
NA12155	0|1	1	0,1,0
NA12156	0|0	0	1,0,0
NA12234	0|0	0	1,0,0
NA12236	1|0	1	0,1,0
NA12239	0|1	1	0,1,0
NA12248	1|1	2	0,0,1
NA12249	0|0	0.12	0.88,0.12,0
NA12264	0|0	0	1,0,0
NA12707	0|1	1	0,1,0
NA12716	0|0	0	1,0,0
NA12717	1|1	2	0,0,1
NA12740	0|0	0	1,0,0
NA12750	0|0	0	1,0,0
NA12751	0|1	1	0,1,0
NA12752	1|0	1	0,1,0
NA12753	0|1	0.84	0.17,0.83,0
NA12760	0|0	0	1,0,0
NA12761	1|1	1.52	0,0.48,0.52
NA12762	0|1	1.32	0,0.68,0.32
NA12763	0|0	0	1,0,0
NA12801	0|0	0	1,0,0
NA12802	0|1	1	0,1,0
NA12812	0|0	0	1,0,0
NA12813	1|0	1	0,1,0
NA12814	0|1	1	0,1,0
NA12815	1|1	2	0,0,1
NA12864	0|1	1	0,1,0
NA12865	0|1	1	0,1,0
NA12872	0|0	0	1,0,0
NA12873	1|1	1.96	0,0.04,0.96
NA12874	0|1	1	0,1,0
NA12875	0|0	0.31	0.69,0.31,0
NA12878	0|0	0	1,0,0
NA12891	1|0	1	0,1,0
NA12892	0|1	0.99	0.01,0.99,0
NA20502	0|1	0.64	0.36,0.64,0
NA20504	1|0	1.07	0,0.93,0.07
NA20505	1|0	1.44	0,0.56,0.44
NA20506	1|0	1	0,1,0
NA20508	1|0	1	0,1,0
NA20509	1|0	1	0,1,0
NA20510	1|1	2	0,0,1
NA20512	1|0	1	0,1,0
NA20515	0|1	1	0,1,0
NA20516	0|1	1.49	0,0.51,0.49
NA20517	1|0	1	0,1,0
NA20518	0|0	0.35	0.65,0.35,0
NA20519	0|0	0	1,0,0
NA20520	0|0	0.1	0.9,0.1,0
NA20521	1|0	1.03	0,0.97,0.03
NA20522	0|0	0	1,0,0
NA20524	1|1	2	0,0,1
NA20525	0|1	0.53	0.47,0.53,0
NA20527	0|0	0	1,0,0
NA20528	0|0	0	1,0,0
NA20529	0|0	0.25	0.75,0.25,0
NA20530	1|1	2	0,0,1
NA20531	1|0	1	0,1,0
NA20534	0|0	0.36	0.67,0.3,0.03
NA20535	1|1	2	0,0,1
NA20538	0|0	0	1,0,0
NA20539	1|1	2	0,0,1
NA20540	1|0	1	0,1,0
NA20541	1|0	1.01	0,0.99,0.01
NA20542	0|1	1	0,1,0
NA20543	0|0	0	1,0,0
NA20544	0|0	0	1,0,0
NA20581	1|0	0.99	0.01,0.99,0
NA20582	0|1	0.93	0.07,0.93,0
NA20585	0|0	0.28	0.72,0.28,0
NA20586	0|0	0	1,0,0
NA20588	0|1	1	0,1,0
NA20589	1|1	2	0,0,1
NA20752	1|0	1	0,1,0
NA20753	1|0	1	0,1,0
NA20754	1|1	2	0,0,1
NA20755	0|0	0.05	0.95,0.05,0
NA20756	1|1	1.93	0,0.07,0.93
NA20757	0|0	0	1,0,0
NA20758	1|0	1	0,1,0
NA20759	1|1	2	0,0,1
NA20760	1|0	1	0,1,0
NA20761	0|1	1	0,1,0
NA20765	0|0	0	1,0,0
NA20766	0|0	0	1,0,0
NA20768	1|0	1	0,1,0
NA20769	1|1	2	0,0,1
NA20770	1|1	2	0,0,1
NA20771	0|0	0	1,0,0
NA20772	1|1	2	0,0,1
NA20773	1|1	2	0,0,1
NA20774	1|0	1	0,1,0
NA20778	1|0	1	0,1,0
NA20783	1|1	1.86	0,0.14,0.86
NA20785	1|0	1	0,1,0
NA20786	0|0	0.07	0.93,0.07,0
NA20787	1|0	0.98	0.02,0.98,0
NA20790	0|0	0	1,0,0
NA20792	1|0	1	0,1,0
NA20795	1|0	1.27	0,0.73,0.27
NA20796	1|0	0.98	0.02,0.98,0
NA20797	1|0	1	0,1,0
NA20798	0|0	0.01	0.99,0.01,0
NA20799	0|0	0	1,0,0
NA20800	0|0	0	1,0,0
NA20801	0|0	0	1,0,0
NA20802	1|1	2	0,0,1
NA20803	0|1	1	0,1,0
NA20804	1|1	1.65	0,0.35,0.65
NA20805	1|0	1	0,1,0
NA20806	1|1	2	0,0,1
NA20807	0|1	1.01	0.18,0.63,0.19
NA20808	1|1	1.87	0,0.13,0.87
NA20809	1|0	1	0,1,0
NA20810	0|1	0.76	0.24,0.76,0
NA20811	0|1	1.01	0,0.99,0.01
NA20812	0|1	1.26	0,0.74,0.26
NA20813	0|1	0.72	0.28,0.72,0
NA20815	1|0	1.48	0,0.52,0.48
NA20818	1|0	1	0,1,0
NA20819	0|1	1	0,1,0
NA20826	0|1	1	0,1,0
NA20828	1|0	1	0,1,0
