NA18526	0|0	0	1,0,0
NA18532	1|1	2	0,0,1
NA18537	0|0	0	1,0,0
NA18547	0|0	0	1,0,0
NA18550	0|0	0	1,0,0
NA18555	1|0	1	0,1,0
NA18561	0|1	1	0,1,0
NA18562	1|0	1	0,1,0
NA18563	0|0	0	1,0,0
NA18566	0|0	0	1,0,0
NA18572	1|0	1	0,1,0
NA18577	1|0	1	0,1,0
NA18582	0|0	0	1,0,0
NA18603	0|0	0	1,0,0
NA18605	1|0	1	0,1,0
NA18606	0|0	0	1,0,0
NA18621	1|0	1	0,1,0
NA18622	0|1	1	0,1,0
NA18628	1|0	1	0,1,0
NA18632	0|1	1	0,1,0
NA18636	0|0	0	1,0,0
NA18647	0|1	1	0,1,0
NA18942	0|0	0	1,0,0
NA18943	0|0	0	1,0,0
NA18945	0|0	0	1,0,0
NA18947	0|0	0	1,0,0
NA18949	0|0	0	1,0,0
NA18951	0|1	1	0,1,0
NA18952	0|0	0	1,0,0
NA18953	1|0	1	0,1,0
NA18956	0|0	0	1,0,0
NA18964	0|0	0	1,0,0
NA18965	0|0	0	1,0,0
NA18970	0|1	1	0,1,0
NA18973	0|0	0	1,0,0
NA18974	0|0	0	1,0,0
NA18980	0|1	1	0,1,0
NA18987	0|1	1	0,1,0
NA18990	0|1	1	0,1,0
NA18994	0|0	0	1,0,0
NA18995	0|0	0	1,0,0
NA19000	0|0	0	1,0,0
NA19003	0|1	1	0,1,0
NA19010	0|0	0	1,0,0
