NA18498	1|1	3.9999e-06,0.00399195,0.996004
NA18500	1|1	0,0,1
NA18501	1|1	0,0,1
NA18502	1|1	0,0,1
NA18503	1|1	0,0,1
NA18504	0|0	1,0,0
NA18505	1|1	0,0.00199997,0.998
NA18506	1|1	0,0,1
NA18507	1|1	0,0,1
NA18508	1|1	0,0.00199997,0.998
NA18515	1|1	0,0,1
NA18516	0|0	1,0,0
NA18517	0|1	0,1,0
NA18519	0|0	1,0,0
NA18521	0|0	1,0,0
NA18522	1|1	0,0,1
NA18523	0|0	1,0,0
NA18852	1|0	0,1,0
NA18853	1|1	0,0,1
NA18854	1|1	0,0,1
NA18855	1|1	0,0.000999987,0.999
NA18856	1|1	0,0,1
NA18857	1|1	9.00013e-06,0.00598204,0.994009
NA18858	1|0	0,1,0
NA18859	1|1	0,0,1
NA18860	0|0	1,0,0
NA18861	1|0	0,1,0
NA18862	1|1	9.00013e-06,0.00598204,0.994009
NA18863	0|0	1,0,0
NA18867	1|1	2.99998e-06,0.00399401,0.996003
NA18870	1|1	0,0,1
NA18871	1|1	0,0,1
NA18872	1|1	0,0,1
NA18910	0|0	1,0,0
NA18912	1|0	0,1,0
NA18913	1|1	0,0,1
NA18914	1|1	0,0,1
NA19027	0|0	1,0,0
NA19028	1|1	0,0,1
NA19031	1|1	9.99974e-07,0.00199797,0.998001
NA19035	1|1	9.99974e-07,0.00199797,0.998001
NA19036	1|0	0,1,0
NA19038	0|1	0.024,0.976,0
NA19041	1|1	0,0,1
NA19092	1|1	0,0,1
NA19093	1|1	4.99993e-06,0.00598998,0.994005
NA19094	1|1	0,0,1
NA19098	1|1	1.60001e-05,0.00796802,0.992016
NA19099	0|1	0,1,0
NA19100	0|1	0.00599998,0.994,0
NA19101	0|0	1,0,0
NA19102	1|1	0,0,1
NA19103	1|1	0,0,1
NA19108	0|1	0.00599998,0.994,0
NA19116	1|0	0,1,0
NA19118	1|1	0,0.005,0.995
NA19119	1|1	0,0,1
NA19120	1|1	0,0,1
NA19127	0|1	0.00300002,0.997,0
NA19128	0|0	1,0,0
NA19129	0|0	1,0,0
NA19130	1|1	0,0,1
NA19131	1|0	0.000999987,0.999,0
NA19132	1|0	0,1,0
NA19137	0|0	1,0,0
NA19138	1|1	0,0,1
NA19139	0|0	1,0,0
NA19140	0|0	1,0,0
NA19141	1|1	0,0,1
NA19142	0|0	1,0,0
NA19143	0|1	0,1,0
NA19144	1|1	0,0,1
NA19145	0|0	1,0,0
NA19146	0|0	1,0,0
NA19150	1|1	0,0,1
NA19152	0|1	0,0.998,0.002
NA19153	1|1	9.99974e-07,0.00199797,0.998001
NA19154	1|1	0,0,1
NA19159	1|0	0.000999987,0.999,0
NA19160	0|0	1,0,0
NA19161	0|0	1,0,0
NA19171	1|1	1.60001e-05,0.00796802,0.992016
NA19172	1|0	0.00198797,0.992024,0.005988
NA19173	1|1	0,0,1
NA19189	0|0	1,0,0
NA19200	1|1	0,0,1
NA19201	1|0	0,1,0
NA19202	0|1	0,1,0
NA19203	1|1	0,0,1
NA19204	1|1	0,0,1
NA19205	1|1	0,0,1
NA19206	1|0	0,1,0
NA19207	0|0	1,0,0
NA19208	0|0	1,0,0
NA19209	1|1	0,0,1
NA19210	1|1	0,0,1
NA19211	1|1	0,0,1
NA19213	1|1	3.9999e-06,0.00399195,0.996004
NA19221	1|0	0,1,0
NA19222	1|1	0,0.00400001,0.996
NA19223	0|0	1,0,0
NA19238	1|0	0,1,0
NA19239	1|1	0,0,1
NA19240	1|1	0,0,1
NA19307	0|0	0.992016,0.007968,1.6e-05
NA19308	1|1	0,0,1
NA19309	1|1	0,0,1
NA19310	1|1	0,0,1
NA19314	1|1	0,0.000999987,0.999
NA19315	1|1	3.99996e-06,0.004992,0.995004
NA19316	1|0	0,1,0
NA19317	1|1	0.000399999,0.0392,0.9604
NA19319	1|1	3.9999e-06,0.00399195,0.996004
NA19321	0|0	0.995,0.005,0
NA19324	1|1	0,0.013,0.987
NA19327	1|0	0.182528,0.810944,0.006528
NA19328	1|1	0,0,1
NA19332	1|1	0,0,1
NA19334	1|1	0,0,1
NA19346	1|1	0.000441001,0.0411181,0.958441
NA19347	0|0	1,0,0
NA19350	1|1	0,0,1
NA19360	1|1	0,0,1
NA19372	1|1	9.99974e-07,0.00199797,0.998001
NA19374	1|1	0,0,1
NA19375	0|0	1,0,0
NA19376	1|1	2.5e-05,0.00994999,0.990025
NA19377	0|1	0,1,0
NA19379	1|1	0,0,1
NA19380	1|1	0,0,1
NA19384	0|0	1,0,0
NA19385	1|1	9.99974e-07,0.00199797,0.998001
NA19390	1|1	0,0,1
NA19391	1|0	0,1,0
NA19393	0|0	1,0,0
NA19394	0|0	1,0,0
NA19397	1|1	0,0,1
NA19399	0|0	1,0,0
NA19403	0|0	1,0,0
NA19404	1|1	0,0.00199997,0.998
NA19428	0|0	1,0,0
NA19429	0|0	1,0,0
NA19430	0|0	1,0,0
NA19431	1|1	0,0,1
NA19434	0|0	1,0,0
NA19435	0|1	0.00136198,0.680276,0.318362
NA19436	0|1	0,1,0
NA19437	1|0	0,1,0
NA19438	1|1	6.99999e-05,0.01886,0.98107
NA19439	1|1	0,0.00199997,0.998
NA19440	1|0	0.000999987,0.999,0
NA19443	0|0	1,0,0
NA19445	0|1	0,0.998,0.002
NA19446	1|1	0,0,1
NA19448	1|1	0,0,1
NA19449	0|1	0,1,0
NA19451	1|1	3.9999e-06,0.00399195,0.996004
NA19452	0|0	0.990025,0.00995,2.5e-05
NA19455	1|1	9.99974e-07,0.00199797,0.998001
NA19456	1|1	0,0,1
NA19457	0|1	0.00199997,0.998,0
NA19462	1|0	0,1,0
NA19463	1|0	0,1,0
NA19466	1|1	0.042436,0.327128,0.630436
NA19467	0|0	1,0,0
NA19468	1|1	0,0.005,0.995
NA19471	0|1	0,1,0
NA19472	1|0	0,1,0
NA19473	0|1	0.00387601,0.965248,0.030876
NA19474	1|1	4.4e-05,0.014912,0.985044
