NA18526	1|1	0.000272,0.032456,0.967272
NA18532	1|1	0,0.042,0.958
NA18537	1|1	0,0.00300002,0.997
NA18542	1|1	0,0.005,0.995
NA18545	1|1	0,0,1
NA18547	1|0	0.005,0.995,0
NA18550	0|1	0,0.631,0.369
NA18552	0|1	0.005,0.995,0
NA18555	1|1	0,0,1
NA18558	1|1	0,0,1
NA18561	1|1	0.002809,0.100382,0.896809
NA18562	1|1	0,0,1
NA18563	0|0	1,0,0
NA18564	1|1	1.09998e-05,0.011978,0.988011
NA18566	1|0	0.008964,0.987072,0.003964
NA18570	1|1	0,0.00999999,0.99
NA18571	1|1	0,0.000999987,0.999
NA18572	1|1	3.9999e-06,0.00399195,0.996004
NA18573	1|1	0,0.018,0.982
NA18577	1|1	0,0.000999987,0.999
NA18579	0|1	0.00300002,0.997,0
NA18582	0|0	0.999,0.001,0
NA18592	1|1	0,0.000999987,0.999
NA18593	1|1	0,0.019,0.981
NA18603	1|1	0.000784,0.054432,0.944784
NA18605	1|1	0,0,1
NA18608	1|1	0,0,1
NA18609	1|1	0,0,1
NA18611	1|1	0,0,1
NA18612	1|1	0,0,1
NA18620	0|0	0.994009,0.005982,9e-06
NA18621	1|1	0,0,1
NA18622	1|1	0,0,1
NA18623	1|1	0.127449,0.459102,0.413449
NA18624	1|1	0,0,1
NA18632	1|1	0,0,1
NA18633	0|0	1,0,0
NA18635	1|1	0,0,1
NA18636	1|1	0,0,1
NA18637	1|1	0,0,1
NA18940	0|0	1,0,0
NA18942	1|1	0,0,1
NA18943	0|0	0.783225,0.20355,0.013225
NA18944	1|1	0,0,1
NA18945	0|0	1,0,0
NA18947	1|0	0,1,0
NA18948	1|1	0,0,1
NA18949	0|0	0.976063,0.023874,6.3e-05
NA18951	1|1	0,0.000999987,0.999
NA18952	0|0	0.996004,0.003992,4e-06
NA18953	0|0	1,0,0
NA18956	1|1	0,0,1
NA18959	1|1	0,0,1
NA18960	0|0	1,0,0
NA18961	1|1	0.000169,0.025662,0.974169
NA18964	1|1	0.000224,0.029552,0.970224
NA18965	1|1	9.99974e-07,0.00199797,0.998001
NA18966	0|0	1,0,0
NA18967	1|1	0,0,1
NA18968	1|0	0,1,0
NA18969	1|1	0,0.011,0.989
NA18970	1|1	0,0,1
NA18971	1|1	0,0,1
NA18972	0|1	0,1,0
NA18973	1|1	0,0,1
NA18974	1|1	0,0,1
NA18975	1|0	0,1,0
NA18976	0|1	0.00599998,0.994,0
NA18978	1|0	0,0.998,0.002
NA18980	1|1	0,0,1
NA18981	0|1	0,1,0
NA18987	1|1	0.002331,0.263338,0.734331
NA18990	1|1	0.000324,0.035352,0.964324
NA18991	0|1	0.017892,0.976216,0.005892
NA18992	1|1	0.00076399,0.382472,0.616764
NA18994	0|0	1,0,0
NA18995	1|1	0,0,1
NA18997	0|1	0,1,0
NA18998	1|1	0,0,1
NA18999	1|1	0,0.00400001,0.996
NA19000	1|1	0,0,1
NA19003	1|0	0,1,0
NA19005	1|1	0,0,1
NA19007	1|1	0.038025,0.31395,0.648025
NA19012	1|1	0,0,1
