NA18498	0	0	1,0
NA18502	0|1	1	0,1,0
NA18505	1|0	1	0,1,0
NA18507	0	0	1,0
NA18508	0|0	0.49	0.51,0.49,0
NA18517	0|0	0	1,0,0
NA18519	1	1	0,1
NA18867	0|0	0	1,0,0
NA18870	1|0	1	0,1,0
NA18910	0	0	1,0
NA19092	0	0	1,0
NA19098	0	0	1,0
NA19099	0|0	0.02	0.98,0.02,0
NA19102	0|1	1	0,1,0
NA19108	0|0	0	1,0,0
NA19118	0|1	1	0,1,0
NA19119	0	0	1,0
NA19129	0|1	1	0,1,0
NA19130	1	1	0,1
NA19141	1	1	0,1
NA19146	0	0	1,0
NA19150	0	0	1,0
NA19152	1|1	2	0,0,1
NA19160	0	0	1,0
NA19171	0	0	1,0
NA19189	1	1	0,1
NA19204	1|0	1	0,1,0
NA19206	1|1	1.99	0,0.01,0.99
NA19207	0	0	1,0
NA19209	0|0	0	1,0,0
NA19213	1	1	0,1
NA19240	0|1	1.02	0,0.98,0.02
