NA18498	1|0	0,0.979,0.021
NA18502	1|1	5.19994e-05,0.027896,0.972052
NA18505	1|1	0,0.141,0.859
NA18507	1|1	1.19998e-05,0.00797596,0.992012
NA18508	1|0	0.064,0.936,0
NA18517	1|1	0,0,1
NA18519	1|1	0,0.151,0.849
NA18867	1|1	0,0,1
NA18870	1|1	0,0.092,0.908
NA18910	0|1	0,0.999,0.001
NA19092	1|1	0.000168,0.045664,0.954168
NA19098	0|1	0,0.986,0.014
NA19099	0|0	0.956043,0.043914,4.3e-05
NA19102	1|1	0,0.015,0.985
NA19108	1|1	0.089032,0.428936,0.482032
NA19118	0|1	0,1,0
NA19119	0|0	0.797,0.203,0
NA19129	0|1	0.005,0.995,0
NA19130	0|1	0.036,0.964,0
NA19141	1|1	0.002961,0.332078,0.664961
NA19146	0|1	0,1,0
NA19150	1|1	0,0.298,0.702
NA19152	1|1	0,0.000999987,0.999
NA19160	0|1	0,1,0
NA19171	1|0	0.00599998,0.994,0
NA19189	0|1	0.00300002,0.997,0
NA19204	0|0	0.894,0.106,0
NA19206	1|1	0,0.00199997,0.998
NA19207	1|0	0.000525993,0.525948,0.473526
NA19209	1|0	0.00199997,0.998,0
NA19213	0|1	0.028,0.972,0
NA19240	1|0	0.00300002,0.997,0
NA11829	1|0	0.357,0.643,0
NA11830	1|0	0,1,0
NA11831	0|1	0.000711991,0.711576,0.287712
NA11832	0|0	0.999,0.001,0
NA11840	1|1	0,0,1
NA11881	1|1	0,0.005,0.995
NA11994	0|0	1,0,0
NA11995	1|1	0,0,1
NA12004	0|1	0.00699303,0.992014,0.000993
NA12005	0|0	1,0,0
NA12043	0|1	0.00192798,0.962144,0.035928
NA12044	0|0	1,0,0
NA12144	0|0	0.999,0.001,0
NA12154	0|0	0.945,0.055,0
NA12155	1|0	0.00700003,0.993,0
NA12156	1|0	0,1,0
NA12234	1|0	0.117,0.883,0
NA12717	0|0	1,0,0
NA12750	0|1	0.031968,0.967064,0.000968
NA12760	0|0	0.98,0.02,0
NA12762	0|0	0.999,0.001,0
NA12763	1|1	0.003584,0.262832,0.733584
NA12812	0|0	0.833,0.167,0
NA12813	0|0	0.997,0.003,0
NA12814	0|0	0.999,0.001,0
NA12815	1|0	0.000968988,0.968062,0.030969
NA12872	0|0	1,0,0
NA12873	1|0	0,1,0
NA12874	0|0	0.987,0.013,0
NA12878	0|0	0.999,0.001,0
NA18526	1|0	0.010648,0.957704,0.031648
NA18537	1|1	0,0.000999987,0.999
NA18550	0|0	1,0,0
NA18555	1|1	0.009756,0.287488,0.702756
NA18562	1|0	0.00618803,0.878624,0.115188
NA18563	1|1	3.60001e-05,0.012928,0.987036
NA18582	1|0	0.011628,0.957744,0.030628
NA18603	1|1	5.99996e-06,0.004988,0.995006
NA18606	1|1	0.001625,0.08675,0.911625
NA18621	1|0	0.055845,0.72631,0.217845
NA18622	1|1	9.20002e-05,0.026816,0.973092
NA18628	1|0	0.00729298,0.659414,0.333293
NA18632	1|1	0,0.479,0.521
NA18636	0|1	0,0.998,0.002
NA18647	1|1	0,0.025,0.975
NA18942	1|1	0.000257999,0.048484,0.951258
NA18945	1|0	0.000999987,0.999,0
NA18947	1|1	0,0.005,0.995
NA18951	1|1	0,0.00400001,0.996
NA18952	1|1	0,0.323,0.677
NA18953	1|0	0,0.941,0.059
NA18956	1|1	9.99986e-06,0.00697997,0.99301
NA18965	1|1	5.20002e-05,0.016896,0.983052
NA18970	1|1	0.000479999,0.04304,0.95648
NA18973	1|1	0,0.02,0.98
NA18977	1|1	0,0.481,0.519
NA18987	0|1	0.01998,0.97904,0.00098
NA18990	1|0	0,0.984,0.016
NA18995	1|1	0,0.00199997,0.998
NA19003	1|1	0,0,1
NA19010	1|1	0,0,1
