NA18498	0|0	0.03	0.97,0.03,0
NA18502	0|0	0.01	0.99,0.01,0
NA18505	0|0	0.12	0.88,0.12,0
NA18507	1|1	1.99	0,0.01,0.99
NA18508	0|1	1	0,1,0
NA18517	0|1	1	0,1,0
NA18519	1|0	0.58	0.42,0.58,0
NA18867	0|0	0	1,0,0
NA18870	1|1	2	0,0,1
NA19092	0|0	0	1,0,0
NA19098	0|1	0.83	0.17,0.82,0.01
NA19099	0|0	0	1,0,0
NA19102	0|0	0	1,0,0
NA19108	0|0	0	1,0,0
NA19118	0|0	0	1,0,0
NA19119	0|0	0	1,0,0
NA19129	0|1	1	0,1,0
NA19130	0|0	0.37	0.63,0.37,0
NA19146	1|0	0.97	0.03,0.97,0
NA19152	1|0	1	0,1,0
NA19160	0|0	0	1,0,0
NA19171	1|0	1	0,1,0
NA19204	0|0	0	1,0,0
NA19207	1|0	1	0,1,0
NA19209	1|0	0.99	0.01,0.99,0
NA19213	0|0	0	1,0,0
NA19240	0|1	1	0,1,0
NA11829	0|0	0	1,0,0
NA11831	0|1	0.85	0.15,0.85,0
NA11832	0|1	0.9	0.1,0.9,0
NA11840	1|0	1.47	0,0.53,0.47
NA11881	0|1	1	0,1,0
NA11994	0|0	0.32	0.68,0.32,0
NA11995	1|1	2	0,0,1
NA12004	0|1	0.63	0.42,0.53,0.05
NA12005	0|1	0.81	0.19,0.81,0
NA12043	1|1	1.91	0,0.09,0.91
NA12044	1|1	1.7	0,0.3,0.7
NA12144	0|0	0	1,0,0
NA12154	0|1	0.98	0.02,0.98,0
NA12155	1|1	2	0,0,1
NA12156	1|0	1	0,1,0
NA12234	0|1	1.04	0,0.96,0.04
NA12717	0|1	1.14	0.05,0.76,0.19
NA12750	1|1	1.95	0,0.05,0.95
NA12760	0|0	0.38	0.65,0.32,0.03
NA12761	0|0	0.36	0.64,0.36,0
NA12762	1|0	1	0,1,0
NA12763	0|0	0	1,0,0
NA12812	1|1	2	0,0,1
NA12813	1|0	0.95	0.05,0.95,0
NA12814	0|0	0	1,0,0
NA12815	1|1	1.97	0,0.03,0.97
NA12872	0|1	1	0,1,0
NA12873	0|0	0.48	0.55,0.41,0.03
NA12874	0|1	0.99	0.01,0.99,0
NA12878	0|0	0.02	0.98,0.02,0
NA18526	0|0	0	1,0,0
NA18537	0|0	0	1,0,0
NA18550	0|0	0.11	0.89,0.11,0
NA18555	0|0	0	1,0,0
NA18562	0|0	0	1,0,0
NA18563	0|0	0	1,0,0
NA18582	0|0	0	1,0,0
NA18603	0|0	0	1,0,0
NA18606	0|0	0.03	0.97,0.03,0
NA18621	0|0	0	1,0,0
NA18622	0|0	0	1,0,0
NA18628	0|0	0	1,0,0
NA18632	0|0	0.35	0.65,0.35,0
NA18636	0|0	0.02	0.98,0.02,0
NA18647	0|0	0	1,0,0
NA18942	1|0	1	0,1,0
NA18945	0|0	0	1,0,0
NA18947	0|0	0.02	0.98,0.02,0
NA18951	0|0	0	1,0,0
NA18952	0|0	0.01	0.99,0.01,0
NA18953	0|0	0.53	0.54,0.39,0.07
NA18965	0|0	0	1,0,0
NA18970	0|1	1	0,1,0
NA18973	0|0	0.07	0.93,0.07,0
NA18977	0|0	0.23	0.77,0.23,0
NA18987	0|0	0	1,0,0
NA18990	0|0	0	1,0,0
NA18995	1|0	1	0,1,0
NA19003	0|0	0	1,0,0
