NA11829	0|0	0	1,0,0
NA11831	0|1	0.85	0.15,0.85,0
NA11832	0|1	0.9	0.1,0.9,0
NA11840	1|0	1.47	0,0.53,0.47
NA11881	0|1	1	0,1,0
NA11994	0|0	0.32	0.68,0.32,0
NA11995	1|1	2	0,0,1
NA12004	0|1	0.63	0.42,0.53,0.05
NA12005	0|1	0.81	0.19,0.81,0
NA12043	1|1	1.91	0,0.09,0.91
NA12044	1|1	1.7	0,0.3,0.7
NA12144	0|0	0	1,0,0
NA12154	0|1	0.98	0.02,0.98,0
NA12155	1|1	2	0,0,1
NA12156	1|0	1	0,1,0
NA12234	0|1	1.04	0,0.96,0.04
NA12717	0|1	1.14	0.05,0.76,0.19
NA12750	1|1	1.95	0,0.05,0.95
NA12760	0|0	0.38	0.65,0.32,0.03
NA12761	0|0	0.36	0.64,0.36,0
NA12762	1|0	1	0,1,0
NA12763	0|0	0	1,0,0
NA12812	1|1	2	0,0,1
NA12813	1|0	0.95	0.05,0.95,0
NA12814	0|0	0	1,0,0
NA12815	1|1	1.97	0,0.03,0.97
NA12872	0|1	1	0,1,0
NA12873	0|0	0.48	0.55,0.41,0.03
NA12874	0|1	0.99	0.01,0.99,0
NA12878	0|0	0.02	0.98,0.02,0
