NA18498	0|0	0.997002,0.002996,2e-06
NA18502	0|0	0.999,0.001,0
NA18505	0|0	0.564,0.436,0
NA18507	1|1	0,0,1
NA18508	0|1	0,1,0
NA18517	0|1	0,1,0
NA18519	0|0	0.986,0.014,0
NA18867	0|0	1,0,0
NA18870	1|1	0,0.000999987,0.999
NA19092	0|0	1,0,0
NA19098	0|0	0.999,0.001,0
NA19099	0|0	1,0,0
NA19102	0|0	1,0,0
NA19108	0|0	1,0,0
NA19118	0|0	1,0,0
NA19119	0|0	1,0,0
NA19129	0|1	0.000999987,0.999,0
NA19130	0|0	1,0,0
NA19146	1|0	0.012,0.988,0
NA19152	1|0	0,1,0
NA19160	0|0	0.997,0.003,0
NA19171	1|0	0,0.999,0.001
NA19204	0|0	1,0,0
NA19207	1|0	0,1,0
NA19209	0|0	0.906093,0.093814,9.3e-05
NA19213	0|0	0.992007,0.007986,7e-06
NA19240	0|1	0,1,0
NA11829	0|0	1,0,0
NA11831	0|1	0.00400001,0.996,0
NA11832	1|1	0,0.00599998,0.994
NA11840	1|1	0,0.00300002,0.997
NA11881	0|1	0.000999987,0.999,0
NA11994	0|1	0.019,0.981,0
NA11995	1|1	0,0,1
NA12004	1|1	0.015093,0.215814,0.769093
NA12005	1|1	0,0.263,0.737
NA12043	1|1	0,0.00599998,0.994
NA12044	1|0	0.017,0.983,0
NA12144	0|0	1,0,0
NA12154	0|1	0.00299402,0.995012,0.001994
NA12155	1|1	0,0.00599998,0.994
NA12156	1|0	0.00199997,0.998,0
NA12234	1|1	0,0.026,0.974
NA12717	1|1	0,0.169,0.831
NA12750	1|1	0.000123998,0.063752,0.936124
NA12760	0|0	0.991,0.009,0
NA12761	0|0	1,0,0
NA12762	1|0	0.009,0.991,0
NA12763	0|0	1,0,0
NA12812	1|1	0,0.00599998,0.994
NA12813	1|0	0.48,0.52,0
NA12814	0|0	0.996003,0.003994,3e-06
NA12815	1|1	0,0.064,0.936
NA12872	0|1	0,1,0
NA12873	0|0	0.999,0.001,0
NA12874	0|1	0,1,0
NA12878	0|0	0.954,0.046,0
NA18526	0|0	0.999,0.001,0
NA18537	0|0	1,0,0
NA18550	0|0	1,0,0
NA18555	1|0	0.239,0.761,0
NA18562	0|0	1,0,0
NA18563	0|0	1,0,0
NA18582	0|0	1,0,0
NA18603	0|0	1,0,0
NA18606	0|0	0.98,0.02,0
NA18621	0|0	1,0,0
NA18622	0|0	1,0,0
NA18628	0|0	1,0,0
NA18632	0|0	1,0,0
NA18636	0|0	1,0,0
NA18647	0|0	1,0,0
NA18942	1|0	0,0.999,0.001
NA18945	0|0	1,0,0
NA18947	0|0	0.563439,0.393122,0.043439
NA18951	0|0	1,0,0
NA18952	0|0	0.743,0.257,0
NA18953	0|0	1,0,0
NA18965	0|0	0.999,0.001,0
NA18970	0|1	0,1,0
NA18973	0|0	1,0,0
NA18977	0|0	1,0,0
NA18987	0|0	1,0,0
NA18990	0|0	1,0,0
NA18995	1|0	0,1,0
NA19003	0|0	1,0,0
