NA18498	0|0	0	1,0,0
NA18500	0|1	1	0,1,0
NA18501	1|0	1.01	0,0.99,0.01
NA18502	0|0	0	1,0,0
NA18503	1|0	1.04	0,0.96,0.04
NA18504	1|1	2	0,0,1
NA18505	0|0	0	1,0,0
NA18506	0|1	1	0,1,0
NA18507	0|1	1	0,1,0
NA18508	0|0	0	1,0,0
NA18515	0|1	1	0,1,0
NA18516	1|1	1.68	0,0.32,0.68
NA18517	0|0	0	1,0,0
NA18519	0|0	0	1,0,0
NA18521	0|0	0	1,0,0
NA18522	0|0	0	1,0,0
NA18523	0|0	0	1,0,0
NA18852	0|0	0	1,0,0
NA18853	0|0	0	1,0,0
NA18854	0|0	0	1,0,0
NA18855	0|1	1	0,1,0
NA18856	0|0	0	1,0,0
NA18857	0|0	0	1,0,0
NA18858	0|0	0	1,0,0
NA18859	0|0	0	1,0,0
NA18860	0|1	1	0,1,0
NA18861	1|0	1	0,1,0
NA18862	0|0	0	1,0,0
NA18863	0|0	0	1,0,0
NA18867	0|0	0	1,0,0
NA18870	0|0	0	1,0,0
NA18871	0|0	0	1,0,0
NA18872	0|0	0	1,0,0
NA18910	0|1	0.91	0.09,0.91,0
NA18912	0|0	0	1,0,0
NA18913	1|0	1	0,1,0
NA18914	1|0	1	0,1,0
NA19027	0|0	0	1,0,0
NA19028	1|1	1.69	0,0.31,0.69
NA19031	0|1	1	0,1,0
NA19035	0|0	0	1,0,0
NA19036	0|0	0	1,0,0
NA19038	0|1	1	0,1,0
NA19041	1|0	1	0,1,0
NA19092	0|0	0	1,0,0
NA19093	0|1	0.87	0.13,0.87,0
NA19094	0|0	0	1,0,0
NA19098	0|0	0	1,0,0
NA19099	0|0	0	1,0,0
NA19100	0|0	0	1,0,0
NA19101	0|0	0	1,0,0
NA19102	0|0	0.05	0.95,0.05,0
NA19103	0|0	0	1,0,0
NA19108	0|0	0	1,0,0
NA19116	0|0	0	1,0,0
NA19118	0|1	1	0,1,0
NA19119	0|0	0	1,0,0
NA19120	0|0	0	1,0,0
NA19127	0|0	0	1,0,0
NA19128	0|1	1.18	0,0.82,0.18
NA19129	1|0	1	0,1,0
NA19130	0|1	1	0,1,0
NA19131	1|1	2	0,0,1
NA19132	1|1	2	0,0,1
NA19137	0|1	1	0,1,0
NA19138	0|0	0.01	0.99,0.01,0
NA19139	0|1	1	0,1,0
NA19140	0|1	1	0,1,0
NA19141	1|0	1	0,1,0
NA19142	0|0	0	1,0,0
NA19143	1|0	1	0,1,0
NA19144	1|0	1	0,1,0
NA19145	0|1	1	0,1,0
NA19146	0|0	0.15	0.85,0.15,0
NA19150	0|0	0	1,0,0
NA19152	0|0	0	1,0,0
NA19153	1|1	1.83	0,0.17,0.83
NA19154	1|0	1	0,1,0
NA19159	0|0	0	1,0,0
NA19160	0|0	0	1,0,0
NA19161	0|0	0	1,0,0
NA19171	0|0	0	1,0,0
NA19172	0|0	0	1,0,0
NA19173	0|0	0	1,0,0
NA19189	1|0	1	0,1,0
NA19200	0|0	0	1,0,0
NA19201	0|0	0	1,0,0
NA19202	0|0	0	1,0,0
NA19203	0|0	0	1,0,0
NA19204	0|1	1	0,1,0
NA19205	0|0	0	1,0,0
NA19206	0|0	0	1,0,0
NA19207	0|0	0	1,0,0
NA19208	0|0	0	1,0,0
NA19209	0|0	0	1,0,0
NA19210	0|0	0	1,0,0
NA19211	0|0	0	1,0,0
NA19213	1|0	1.01	0,0.99,0.01
NA19221	0|0	0	1,0,0
NA19222	0|0	0	1,0,0
NA19223	0|0	0	1,0,0
NA19238	0|1	1	0,1,0
NA19239	1|1	2	0,0,1
NA19240	1|1	2	0,0,1
NA19307	0|1	1	0,1,0
NA19308	1|1	1.99	0,0.01,0.99
NA19309	1|1	2	0,0,1
NA19310	1|1	1.97	0,0.03,0.97
NA19314	0|0	0	1,0,0
NA19315	1|1	2	0,0,1
NA19316	0|0	0	1,0,0
NA19317	1|0	1	0,1,0
NA19319	0|1	0.97	0.03,0.97,0
NA19321	0|1	1	0,1,0
NA19324	0|0	0	1,0,0
NA19327	0|1	0.98	0.02,0.98,0
NA19328	0|0	0	1,0,0
NA19332	0|0	0	1,0,0
NA19334	0|0	0	1,0,0
NA19346	1|1	2	0,0,1
NA19347	1|1	2	0,0,1
NA19350	0|0	0	1,0,0
NA19360	1|0	1	0,1,0
NA19372	0|1	1	0,1,0
NA19374	1|0	1	0,1,0
NA19375	1|1	2	0,0,1
NA19376	1|1	2	0,0,1
NA19377	0|1	1.1	0,0.9,0.1
NA19379	0|0	0.01	0.99,0.01,0
NA19380	0|1	1	0,1,0
NA19384	0|0	0.01	0.99,0.01,0
NA19385	1|1	2	0,0,1
NA19390	0|0	0	1,0,0
NA19391	0|0	0	1,0,0
NA19393	1|0	1	0,1,0
NA19394	1|0	1.01	0,0.99,0.01
NA19397	0|0	0	1,0,0
NA19399	1|0	1	0,1,0
NA19403	0|0	0	1,0,0
NA19404	0|0	0.15	0.85,0.15,0
NA19428	0|1	1	0,1,0
NA19429	0|1	1	0,1,0
NA19430	1|1	2	0,0,1
NA19431	0|0	0	1,0,0
NA19434	0|0	0	1,0,0
NA19435	0|1	1	0,1,0
NA19436	0|0	0	1,0,0
NA19437	0|0	0	1,0,0
NA19438	0|1	1	0,1,0
NA19439	0|0	0	1,0,0
NA19440	1|0	1	0,1,0
NA19443	1|1	2	0,0,1
NA19445	0|1	1	0,1,0
NA19446	1|0	1	0,1,0
NA19448	1|0	1	0,1,0
NA19449	0|0	0	1,0,0
NA19451	1|1	2	0,0,1
NA19452	1|0	1	0,1,0
NA19455	0|1	1	0,1,0
NA19456	1|1	2	0,0,1
NA19457	0|0	0	1,0,0
NA19462	0|1	1	0,1,0
NA19463	1|1	2	0,0,1
NA19466	0|0	0	1,0,0
NA19467	0|0	0	1,0,0
NA19468	0|0	0	1,0,0
NA19471	0|0	0	1,0,0
NA19472	1|1	2	0,0,1
NA19473	1|0	1	0,1,0
NA19474	0|0	0	1,0,0
NA06985	1|1	2	0,0,1
NA06991	1|1	2	0,0,1
NA06993	1|0	1	0,1,0
NA06994	0|0	0	1,0,0
NA07000	0|0	0	1,0,0
NA07019	0|0	0	1,0,0
NA07022	0|0	0	1,0,0
NA07029	0|0	0	1,0,0
NA07034	0|1	1.49	0,0.51,0.49
NA07048	0|1	1.32	0,0.68,0.32
NA07055	0|1	1	0,1,0
NA07056	0|1	1	0,1,0
NA07345	1|0	1	0,1,0
NA07348	0|1	1	0,1,0
NA07357	1|1	2	0,0,1
NA10830	1|0	1	0,1,0
NA10831	0|1	1	0,1,0
NA10835	1|0	1	0,1,0
NA10838	1|1	2	0,0,1
NA10839	0|0	0	1,0,0
NA10846	0|0	0.01	0.99,0.01,0
NA10847	1|0	1	0,1,0
NA10851	0|1	1	0,1,0
NA10854	0|0	0	1,0,0
NA10855	0|1	1	0,1,0
NA10856	0|1	1	0,1,0
NA10857	1|1	1.87	0,0.13,0.87
NA10859	1|0	1	0,1,0
NA10860	1|1	2	0,0,1
NA10861	1|1	2	0,0,1
NA10863	0|0	0	1,0,0
NA11829	0|0	0.31	0.69,0.31,0
NA11830	1|1	2	0,0,1
NA11831	1|0	1	0,1,0
NA11832	1|0	1	0,1,0
NA11839	0|0	0.07	0.93,0.07,0
NA11840	0|0	0	1,0,0
NA11881	0|0	0	1,0,0
NA11882	0|1	1	0,1,0
NA11992	1|1	2	0,0,1
NA11993	1|1	1.99	0,0.01,0.99
NA11994	1|1	2	0,0,1
NA11995	1|1	2	0,0,1
NA12003	1|1	2	0,0,1
NA12004	1|0	1	0,1,0
NA12005	0|1	1	0,1,0
NA12006	1|0	0.82	0.18,0.82,0
NA12043	1|1	2	0,0,1
NA12044	1|1	1.87	0,0.13,0.87
NA12056	1|0	1	0,1,0
NA12057	0|1	1	0,1,0
NA12144	0|1	1	0,1,0
NA12145	0|1	1.28	0,0.72,0.28
NA12146	1|0	1	0,1,0
NA12154	1|0	0.74	0.26,0.74,0
NA12155	0|1	1	0,1,0
NA12156	0|0	0	1,0,0
NA12234	0|0	0	1,0,0
NA12236	0|1	1	0,1,0
NA12239	0|1	0.98	0.02,0.98,0
NA12248	1|1	2	0,0,1
NA12249	0|0	0.41	0.59,0.41,0
NA12264	0|0	0	1,0,0
NA12707	0|1	1	0,1,0
NA12716	0|0	0	1,0,0
NA12717	1|1	2	0,0,1
NA12740	0|0	0	1,0,0
NA12750	0|0	0.47	0.53,0.47,0
NA12751	1|0	1	0,1,0
NA12752	0|0	0	1,0,0
NA12753	1|0	1	0,1,0
NA12760	0|0	0	1,0,0
NA12761	0|1	1	0,1,0
NA12762	1|0	1	0,1,0
NA12763	0|0	0	1,0,0
NA12801	0|0	0	1,0,0
NA12802	0|1	1	0,1,0
NA12812	0|0	0	1,0,0
NA12813	0|1	1	0,1,0
NA12814	0|0	0.08	0.92,0.08,0
NA12815	1|1	1.9	0,0.1,0.9
NA12864	0|0	0	1,0,0
NA12865	1|0	1	0,1,0
NA12872	1|0	1	0,1,0
NA12873	1|0	1.08	0,0.92,0.08
NA12874	1|0	1	0,1,0
NA12875	0|0	0.02	0.98,0.02,0
NA12878	0|0	0	1,0,0
NA12891	0|1	1	0,1,0
NA12892	0|1	1	0,1,0
NA20502	0|1	0.99	0.01,0.99,0
NA20504	1|0	0.97	0.03,0.97,0
NA20505	0|0	0	1,0,0
NA20506	0|1	1	0,1,0
NA20508	1|0	1	0,1,0
NA20509	0|1	1.23	0.13,0.52,0.35
NA20510	0|1	1	0,1,0
NA20512	0|1	1	0,1,0
NA20515	0|1	1	0,1,0
NA20516	1|1	1.85	0,0.15,0.85
NA20517	1|0	1	0,1,0
NA20518	0|0	0	1,0,0
NA20519	0|0	0	1,0,0
NA20520	0|0	0	1,0,0
NA20521	0|0	0.34	0.66,0.34,0
NA20522	0|0	0.07	0.93,0.07,0
NA20524	1|1	2	0,0,1
NA20525	0|1	1	0,1,0
NA20527	0|0	0	1,0,0
NA20528	0|0	0	1,0,0
NA20529	0|0	0	1,0,0
NA20530	1|1	2	0,0,1
NA20531	1|0	0.74	0.26,0.74,0
NA20534	0|0	0	1,0,0
NA20535	1|1	2	0,0,1
NA20538	0|1	0.68	0.32,0.68,0
NA20539	1|1	2	0,0,1
NA20540	1|0	1	0,1,0
NA20541	0|1	1	0,1,0
NA20542	0|1	0.6	0.4,0.6,0
NA20543	0|0	0.02	0.98,0.02,0
NA20544	0|0	0	1,0,0
NA20581	0|0	0	1,0,0
NA20582	0|1	1	0,1,0
NA20585	1|0	1	0,1,0
NA20586	0|0	0	1,0,0
NA20588	0|1	1	0,1,0
NA20589	1|1	2	0,0,1
NA20752	0|1	1	0,1,0
NA20753	1|0	1	0,1,0
NA20754	1|1	2	0,0,1
NA20755	0|1	0.95	0.05,0.95,0
NA20756	1|1	1.9	0,0.1,0.9
NA20757	0|0	0	1,0,0
NA20758	1|0	1	0,1,0
NA20759	1|1	2	0,0,1
NA20760	0|1	0.75	0.25,0.75,0
NA20761	1|0	1	0,1,0
NA20765	0|0	0	1,0,0
NA20766	0|0	0	1,0,0
NA20768	0|1	1	0,1,0
NA20769	1|1	2	0,0,1
NA20770	1|1	2	0,0,1
NA20771	0|0	0	1,0,0
NA20772	1|1	2	0,0,1
NA20773	1|1	2	0,0,1
NA20774	0|1	1	0,1,0
NA20778	1|1	2	0,0,1
NA20783	1|0	1.08	0,0.92,0.08
NA20785	0|1	1	0,1,0
NA20786	0|0	0	1,0,0
NA20787	0|0	0	1,0,0
NA20790	0|0	0.34	0.67,0.32,0.01
NA20792	1|0	1	0,1,0
NA20795	1|0	1	0,1,0
NA20796	1|0	0.92	0.08,0.92,0
NA20797	1|0	1	0,1,0
NA20798	0|0	0	1,0,0
NA20799	0|0	0.02	0.98,0.02,0
NA20800	0|0	0	1,0,0
NA20801	0|0	0	1,0,0
NA20802	0|0	0.33	0.67,0.33,0
NA20803	0|1	1	0,1,0
NA20804	0|1	1	0,1,0
NA20805	1|0	1	0,1,0
NA20806	1|1	2	0,0,1
NA20807	1|1	2	0,0,1
NA20808	1|1	2	0,0,1
NA20809	0|0	0.45	0.55,0.45,0
NA20810	0|1	1	0,1,0
NA20811	1|0	1	0,1,0
NA20812	0|1	1	0,1,0
NA20813	0|0	0.11	0.89,0.11,0
NA20815	0|1	1	0,1,0
NA20818	1|0	0.82	0.18,0.82,0
NA20819	0|1	1.09	0,0.91,0.09
NA20826	0|1	1.14	0.02,0.82,0.16
NA20828	1|0	1	0,1,0
NA18526	0|0	0.08	0.92,0.08,0
NA18532	0|0	0.06	0.94,0.06,0
NA18537	1|1	1.71	0,0.29,0.71
NA18542	0|1	1	0,1,0
NA18545	1|1	2	0,0,1
NA18547	0|0	0.36	0.64,0.36,0
NA18550	1|1	1.98	0,0.02,0.98
NA18552	0|1	1.14	0.06,0.75,0.19
NA18555	1|0	0.93	0.07,0.93,0
NA18558	1|1	2	0,0,1
NA18561	1|0	1	0,1,0
NA18562	0|0	0.02	0.98,0.02,0
NA18563	1|1	2	0,0,1
NA18564	1|0	1.07	0,0.93,0.07
NA18566	1|0	0.73	0.27,0.73,0
NA18570	1|0	1.05	0,0.95,0.05
NA18571	0|0	0	1,0,0
NA18572	0|0	0	1,0,0
NA18573	0|0	0	1,0,0
NA18577	0|1	1	0,1,0
NA18579	1|1	2	0,0,1
NA18582	1|1	1.46	0.07,0.4,0.53
NA18592	0|0	0	1,0,0
NA18593	0|0	0	1,0,0
NA18603	1|1	2	0,0,1
NA18605	0|1	1	0,1,0
NA18608	1|1	2	0,0,1
NA18609	1|0	1	0,1,0
NA18611	1|0	0.74	0.26,0.74,0
NA18612	0|1	1.16	0,0.84,0.16
NA18620	1|1	1.51	0,0.49,0.51
NA18621	1|0	0.99	0.01,0.99,0
NA18622	0|0	0	1,0,0
NA18623	1|0	1.38	0,0.62,0.38
NA18624	1|1	1.56	0,0.44,0.56
NA18632	1|0	1	0,1,0
NA18633	1|0	1	0,1,0
NA18635	0|0	0.12	0.88,0.12,0
NA18636	1|1	1.99	0,0.01,0.99
NA18637	0|0	0	1,0,0
NA18940	1|0	1	0,1,0
NA18942	0|0	0	1,0,0
NA18943	1|0	1.07	0,0.93,0.07
NA18944	1|1	2	0,0,1
NA18945	1|1	2	0,0,1
NA18947	0|1	1	0,1,0
NA18948	1|1	1.52	0,0.48,0.52
NA18949	0|0	0	1,0,0
NA18951	0|1	1	0,1,0
NA18952	0|0	0	1,0,0
NA18953	1|1	2	0,0,1
NA18956	1|1	2	0,0,1
NA18959	1|0	1	0,1,0
NA18960	1|1	2	0,0,1
NA18961	1|1	1.99	0,0.01,0.99
NA18964	1|1	2	0,0,1
NA18965	1|1	2	0,0,1
NA18966	1|1	1.7	0.01,0.28,0.71
NA18967	0|0	0	1,0,0
NA18968	1|1	2	0,0,1
NA18969	1|0	1	0,1,0
NA18970	1|1	2	0,0,1
NA18971	1|1	1.95	0,0.05,0.95
NA18972	1|1	1.8	0,0.2,0.8
NA18973	0|1	1	0,1,0
NA18974	1|0	1	0,1,0
NA18975	1|1	1.98	0,0.02,0.98
NA18976	1|1	2	0,0,1
NA18978	0|0	0.12	0.88,0.12,0
NA18980	0|0	0	1,0,0
NA18981	1|1	1.5	0.05,0.4,0.55
NA18987	0|1	1	0,1,0
NA18990	1|1	1.81	0.01,0.17,0.82
NA18991	1|0	1	0,1,0
NA18992	1|1	1.86	0,0.14,0.86
NA18994	1|1	2	0,0,1
NA18995	1|1	2	0,0,1
NA18997	0|1	1	0,1,0
NA18998	0|1	1	0,1,0
NA18999	0|1	0.91	0.29,0.51,0.2
NA19000	1|0	0.9	0.1,0.9,0
NA19003	0|1	1	0,1,0
NA19005	1|1	2	0,0,1
NA19007	1|1	2	0,0,1
NA19012	0|0	0.42	0.58,0.42,0
