NA18526	0|0	0.08	0.92,0.08,0
NA18532	0|0	0.06	0.94,0.06,0
NA18537	1|1	1.71	0,0.29,0.71
NA18542	0|1	1	0,1,0
NA18545	1|1	2	0,0,1
NA18547	0|0	0.36	0.64,0.36,0
NA18550	1|1	1.98	0,0.02,0.98
NA18552	0|1	1.14	0.06,0.75,0.19
NA18555	1|0	0.93	0.07,0.93,0
NA18558	1|1	2	0,0,1
NA18561	1|0	1	0,1,0
NA18562	0|0	0.02	0.98,0.02,0
NA18563	1|1	2	0,0,1
NA18564	1|0	1.07	0,0.93,0.07
NA18566	1|0	0.73	0.27,0.73,0
NA18570	1|0	1.05	0,0.95,0.05
NA18571	0|0	0	1,0,0
NA18572	0|0	0	1,0,0
NA18573	0|0	0	1,0,0
NA18577	0|1	1	0,1,0
NA18579	1|1	2	0,0,1
NA18582	1|1	1.46	0.07,0.4,0.53
NA18592	0|0	0	1,0,0
NA18593	0|0	0	1,0,0
NA18603	1|1	2	0,0,1
NA18605	0|1	1	0,1,0
NA18608	1|1	2	0,0,1
NA18609	1|0	1	0,1,0
NA18611	1|0	0.74	0.26,0.74,0
NA18612	0|1	1.16	0,0.84,0.16
NA18620	1|1	1.51	0,0.49,0.51
NA18621	1|0	0.99	0.01,0.99,0
NA18622	0|0	0	1,0,0
NA18623	1|0	1.38	0,0.62,0.38
NA18624	1|1	1.56	0,0.44,0.56
NA18632	1|0	1	0,1,0
NA18633	1|0	1	0,1,0
NA18635	0|0	0.12	0.88,0.12,0
NA18636	1|1	1.99	0,0.01,0.99
NA18637	0|0	0	1,0,0
NA18940	1|0	1	0,1,0
NA18942	0|0	0	1,0,0
NA18943	1|0	1.07	0,0.93,0.07
NA18944	1|1	2	0,0,1
NA18945	1|1	2	0,0,1
NA18947	0|1	1	0,1,0
NA18948	1|1	1.52	0,0.48,0.52
NA18949	0|0	0	1,0,0
NA18951	0|1	1	0,1,0
NA18952	0|0	0	1,0,0
NA18953	1|1	2	0,0,1
NA18956	1|1	2	0,0,1
NA18959	1|0	1	0,1,0
NA18960	1|1	2	0,0,1
NA18961	1|1	1.99	0,0.01,0.99
NA18964	1|1	2	0,0,1
NA18965	1|1	2	0,0,1
NA18966	1|1	1.7	0.01,0.28,0.71
NA18967	0|0	0	1,0,0
NA18968	1|1	2	0,0,1
NA18969	1|0	1	0,1,0
NA18970	1|1	2	0,0,1
NA18971	1|1	1.95	0,0.05,0.95
NA18972	1|1	1.8	0,0.2,0.8
NA18973	0|1	1	0,1,0
NA18974	1|0	1	0,1,0
NA18975	1|1	1.98	0,0.02,0.98
NA18976	1|1	2	0,0,1
NA18978	0|0	0.12	0.88,0.12,0
NA18980	0|0	0	1,0,0
NA18981	1|1	1.5	0.05,0.4,0.55
NA18987	0|1	1	0,1,0
NA18990	1|1	1.81	0.01,0.17,0.82
NA18991	1|0	1	0,1,0
NA18992	1|1	1.86	0,0.14,0.86
NA18994	1|1	2	0,0,1
NA18995	1|1	2	0,0,1
NA18997	0|1	1	0,1,0
NA18998	0|1	1	0,1,0
NA18999	0|1	0.91	0.29,0.51,0.2
NA19000	1|0	0.9	0.1,0.9,0
NA19003	0|1	1	0,1,0
NA19005	1|1	2	0,0,1
NA19007	1|1	2	0,0,1
NA19012	0|0	0.42	0.58,0.42,0
