NA18526	0|1	1.15	0,0.85,0.15
NA18537	1|1	2	0,0,1
NA18550	1|1	2	0,0,1
NA18555	0|1	1.13	0,0.87,0.13
NA18562	1	0	0.01,0
NA18563	1	0	0.01,0
NA18582	1|1	2	0,0,1
NA18603	1	0	0.01,0
NA18606	1	0	0.01,0
NA18621	1	0	0.01,0
NA18622	1	0.7	0.01,0.71
NA18628	0|1	1.22	0,0.78,0.22
NA18632	1	0.05	0.01,0.06
NA18636	1	0	0.01,0
NA18647	1	0	0.01,0
NA18942	0|0	0	1,0,0
NA18945	1	0	0.01,0
NA18947	1|1	2	0,0,1
NA18951	1|0	1	0,1,0
NA18952	1	0	0.01,0
NA18953	1	1	0,1
NA18956	0|0	0	1,0,0
NA18965	1	1	0,1
NA18970	1	0	0.01,0
NA18973	0|0	0	1,0,0
NA18977	1	1	0,1
NA18987	0|1	1	0,1,0
NA18990	1	0	0.01,0
NA18995	1	0	0.01,0
NA19003	1|1	2	0,0,1
NA19010	1|1	2	0,0,1
