NA18526	0|0	0	1,0,0
NA18537	1|0	1	0,1,0
NA18550	0|0	0.22	0.78,0.22,0
NA18555	0|0	0	1,0,0
NA18562	1|0	1	0,1,0
NA18563	0|0	0	1,0,0
NA18582	0|0	0	1,0,0
NA18603	0|0	0.05	0.95,0.05,0
NA18606	0|0	0	1,0,0
NA18621	0|0	0.26	0.74,0.26,0
NA18622	0|1	1	0,1,0
NA18628	0|0	0.29	0.71,0.29,0
NA18632	0|0	0	1,0,0
NA18636	0|1	0.63	0.37,0.63,0
NA18647	0|0	0	1,0,0
NA18942	1|0	1	0,1,0
NA18945	0|1	0.54	0.46,0.54,0
NA18947	0|0	0	1,0,0
NA18951	0|0	0.02	0.98,0.02,0
NA18952	1|0	1	0,1,0
NA18953	1|0	1	0,1,0
NA18956	0|0	0	1,0,0
NA18965	1|1	2	0,0,1
NA18970	1|0	1	0,1,0
NA18973	0|0	0	1,0,0
NA18977	1|0	1	0,1,0
NA18987	1|1	2	0,0,1
NA18990	0|1	1	0,1,0
NA18995	0|0	0	1,0,0
NA19003	0|0	0.15	0.85,0.15,0
NA19010	0|0	0	1,0,0
