NA18532	1|0	1	0,1,0
NA18537	1|1	2	0,0,1
NA18542	1|1	2	0,0,1
NA18545	0|1	0.96	0.04,0.96,0
NA18547	0|1	1.03	0,0.97,0.03
NA18550	1|0	1	0,1,0
NA18552	0|0	0.54	0.51,0.44,0.05
NA18555	0|1	0.65	0.35,0.65,0
NA18558	0|0	0.02	0.98,0.02,0
NA18561	0|0	0.01	0.99,0.01,0
NA18562	0|1	1.23	0.09,0.6,0.31
NA18563	1|1	1.99	0,0.01,0.99
NA18564	0|1	0.97	0.17,0.68,0.15
NA18566	0|0	0.53	0.52,0.44,0.05
NA18570	1|1	2	0,0,1
NA18571	1|0	1.09	0.12,0.67,0.21
NA18572	0|1	1.14	0.03,0.81,0.16
NA18573	0|1	0.73	0.28,0.72,0.01
NA18577	1|0	1	0,1,0
NA18579	1|0	0.89	0.11,0.89,0
NA18582	0|1	1.36	0.01,0.63,0.37
NA18592	1|0	0.88	0.18,0.76,0.06
NA18593	1|0	1.01	0,0.99,0.01
NA18603	0|1	1.01	0,0.99,0.01
NA18605	0|0	0.48	0.57,0.37,0.06
NA18608	0|0	0	1,0,0
NA18609	1|0	1	0,1,0
NA18611	0|0	0.11	0.89,0.11,0
NA18612	1|1	1.82	0,0.18,0.82
NA18620	1|1	1.99	0,0.01,0.99
NA18621	0|0	0.01	0.99,0.01,0
NA18622	1|0	0.85	0.15,0.85,0
NA18623	0|0	0	1,0,0
NA18624	1|0	0.86	0.14,0.86,0
NA18632	0|0	0.08	0.92,0.08,0
NA18633	0|1	0.98	0.02,0.98,0
NA18635	0|0	0.04	0.96,0.04,0
NA18636	1|0	1	0,1,0
NA18637	1|0	1.43	0,0.57,0.43
NA18940	0|1	0.86	0.14,0.86,0
NA18942	1|0	0.97	0.03,0.97,0
NA18943	0|0	0.08	0.92,0.08,0
NA18944	1|1	2	0,0,1
NA18945	1|0	0.85	0.15,0.85,0
NA18947	0|1	1	0,1,0
NA18948	0|1	1.44	0.02,0.52,0.46
NA18949	1|0	1	0,1,0
NA18951	1|0	0.99	0.01,0.99,0
NA18952	0|1	1.16	0.02,0.79,0.19
NA18953	1|1	1.99	0,0.01,0.99
NA18956	1|1	1.94	0,0.06,0.94
NA18959	0|1	1.44	0,0.56,0.44
NA18960	1|0	1	0,1,0
NA18961	0|1	0.62	0.38,0.62,0
NA18964	1|1	1.97	0,0.03,0.97
NA18965	0|1	1	0,1,0
NA18966	1|1	2	0,0,1
NA18967	1|1	1.98	0,0.02,0.98
NA18968	0|1	1.2	0,0.8,0.2
NA18969	0|0	0	1,0,0
NA18970	1|0	1	0,1,0
NA18971	0|0	0.08	0.92,0.08,0
NA18972	1|1	1.68	0,0.32,0.68
NA18973	0|1	1.01	0.07,0.84,0.09
NA18974	0|0	0	1,0,0
NA18975	0|0	0.03	0.97,0.03,0
NA18976	0|1	1.23	0,0.77,0.23
NA18978	0|0	0	1,0,0
NA18980	0|0	0.18	0.82,0.18,0
NA18981	0|1	0.57	0.45,0.53,0.02
NA18987	1|0	1	0,1,0
NA18990	0|0	0	1,0,0
NA18991	0|0	0.47	0.53,0.47,0
NA18992	1|0	1	0,1,0
NA18994	0|1	1.03	0,0.97,0.03
NA18995	0|1	1	0,1,0
NA18997	1|1	1.99	0,0.01,0.99
NA18998	1|1	1.69	0.02,0.26,0.71
NA18999	1|1	2	0,0,1
NA19000	0|1	0.99	0.01,0.99,0
NA19003	0|0	0	1,0,0
NA19005	1|1	2	0,0,1
NA19007	0|0	0.11	0.89,0.11,0
NA19012	1|1	2	0,0,1
