NA18498	1|1	1.56	0.05,0.35,0.61
NA18500	1|1	2	0,0,1
NA18501	0|1	1	0,1,0
NA18502	1|1	2	0,0,1
NA18503	1|1	2	0,0,1
NA18504	1|0	0.71	0.29,0.71,0
NA18505	0|0	0.01	0.99,0.01,0
NA18506	0|1	1	0,1,0
NA18507	0|0	0.02	0.98,0.02,0
NA18508	0|1	1	0,1,0
NA18515	1|0	1	0,1,0
NA18516	1|0	1	0,1,0
NA18517	0|1	0.79	0.21,0.79,0
NA18519	1|1	1.41	0.05,0.5,0.46
NA18521	0|0	0	1,0,0
NA18522	1|0	1	0,1,0
NA18523	0|0	0	1,0,0
NA18852	0|0	0	1,0,0
NA18853	0|0	0.02	0.98,0.02,0
NA18854	0|0	0	1,0,0
NA18855	0|1	1	0,1,0
NA18856	0|0	0	1,0,0
NA18857	0|0	0	1,0,0
NA18858	1|0	0.83	0.17,0.83,0
NA18859	1|1	2	0,0,1
NA18860	0|1	1	0,1,0
NA18861	1|0	0.79	0.22,0.78,0.01
NA18862	1|0	1	0,1,0
NA18863	1|1	1.71	0,0.29,0.71
NA18867	0|0	0	1,0,0
NA18870	1|0	1	0,1,0
NA18871	0|0	0.31	0.69,0.31,0
NA18872	0|0	0	1,0,0
NA18910	1|0	1.25	0,0.75,0.25
NA18912	0|1	1	0,1,0
NA18913	1|0	1	0,1,0
NA18914	0|0	0	1,0,0
NA19027	1|0	1	0,1,0
NA19028	1|1	1.57	0.03,0.37,0.6
NA19031	0|0	0	1,0,0
NA19035	1|0	1	0,1,0
NA19036	0|1	1.03	0,0.97,0.03
NA19038	1|0	1	0,1,0
NA19041	0|1	1	0,1,0
NA19092	0|0	0	1,0,0
NA19093	0|0	0	1,0,0
NA19094	0|0	0	1,0,0
NA19099	0|0	0.03	0.97,0.03,0
NA19100	0|0	0.31	0.69,0.31,0
NA19101	1|0	1.22	0,0.78,0.22
NA19102	1|1	2	0,0,1
NA19103	1|1	2	0,0,1
NA19108	1|1	1.97	0,0.03,0.97
NA19116	0|0	0.35	0.65,0.35,0
NA19118	0|0	0.82	0.35,0.49,0.16
NA19119	1|1	2	0,0,1
NA19120	1|0	1	0,1,0
NA19127	0|1	1	0,1,0
NA19128	1|1	2	0,0,1
NA19129	1|1	2	0,0,1
NA19130	1|0	1	0,1,0
NA19131	1|1	2	0,0,1
NA19132	1|0	1	0,1,0
NA19137	1|1	2	0,0,1
NA19138	1|1	2	0,0,1
NA19139	1|1	2	0,0,1
NA19140	0|0	0	1,0,0
NA19141	1|0	1	0,1,0
NA19142	0|0	0	1,0,0
NA19143	1|1	2	0,0,1
NA19144	1|1	1.94	0,0.06,0.94
NA19146	0|0	0	1,0,0
NA19150	1|0	1	0,1,0
NA19152	0|1	1	0,1,0
NA19153	1|1	2	0,0,1
NA19154	1|1	2	0,0,1
NA19159	1|1	1.79	0,0.21,0.79
NA19160	1|0	1	0,1,0
NA19161	1|1	2	0,0,1
NA19171	1|1	2	0,0,1
NA19172	1|0	0.99	0.01,0.99,0
NA19173	0|1	1	0,1,0
NA19189	1|1	1.98	0,0.02,0.98
NA19200	1|0	1.06	0,0.94,0.06
NA19201	1|1	2	0,0,1
NA19202	1|0	1	0,1,0
NA19203	0|0	0.5	0.5,0.5,0
NA19204	1|0	1	0,1,0
NA19205	0|0	0	1,0,0
NA19206	0|0	0	1,0,0
NA19207	1|1	2	0,0,1
NA19208	1|0	1	0,1,0
NA19209	1|0	0.96	0.04,0.96,0
NA19210	1|1	2	0,0,1
NA19211	1|0	1	0,1,0
NA19213	1|0	1	0,1,0
NA19221	1|0	1	0,1,0
NA19222	1|1	2	0,0,1
NA19223	0|1	0.96	0.04,0.96,0
NA19238	1|1	1.86	0,0.14,0.86
NA19239	1|1	2	0,0,1
NA19240	1|1	2	0,0,1
NA19307	0|1	1	0,1,0
NA19308	0|0	0	1,0,0
NA19309	1|0	1.15	0,0.85,0.15
NA19310	0|0	0	1,0,0
NA19314	0|0	0.02	0.98,0.02,0
NA19315	0|0	0.06	0.94,0.06,0
NA19316	1|1	1.57	0,0.43,0.57
NA19317	0|0	0	1,0,0
NA19318	1|1	1.18	0.16,0.49,0.34
NA19319	0|1	0.96	0.06,0.91,0.03
NA19321	0|0	0.11	0.89,0.11,0
NA19324	0|1	1	0,1,0
NA19327	1|0	1.01	0,0.99,0.01
NA19328	1|1	1.95	0,0.05,0.95
NA19332	0|0	0	1,0,0
NA19334	0|0	0.1	0.9,0.1,0
NA19346	1|1	1.81	0,0.19,0.81
NA19347	1|0	1	0,1,0
NA19350	1|0	1	0,1,0
NA19360	0|0	0	1,0,0
NA19372	0|1	1	0,1,0
NA19374	0|0	0	1,0,0
NA19375	1|0	0.9	0.1,0.9,0
NA19376	1|0	1	0,1,0
NA19377	1|0	0.81	0.19,0.81,0
NA19379	1|0	1	0,1,0
NA19380	0|0	0	1,0,0
NA19383	0|0	0.37	0.64,0.34,0.02
NA19384	1|0	1	0,1,0
NA19385	0|1	0.94	0.27,0.53,0.2
NA19390	0|0	0	1,0,0
NA19391	0|0	0.05	0.95,0.05,0
NA19393	0|1	1	0,1,0
NA19394	1|0	0.84	0.16,0.84,0
NA19397	0|0	0.46	0.54,0.46,0
NA19399	1|1	1.81	0,0.19,0.81
NA19403	1|1	1.84	0,0.16,0.84
NA19404	1|1	2	0,0,1
NA19428	0|0	0.1	0.9,0.1,0
NA19430	0|1	1	0,1,0
NA19431	0|1	1	0,1,0
NA19434	0|1	1	0,1,0
NA19435	0|0	0	1,0,0
NA19436	1|0	0.54	0.46,0.54,0
NA19437	0|1	1	0,1,0
NA19438	0|0	0	1,0,0
NA19439	1|0	0.95	0.05,0.95,0
NA19440	0|0	0.32	0.68,0.32,0
NA19443	1|1	1.51	0,0.49,0.51
NA19445	1|1	2	0,0,1
NA19446	1|0	1	0,1,0
NA19448	0|0	0	1,0,0
NA19449	0|1	1.37	0,0.63,0.37
NA19451	0|0	0	1,0,0
NA19452	0|0	0.35	0.65,0.35,0
NA19455	0|0	0	1,0,0
NA19456	0|0	0	1,0,0
NA19457	0|1	1.12	0,0.88,0.12
NA19462	1|1	2	0,0,1
NA19463	1|0	1	0,1,0
NA19466	1|1	1.93	0,0.07,0.93
NA19467	0|0	0	1,0,0
NA19468	0|0	0	1,0,0
NA19471	1|1	1.99	0,0.01,0.99
NA19472	0|1	1	0,1,0
NA19473	0|1	1	0,1,0
NA19474	0|0	0	1,0,0
NA06985	1|0	1	0,1,0
NA06991	0|1	1	0,1,0
NA06993	1|1	2	0,0,1
NA06994	1|1	1.88	0,0.12,0.88
NA07000	1|0	0.97	0.03,0.97,0
NA07019	1|1	2	0,0,1
NA07022	1|1	1.99	0,0.01,0.99
NA07029	1|0	1	0,1,0
NA07034	1|1	1.99	0,0.01,0.99
NA07048	1|0	1	0,1,0
NA07055	1|0	0.81	0.19,0.81,0
NA07056	0|1	0.95	0.05,0.95,0
NA07345	0|1	0.51	0.49,0.51,0
NA07348	0|0	0	1,0,0
NA07357	0|1	1	0,1,0
NA10830	0|1	1	0,1,0
NA10831	1|1	2	0,0,1
NA10835	0|1	1	0,1,0
NA10838	1|0	1	0,1,0
NA10839	1|0	1	0,1,0
NA10846	0|1	1	0,1,0
NA10847	1|1	2	0,0,1
NA10851	1|0	1	0,1,0
NA10854	1|0	1	0,1,0
NA10855	0|1	1	0,1,0
NA10856	1|1	2	0,0,1
NA10857	1|1	2	0,0,1
NA10859	0|0	0	1,0,0
NA10860	1|1	2	0,0,1
NA10861	1|1	2	0,0,1
NA10863	0|1	1	0,1,0
NA11829	1|1	1.94	0,0.06,0.94
NA11830	1|1	2	0,0,1
NA11831	1|1	2	0,0,1
NA11832	1|0	1	0,1,0
NA11839	0|1	0.9	0.1,0.9,0
NA11840	1|0	0.95	0.05,0.95,0
NA11881	0|1	0.98	0.02,0.98,0
NA11882	0|1	0.97	0.03,0.97,0
NA11992	1|0	1	0,1,0
NA11993	1|1	2	0,0,1
NA11994	1|0	1	0,1,0
NA11995	1|1	1.98	0,0.02,0.98
NA12003	1|0	1	0,1,0
NA12004	0|0	0	1,0,0
NA12005	0|0	0.07	0.93,0.07,0
NA12006	1|1	2	0,0,1
NA12043	1|1	2	0,0,1
NA12044	0|1	1.01	0,0.99,0.01
NA12056	0|1	1	0,1,0
NA12057	0|1	1	0,1,0
NA12144	0|1	1	0,1,0
NA12145	1|1	2	0,0,1
NA12146	1|1	1.97	0,0.03,0.97
NA12154	0|1	1	0,1,0
NA12155	0|1	1	0,1,0
NA12156	1|0	1	0,1,0
NA12234	1|0	1	0,1,0
NA12236	0|1	1.07	0,0.93,0.07
NA12239	1|0	1	0,1,0
NA12248	0|1	1	0,1,0
NA12249	0|0	0.07	0.93,0.07,0
NA12264	1|1	1.93	0,0.07,0.93
NA12707	0|0	0	1,0,0
NA12716	0|1	1.02	0.16,0.65,0.19
NA12717	0|0	0.08	0.92,0.08,0
NA12740	0|1	1.21	0,0.79,0.21
NA12750	1|1	1.71	0,0.29,0.71
NA12751	1|1	2	0,0,1
NA12752	1|1	2	0,0,1
NA12753	1|0	1	0,1,0
NA12760	1|0	1	0,1,0
NA12761	1|1	2	0,0,1
NA12762	1|1	1.94	0,0.06,0.94
NA12763	0|1	1	0,1,0
NA12801	0|0	0	1,0,0
NA12802	1|1	2	0,0,1
NA12812	0|0	0.37	0.63,0.37,0
NA12813	0|0	0.12	0.88,0.12,0
NA12814	1|1	2	0,0,1
NA12815	1|0	1	0,1,0
NA12864	1|1	2	0,0,1
NA12865	0|1	1	0,1,0
NA12872	1|1	2	0,0,1
NA12873	1|1	1.99	0,0.01,0.99
NA12874	0|1	1	0,1,0
NA12875	1|1	2	0,0,1
NA12878	1|1	2	0,0,1
NA12891	1|1	1.99	0,0.01,0.99
NA12892	1|0	1	0,1,0
NA20502	1|0	1	0,1,0
NA20504	1|0	0.98	0.02,0.98,0
NA20505	1|0	1	0,1,0
NA20506	1|1	2	0,0,1
NA20508	1|1	2	0,0,1
NA20509	0|1	1	0,1,0
NA20510	0|1	1	0,1,0
NA20512	0|0	0.02	0.98,0.02,0
NA20515	0|1	1	0,1,0
NA20516	1|0	1	0,1,0
NA20517	0|0	0.41	0.63,0.33,0.04
NA20518	1|1	1.98	0,0.02,0.98
NA20519	1|0	0.94	0.06,0.94,0
NA20520	0|0	0.01	0.99,0.01,0
NA20521	0|1	1.12	0.01,0.86,0.13
NA20522	1|1	1.96	0,0.04,0.96
NA20524	1|1	1.7	0,0.3,0.7
NA20525	1|1	1.94	0,0.06,0.94
NA20527	0|1	0.62	0.38,0.62,0
NA20528	0|1	1	0,1,0
NA20529	0|1	1	0,1,0
NA20530	0|0	0	1,0,0
NA20531	1|1	2	0,0,1
NA20534	1|0	1	0,1,0
NA20535	0|1	1	0,1,0
NA20538	0|1	1	0,1,0
NA20539	0|0	0.47	0.53,0.47,0
NA20540	1|1	1.98	0,0.02,0.98
NA20541	1|1	2	0,0,1
NA20542	1|0	0.99	0.01,0.99,0
NA20543	1|1	1.81	0,0.19,0.81
NA20544	1|1	1.99	0,0.01,0.99
NA20581	1|0	1	0,1,0
NA20582	1|0	1	0,1,0
NA20585	1|0	0.93	0.07,0.93,0
NA20586	0|1	0.91	0.09,0.91,0
NA20588	1|1	1.72	0,0.28,0.72
NA20589	1|0	1	0.02,0.96,0.02
NA20752	1|1	2	0,0,1
NA20753	1|0	1.01	0,0.99,0.01
NA20754	0|0	0	1,0,0
NA20755	0|0	0.13	0.87,0.13,0
NA20756	0|0	0	1,0,0
NA20757	1|0	0.94	0.06,0.94,0
NA20758	1|1	2	0,0,1
NA20759	1|0	1.01	0,0.99,0.01
NA20760	1|0	1	0,1,0
NA20761	1|0	1	0,1,0
NA20765	0|1	1	0,1,0
NA20766	1|1	1.97	0,0.03,0.97
NA20768	1|0	1.19	0,0.81,0.19
NA20769	0|0	0.47	0.53,0.47,0
NA20770	1|0	1	0,1,0
NA20771	1|1	1.99	0,0.01,0.99
NA20772	1|1	1.65	0,0.35,0.65
NA20773	1|1	1.95	0,0.05,0.95
NA20774	1|1	1.96	0,0.04,0.96
NA20775	1|0	0.63	0.37,0.63,0
NA20778	0|0	0	1,0,0
NA20783	1|1	1.93	0,0.07,0.93
NA20785	1|1	2	0,0,1
NA20786	1|0	0.97	0.03,0.97,0
NA20787	1|1	1.99	0,0.01,0.99
NA20790	1|0	1.13	0,0.87,0.13
NA20792	0|1	1	0,1,0
NA20795	1|1	1.52	0.01,0.45,0.53
NA20796	1|1	1.64	0,0.36,0.64
NA20797	1|0	1	0,1,0
NA20798	1|1	1.97	0,0.03,0.97
NA20799	0|1	1.01	0,0.99,0.01
NA20800	1|1	1.56	0,0.44,0.56
NA20801	1|1	1.76	0,0.23,0.77
NA20802	1|1	2	0,0,1
NA20803	0|1	0.95	0.05,0.95,0
NA20804	1|1	2	0,0,1
NA20805	1|0	1	0,1,0
NA20806	1|1	2	0,0,1
NA20807	1|1	1.96	0,0.04,0.96
NA20808	1|1	2	0,0,1
NA20809	0|0	0	1,0,0
NA20810	0|1	1	0,1,0
NA20811	0|0	0.25	0.75,0.25,0
NA20812	1|0	1.01	0,0.99,0.01
NA20813	1|1	1.99	0,0.01,0.99
NA20815	1|1	2	0,0,1
NA20818	1|1	2	0,0,1
NA20819	0|0	0	1,0,0
NA20826	1|0	1	0,1,0
NA20828	1|1	2	0,0,1
NA18532	1|0	1	0,1,0
NA18537	1|1	2	0,0,1
NA18542	1|1	2	0,0,1
NA18545	0|1	0.96	0.04,0.96,0
NA18547	0|1	1.03	0,0.97,0.03
NA18550	1|0	1	0,1,0
NA18552	0|0	0.54	0.51,0.44,0.05
NA18555	0|1	0.65	0.35,0.65,0
NA18558	0|0	0.02	0.98,0.02,0
NA18561	0|0	0.01	0.99,0.01,0
NA18562	0|1	1.23	0.09,0.6,0.31
NA18563	1|1	1.99	0,0.01,0.99
NA18564	0|1	0.97	0.17,0.68,0.15
NA18566	0|0	0.53	0.52,0.44,0.05
NA18570	1|1	2	0,0,1
NA18571	1|0	1.09	0.12,0.67,0.21
NA18572	0|1	1.14	0.03,0.81,0.16
NA18573	0|1	0.73	0.28,0.72,0.01
NA18577	1|0	1	0,1,0
NA18579	1|0	0.89	0.11,0.89,0
NA18582	0|1	1.36	0.01,0.63,0.37
NA18592	1|0	0.88	0.18,0.76,0.06
NA18593	1|0	1.01	0,0.99,0.01
NA18603	0|1	1.01	0,0.99,0.01
NA18605	0|0	0.48	0.57,0.37,0.06
NA18608	0|0	0	1,0,0
NA18609	1|0	1	0,1,0
NA18611	0|0	0.11	0.89,0.11,0
NA18612	1|1	1.82	0,0.18,0.82
NA18620	1|1	1.99	0,0.01,0.99
NA18621	0|0	0.01	0.99,0.01,0
NA18622	1|0	0.85	0.15,0.85,0
NA18623	0|0	0	1,0,0
NA18624	1|0	0.86	0.14,0.86,0
NA18632	0|0	0.08	0.92,0.08,0
NA18633	0|1	0.98	0.02,0.98,0
NA18635	0|0	0.04	0.96,0.04,0
NA18636	1|0	1	0,1,0
NA18637	1|0	1.43	0,0.57,0.43
NA18940	0|1	0.86	0.14,0.86,0
NA18942	1|0	0.97	0.03,0.97,0
NA18943	0|0	0.08	0.92,0.08,0
NA18944	1|1	2	0,0,1
NA18945	1|0	0.85	0.15,0.85,0
NA18947	0|1	1	0,1,0
NA18948	0|1	1.44	0.02,0.52,0.46
NA18949	1|0	1	0,1,0
NA18951	1|0	0.99	0.01,0.99,0
NA18952	0|1	1.16	0.02,0.79,0.19
NA18953	1|1	1.99	0,0.01,0.99
NA18956	1|1	1.94	0,0.06,0.94
NA18959	0|1	1.44	0,0.56,0.44
NA18960	1|0	1	0,1,0
NA18961	0|1	0.62	0.38,0.62,0
NA18964	1|1	1.97	0,0.03,0.97
NA18965	0|1	1	0,1,0
NA18966	1|1	2	0,0,1
NA18967	1|1	1.98	0,0.02,0.98
NA18968	0|1	1.2	0,0.8,0.2
NA18969	0|0	0	1,0,0
NA18970	1|0	1	0,1,0
NA18971	0|0	0.08	0.92,0.08,0
NA18972	1|1	1.68	0,0.32,0.68
NA18973	0|1	1.01	0.07,0.84,0.09
NA18974	0|0	0	1,0,0
NA18975	0|0	0.03	0.97,0.03,0
NA18976	0|1	1.23	0,0.77,0.23
NA18978	0|0	0	1,0,0
NA18980	0|0	0.18	0.82,0.18,0
NA18981	0|1	0.57	0.45,0.53,0.02
NA18987	1|0	1	0,1,0
NA18990	0|0	0	1,0,0
NA18991	0|0	0.47	0.53,0.47,0
NA18992	1|0	1	0,1,0
NA18994	0|1	1.03	0,0.97,0.03
NA18995	0|1	1	0,1,0
NA18997	1|1	1.99	0,0.01,0.99
NA18998	1|1	1.69	0.02,0.26,0.71
NA18999	1|1	2	0,0,1
NA19000	0|1	0.99	0.01,0.99,0
NA19003	0|0	0	1,0,0
NA19005	1|1	2	0,0,1
NA19007	0|0	0.11	0.89,0.11,0
NA19012	1|1	2	0,0,1
