NA18526	0|0	0	1,0,0
NA18537	0|1	1	0,1,0
NA18550	0|0	0	1,0,0
NA18555	0|0	0	1,0,0
NA18562	0|0	0	1,0,0
NA18563	0|0	0	1,0,0
NA18582	0|0	0.08	0.92,0.08,0
NA18603	0|0	0	1,0,0
NA18606	0|0	0	1,0,0
NA18621	1|1	2	0,0,1
NA18622	0|0	0	1,0,0
NA18628	0|0	0.02	0.98,0.02,0
NA18632	0|0	0	1,0,0
NA18636	0|0	0	1,0,0
NA18647	1|0	0.95	0.12,0.82,0.06
NA18942	0|0	0	1,0,0
NA18945	0|0	0	1,0,0
NA18947	0|0	0	1,0,0
NA18951	0|0	0	1,0,0
NA18952	1|0	1.2	0,0.8,0.2
NA18953	0|0	0	1,0,0
NA18956	0|0	0	1,0,0
NA18965	0|1	1.33	0,0.67,0.33
NA18970	0|0	0	1,0,0
NA18973	0|0	0.03	0.97,0.03,0
NA18977	1|0	1	0,1,0
NA18987	0|0	0.03	0.97,0.03,0
NA18990	0|0	0	1,0,0
NA18995	0|0	0.03	0.97,0.03,0
NA19003	0|0	0	1,0,0
NA19010	0|0	0	1,0,0
