NA11829	1|0	1	0,1,0
NA11830	0|0	0	1,0,0
NA11831	0|0	0.13	0.87,0.13,0
NA11832	1|1	1.96	0,0.04,0.96
NA11840	0|1	1	0,1,0
NA11881	1|0	1	0,1,0
NA11994	0|1	1	0,1,0
NA11995	1|0	1	0,1,0
NA12004	0|1	1.1	0,0.9,0.1
NA12005	0|0	0.04	0.96,0.04,0
NA12043	0|0	0	1,0,0
NA12044	0|0	0	1,0,0
NA12144	0|0	0.03	0.97,0.03,0
NA12154	0|1	1	0,1,0
NA12155	0|0	0	1,0,0
NA12156	0|0	0	1,0,0
NA12234	0|0	0	1,0,0
NA12717	0|0	0	1,0,0
NA12750	0|0	0	1,0,0
NA12760	1|0	1	0,1,0
NA12761	0|0	0	1,0,0
NA12762	0|1	1	0,1,0
NA12763	0|0	0	1,0,0
NA12812	0|0	0	1,0,0
NA12813	0|0	0	1,0,0
NA12814	0|0	0	1,0,0
NA12815	1|1	2	0,0,1
NA12872	0|0	0.02	0.98,0.02,0
NA12873	0|0	0	1,0,0
NA12874	0|0	0	1,0,0
