NA18526	0|1	1	0,1,0
NA18537	0|0	0.2	0.8,0.19,0.01
NA18550	0|1	1.3	0,0.7,0.3
NA18555	0|1	1	0,1,0
NA18562	1|1	2	0,0,1
NA18563	1|1	2	0,0,1
NA18582	0|1	1.05	0,0.95,0.05
NA18603	1|1	2	0,0,1
NA18606	1|1	2	0,0,1
NA18621	1|1	2	0,0,1
NA18622	1|1	1.47	0.07,0.39,0.54
NA18628	1|1	1.97	0,0.03,0.97
NA18632	1|1	2	0,0,1
NA18636	1|1	2	0,0,1
NA18647	1|1	1.97	0,0.03,0.97
NA18942	0|1	0.86	0.14,0.86,0
NA18945	1|1	2	0,0,1
NA18947	1|1	2	0,0,1
NA18951	0|1	1.24	0.02,0.72,0.26
NA18952	1|1	2	0,0,1
NA18953	1|1	2	0,0,1
NA18956	0|0	0.34	0.69,0.29,0.03
NA18965	0|0	0.12	0.88,0.12,0
NA18970	1|1	2	0,0,1
NA18973	0|0	0.47	0.53,0.47,0
NA18977	0|0	0	1,0,0
NA18987	1|0	0.99	0.01,0.99,0
NA18990	1|1	1.96	0,0.04,0.96
NA18995	1|1	2	0,0,1
NA19003	0|0	0.52	0.53,0.43,0.05
NA19010	1|1	1.75	0,0.25,0.75
