NA18526	1|0	1	0,1,0
NA18532	1|1	2	0,0,1
NA18537	0|0	0.05	0.95,0.05,0
NA18542	0|1	1	0,1,0
NA18545	1|0	1	0,1,0
NA18547	0|0	0	1,0,0
NA18550	1|0	1	0,1,0
NA18552	0|1	1.3	0.07,0.56,0.37
NA18555	1|1	2	0,0,1
NA18558	0|0	0	1,0,0
NA18561	1|1	1.89	0,0.11,0.89
NA18563	0|1	1	0,1,0
NA18564	1|0	1	0,1,0
NA18566	1|1	2	0,0,1
NA18570	1|0	1	0,1,0
NA18571	0|0	0	1,0,0
NA18572	0|0	0	1,0,0
NA18573	0|0	0	1,0,0
NA18577	0|1	0.61	0.39,0.61,0
NA18579	0|0	0	1,0,0
NA18582	0|0	0	1,0,0
NA18592	1|0	0.99	0.01,0.99,0
NA18593	0|0	0.01	0.99,0.01,0
NA18603	0|0	0	1,0,0
NA18605	1|1	2	0,0,1
NA18606	0|0	0	1,0,0
NA18608	1|0	1	0,1,0
NA18609	0|0	0	1,0,0
NA18611	0|0	0	1,0,0
NA18612	0|1	1	0,1,0
NA18620	1|0	0.98	0.02,0.98,0
NA18621	0|1	1.5	0,0.5,0.5
NA18622	1|0	1	0,1,0
NA18623	0|0	0	1,0,0
NA18624	1|1	1.98	0,0.02,0.98
NA18628	1|0	1.43	0,0.57,0.43
NA18632	1|0	1	0,1,0
NA18633	0|1	1.35	0.01,0.63,0.36
NA18635	1|1	1.99	0,0.01,0.99
NA18636	1|0	0.95	0.05,0.95,0
NA18637	0|1	1	0,1,0
NA18647	0|0	0	1,0,0
NA18940	0|1	1	0,1,0
NA18942	0|0	0.02	0.98,0.02,0
NA18943	0|1	1.01	0,0.99,0.01
NA18944	0|0	0	1,0,0
NA18945	0|0	0	1,0,0
NA18947	0|1	0.95	0.05,0.95,0
NA18948	1|1	1.63	0,0.37,0.63
NA18949	0|0	0	1,0,0
NA18951	0|0	0	1,0,0
NA18952	0|0	0	1,0,0
NA18953	1|1	2	0,0,1
NA18956	0|1	0.97	0.03,0.97,0
NA18959	0|0	0	1,0,0
NA18960	1|0	1	0,1,0
NA18961	0|0	0	1,0,0
NA18964	1|1	2	0,0,1
NA18965	1|0	1	0,1,0
NA18966	0|0	0	1,0,0
NA18967	0|0	0	1,0,0
NA18968	0|1	1	0,1,0
NA18969	0|0	0.05	0.95,0.05,0
NA18970	0|1	1	0,1,0
NA18971	1|0	1.19	0,0.81,0.19
NA18972	1|0	1	0,1,0
NA18973	0|0	0	1,0,0
NA18974	0|0	0	1,0,0
NA18975	1|0	0.95	0.05,0.95,0
NA18976	0|0	0	1,0,0
NA18977	0|1	1	0,1,0
NA18978	1|1	2	0,0,1
NA18980	1|0	1	0,1,0
NA18981	1|1	1.84	0,0.16,0.84
NA18987	0|0	0	1,0,0
NA18990	0|1	1	0,1,0
NA18991	1|1	1.72	0,0.28,0.72
NA18992	0|0	0	1,0,0
NA18994	0|1	0.98	0.02,0.98,0
NA18995	1|1	1.82	0,0.18,0.82
NA18997	0|1	1	0,1,0
NA18998	0|0	0	1,0,0
NA18999	0|0	0	1,0,0
NA19000	0|1	0.94	0.06,0.94,0
NA19003	0|1	1	0,1,0
NA19005	1|1	2	0,0,1
NA19007	0|1	0.97	0.03,0.97,0
NA19010	0|0	0	1,0,0
NA19012	0|1	1	0,1,0
