NA11829	1	1	0,1
NA11830	1|0	1	0,1,0
NA11831	0	0	1,0
NA11832	0|1	1	0,1,0
NA11840	1|0	1	0,1,0
NA11881	0	0	1,0
NA11994	1	1	0,1
NA11995	0|0	0	1,0,0
NA12004	0|0	0	1,0,0
NA12005	0	0	1,0
NA12043	0	0	1,0
NA12044	0|1	0.99	0.01,0.99,0
NA12144	0	0.2	0.8,0.2
NA12154	0	0	1,0
NA12155	0	0	1,0
NA12156	0|1	0.95	0.09,0.87,0.04
NA12234	0|0	0	1,0,0
NA12717	0|1	1.03	0,0.97,0.03
NA12750	0	0	1,0
NA12760	0	0	1,0
NA12761	0|0	0	1,0,0
NA12762	0	0	1,0
NA12763	0|0	0.15	0.85,0.15,0
NA12812	0	0	1,0
NA12813	0|0	0	1,0,0
NA12814	0	0	1,0
NA12815	0|0	0.06	0.94,0.06,0
NA12872	0	0	1,0
NA12873	0|0	0.03	0.97,0.03,0
NA12874	0	0.05	0.95,0.05
NA12878	0|0	0	1,0,0
