NA18498	0|0	1,0,0
NA18500	0|0	1,0,0
NA18501	0|0	1,0,0
NA18502	1|0	0.00199997,0.998,0
NA18503	1|1	0,0,1
NA18504	0|0	1,0,0
NA18505	1|1	0,0,1
NA18506	0|0	1,0,0
NA18507	0|0	1,0,0
NA18508	1|0	0,1,0
NA18515	0|0	1,0,0
NA18516	0|0	1,0,0
NA18517	0|0	1,0,0
NA18519	0|0	1,0,0
NA18521	1|1	0,0,1
NA18522	1|1	0,0,1
NA18523	1|0	0,0.999,0.001
NA18852	0|1	0,1,0
NA18853	0|0	1,0,0
NA18854	0|0	1,0,0
NA18855	0|0	1,0,0
NA18856	1|1	9.99974e-07,0.00199797,0.998001
NA18857	0|0	1,0,0
NA18858	0|0	1,0,0
NA18859	1|1	0,0,1
NA18860	0|0	1,0,0
NA18861	0|0	1,0,0
NA18862	0|0	1,0,0
NA18863	0|0	1,0,0
NA18867	0|0	1,0,0
NA18870	1|0	0.05,0.95,0
NA18871	0|0	1,0,0
NA18872	0|0	1,0,0
NA18910	0|0	1,0,0
NA18912	0|1	0,1,0
NA18913	1|1	0,0,1
NA18914	1|1	0,0,1
NA19027	0|0	1,0,0
NA19028	1|1	9.99974e-07,0.00199797,0.998001
NA19031	0|0	1,0,0
NA19035	0|0	1,0,0
NA19036	0|0	1,0,0
NA19038	1|1	0,0,1
NA19041	0|0	0.998001,0.001998,1e-06
NA19092	0|0	1,0,0
NA19093	0|0	1,0,0
NA19094	0|0	1,0,0
NA19098	0|0	1,0,0
NA19099	0|0	1,0,0
NA19100	0|0	1,0,0
NA19101	1|1	0,0,1
NA19102	0|0	1,0,0
NA19103	0|0	1,0,0
NA19108	0|1	0.043956,0.955088,0.000956
NA19116	0|0	1,0,0
NA19118	0|1	0.000999987,0.999,0
NA19119	0|0	1,0,0
NA19120	0|0	1,0,0
NA19127	0|1	0,0.999,0.001
NA19128	1|1	0,0,1
NA19129	1|1	0,0,1
NA19130	0|0	1,0,0
NA19131	0|1	0.000999987,0.999,0
NA19132	0|0	1,0,0
NA19137	1|1	0,0,1
NA19138	1|1	9.00013e-06,0.00598204,0.994009
NA19139	1|1	0,0,1
NA19140	1|0	0.304,0.696,0
NA19141	1|1	0,0,1
NA19142	0|0	1,0,0
NA19143	0|0	1,0,0
NA19144	1|1	0,0,1
NA19145	0|0	1,0,0
NA19146	0|0	0.309136,0.493728,0.197136
NA19150	0|0	1,0,0
NA19152	0|1	0.00400001,0.996,0
NA19153	1|1	0,0,1
NA19154	0|0	1,0,0
NA19159	0|0	1,0,0
NA19160	0|0	1,0,0
NA19161	0|0	1,0,0
NA19171	1|1	6.40003e-05,0.015872,0.984064
NA19172	0|0	1,0,0
NA19173	0|0	1,0,0
NA19189	0|0	1,0,0
NA19200	0|0	1,0,0
NA19201	1|0	0,1,0
NA19202	0|0	1,0,0
NA19203	0|0	0.986049,0.013902,4.9e-05
NA19204	0|0	1,0,0
NA19205	0|0	1,0,0
NA19206	1|1	0,0,1
NA19207	1|1	0,0,1
NA19208	1|1	0,0,1
NA19209	0|0	0.999,0.001,0
NA19210	0|0	1,0,0
NA19211	0|0	1,0,0
NA19213	0|0	1,0,0
NA19221	0|1	0,1,0
NA19222	1|1	0,0,1
NA19223	0|0	1,0,0
NA19238	1|0	0.000999987,0.999,0
NA19239	0|0	1,0,0
NA19240	1|0	0,1,0
NA19307	1|1	0,0,1
NA19308	1|1	8.10001e-05,0.017838,0.982081
NA19309	0|0	0.994009,0.005982,9e-06
NA19310	0|0	1,0,0
NA19314	0|0	0.789,0.211,0
NA19315	0|0	1,0,0
NA19316	1|0	0.00300002,0.997,0
NA19317	0|0	1,0,0
NA19319	0|0	1,0,0
NA19321	1|1	0,0.000999987,0.999
NA19324	0|0	1,0,0
NA19327	0|0	1,0,0
NA19328	1|1	0,0,1
NA19332	1|1	0,0.000999987,0.999
NA19334	1|1	3.9999e-06,0.00399195,0.996004
NA19346	0|0	1,0,0
NA19347	1|1	9.99974e-07,0.00199797,0.998001
NA19350	0|0	1,0,0
NA19360	0|0	1,0,0
NA19372	0|0	1,0,0
NA19374	0|0	1,0,0
NA19375	0|0	1,0,0
NA19376	0|0	1,0,0
NA19377	0|0	0.999,0.001,0
NA19379	0|1	0,1,0
NA19380	0|0	1,0,0
NA19384	1|1	9.99974e-07,0.00199797,0.998001
NA19385	0|0	1,0,0
NA19390	0|0	0.991,0.009,0
NA19391	0|0	1,0,0
NA19393	0|0	1,0,0
NA19394	0|0	1,0,0
NA19397	0|0	1,0,0
NA19399	1|0	0,1,0
NA19403	1|1	0,0,1
NA19404	0|1	0,1,0
NA19428	0|0	1,0,0
NA19429	0|0	1,0,0
NA19430	0|0	1,0,0
NA19431	0|0	1,0,0
NA19434	1|0	0,1,0
NA19435	0|0	1,0,0
NA19436	0|0	1,0,0
NA19437	0|0	1,0,0
NA19438	1|0	0.00199997,0.998,0
NA19439	1|0	0,0.991,0.009
NA19440	0|0	1,0,0
NA19443	0|0	1,0,0
NA19445	1|0	0,1,0
NA19446	0|0	1,0,0
NA19448	1|1	0,0,1
NA19449	0|0	1,0,0
NA19451	1|1	0,0,1
NA19452	0|0	0.998001,0.001998,1e-06
NA19455	0|0	1,0,0
NA19456	0|1	0,1,0
NA19457	0|1	0.009,0.991,0
NA19462	0|0	1,0,0
NA19463	0|1	0,1,0
NA19466	0|0	1,0,0
NA19467	0|1	0,1,0
NA19468	0|1	0.077,0.923,0
NA19471	1|1	3.99996e-06,0.004992,0.995004
NA19472	0|0	1,0,0
NA19473	0|0	1,0,0
NA19474	1|0	0,1,0
NA06985	0|0	0.999,0.001,0
NA06991	0|0	0.999,0.001,0
NA06993	0|0	1,0,0
NA06994	0|0	1,0,0
NA07000	0|0	1,0,0
NA07019	1|1	0,0,1
NA07022	1|1	0,0,1
NA07029	0|0	1,0,0
NA07034	0|0	1,0,0
NA07048	1|1	0,0,1
NA07055	0|1	0,1,0
NA07056	1|1	0,0.00300002,0.997
NA07345	0|1	0,1,0
NA07348	0|0	1,0,0
NA07357	0|0	1,0,0
NA10830	1|1	0,0,1
NA10831	0|0	1,0,0
NA10835	0|0	1,0,0
NA10838	0|0	1,0,0
NA10839	1|0	0,1,0
NA10846	0|0	1,0,0
NA10847	0|0	1,0,0
NA10851	0|0	1,0,0
NA10854	0|0	1,0,0
NA10855	1|0	0,1,0
NA10856	0|0	1,0,0
NA10857	1|1	2.5e-05,0.00994999,0.990025
NA10859	0|0	1,0,0
NA10860	0|0	1,0,0
NA10861	0|1	0.00199997,0.998,0
NA10863	0|0	1,0,0
NA11829	0|0	1,0,0
NA11830	0|0	1,0,0
NA11831	1|1	0,0,1
NA11832	0|0	1,0,0
NA11839	0|0	1,0,0
NA11840	1|0	0.00165398,0.825692,0.172654
NA11881	0|0	1,0,0
NA11882	0|0	1,0,0
NA11992	1|1	9.99998e-05,0.0198,0.9801
NA11993	1|0	0,1,0
NA11994	1|1	3.9999e-06,0.00399195,0.996004
NA11995	0|1	0.00300002,0.997,0
NA12003	1|1	6.40003e-05,0.015872,0.984064
NA12004	0|1	0,1,0
NA12005	0|0	1,0,0
NA12006	1|1	0,0,1
NA12043	1|1	0,0,1
NA12044	0|1	0,1,0
NA12056	0|0	1,0,0
NA12057	0|0	1,0,0
NA12144	0|0	1,0,0
NA12145	0|0	1,0,0
NA12146	0|0	1,0,0
NA12154	1|1	3.59998e-05,0.011928,0.988036
NA12155	0|0	1,0,0
NA12156	0|1	0.005,0.995,0
NA12234	0|1	0.00300002,0.997,0
NA12236	0|1	0,1,0
NA12239	0|1	0.012,0.988,0
NA12248	0|0	1,0,0
NA12249	0|1	0.005,0.995,0
NA12264	0|0	1,0,0
NA12707	1|1	0,0,1
NA12716	0|0	1,0,0
NA12717	0|0	0.955,0.045,0
NA12740	1|0	0,0.751,0.249
NA12750	0|0	1,0,0
NA12751	1|1	0,0,1
NA12752	1|1	0,0,1
NA12753	0|1	0,1,0
NA12760	0|0	1,0,0
NA12761	1|1	0,0,1
NA12762	0|0	1,0,0
NA12763	0|0	0.544,0.456,0
NA12801	1|1	0,0,1
NA12802	0|0	1,0,0
NA12812	0|0	1,0,0
NA12813	0|0	1,0,0
NA12814	0|0	1,0,0
NA12815	0|0	1,0,0
NA12864	0|0	1,0,0
NA12865	0|0	1,0,0
NA12872	0|0	1,0,0
NA12873	0|0	1,0,0
NA12874	0|0	1,0,0
NA12875	1|0	0.146,0.854,0
NA12878	0|1	0,1,0
NA12891	1|1	0,0,1
NA12892	0|1	0,0.964,0.036
NA20502	1|0	0.00599998,0.994,0
NA20504	0|0	1,0,0
NA20505	0|1	0.00300002,0.997,0
NA20506	0|0	1,0,0
NA20508	0|0	0.999,0.001,0
NA20509	1|1	0,0,1
NA20510	0|0	0.258064,0.499872,0.242064
NA20512	0|0	1,0,0
NA20515	0|0	1,0,0
NA20516	1|1	0,0,1
NA20517	0|0	1,0,0
NA20518	1|1	0,0,1
NA20519	0|0	0.363609,0.478782,0.157609
NA20520	0|0	1,0,0
NA20521	1|1	1.60001e-05,0.00796802,0.992016
NA20522	0|0	0.996,0.004,0
NA20524	0|0	1,0,0
NA20525	1|1	0,0,1
NA20527	0|0	1,0,0
NA20528	0|0	1,0,0
NA20529	0|1	0.000999987,0.999,0
NA20530	1|1	0.004389,0.157222,0.838389
NA20531	0|1	0.00136598,0.682268,0.316366
NA20534	0|0	0.998001,0.001998,1e-06
NA20535	1|0	0,1,0
NA20538	0|0	1,0,0
NA20539	0|0	1,0,0
NA20540	1|1	0,0.425,0.575
NA20541	1|0	0,1,0
NA20542	0|0	0.999,0.001,0
NA20543	1|1	0,0,1
NA20544	0|0	0.998001,0.001998,1e-06
NA20581	0|0	1,0,0
NA20582	0|0	1,0,0
NA20585	0|1	0,1,0
NA20586	0|0	1,0,0
NA20588	0|0	1,0,0
NA20589	1|0	0.00300002,0.997,0
NA20752	1|1	0.047089,0.339822,0.613089
NA20753	0|1	0.000999987,0.999,0
NA20754	1|1	6.40003e-05,0.015872,0.984064
NA20755	1|1	0,0,1
NA20756	1|1	0,0,1
NA20757	0|0	0.797,0.203,0
NA20758	0|0	0.444889,0.444222,0.110889
NA20759	0|0	1,0,0
NA20760	0|0	0.96628,0.03344,0.00028
NA20761	1|0	0.00748002,0.92804,0.06448
NA20765	0|0	0.994009,0.005982,9e-06
NA20766	1|0	0,1,0
NA20768	1|0	0,1,0
NA20769	1|1	0,0,1
NA20770	0|0	1,0,0
NA20771	1|0	0.013,0.987,0
NA20772	1|0	0,1,0
NA20773	1|0	0.00700003,0.993,0
NA20774	0|0	1,0,0
NA20778	0|0	1,0,0
NA20783	0|0	1,0,0
NA20785	0|0	1,0,0
NA20786	0|0	0.995,0.005,0
NA20787	0|0	1,0,0
NA20790	1|0	0.00300002,0.997,0
NA20792	0|0	1,0,0
NA20795	0|0	1,0,0
NA20796	0|0	1,0,0
NA20797	0|0	1,0,0
NA20798	0|0	1,0,0
NA20799	0|0	1,0,0
NA20800	1|0	0,0.985,0.015
NA20801	1|1	0.000484001,0.043032,0.956484
NA20802	0|1	0.00700003,0.993,0
NA20803	0|0	1,0,0
NA20804	1|1	0,0,1
NA20805	0|0	1,0,0
NA20806	0|0	1,0,0
NA20807	0|1	0.012,0.988,0
NA20808	1|0	0.00999999,0.99,0
NA20809	1|1	0,0,1
NA20810	1|1	3.59998e-05,0.011928,0.988036
NA20811	1|1	0.048841,0.344318,0.606841
NA20812	1|1	0,0,1
NA20813	0|0	1,0,0
NA20815	0|0	1,0,0
NA20818	1|1	0,0.012,0.988
NA20819	0|1	0.03,0.97,0
NA20826	1|1	0,0,1
NA20828	1|0	0,1,0
NA18526	1|1	2.5e-05,0.00994999,0.990025
NA18532	1|1	0,0.000999987,0.999
NA18537	0|1	0,1,0
NA18542	1|1	0.00026,0.05648,0.94326
NA18545	1|0	0.027,0.973,0
NA18547	0|0	0.951,0.049,0
NA18550	0|1	0.040768,0.799464,0.159768
NA18552	1|0	0.000999987,0.999,0
NA18555	1|0	0.005,0.995,0
NA18558	0|0	0.289444,0.497112,0.213444
NA18561	1|1	9.99998e-05,0.0198,0.9801
NA18562	1|1	3.9999e-06,0.00399195,0.996004
NA18563	1|1	0.000144001,0.023712,0.976144
NA18564	0|0	1,0,0
NA18566	0|1	0.027,0.973,0
NA18570	0|1	0,1,0
NA18571	1|0	0,1,0
NA18572	1|1	9.99974e-07,0.00199797,0.998001
NA18573	1|0	0,1,0
NA18577	0|0	0.984,0.016,0
NA18579	0|1	0,1,0
NA18582	1|1	0,0.000999987,0.999
NA18592	1|1	0.001104,0.101792,0.897104
NA18593	1|1	0,0.00300002,0.997
NA18603	0|0	1,0,0
NA18605	0|0	1,0,0
NA18608	1|1	0,0,1
NA18609	1|1	0,0,1
NA18611	0|0	1,0,0
NA18612	0|0	1,0,0
NA18620	1|1	0,0,1
NA18621	1|1	0,0,1
NA18622	1|1	0,0,1
NA18623	1|1	0,0,1
NA18624	1|1	0,0,1
NA18632	0|0	0.998001,0.001998,1e-06
NA18633	1|1	1.60001e-05,0.00796802,0.992016
NA18635	1|1	0,0,1
NA18636	1|1	0,0,1
NA18637	1|1	0,0,1
NA18940	1|1	9.00013e-06,0.00598204,0.994009
NA18942	1|1	0,0.07,0.93
NA18943	0|0	1,0,0
NA18944	1|1	0.068121,0.385758,0.546121
NA18945	1|1	0,0,1
NA18947	1|1	0,0.00700003,0.993
NA18948	0|0	1,0,0
NA18949	0|1	0,1,0
NA18951	1|0	0,1,0
NA18952	0|0	0.998001,0.001998,1e-06
NA18953	1|1	0,0,1
NA18956	1|1	0,0,1
NA18959	1|1	0,0,1
NA18960	1|1	3.9999e-06,0.00399195,0.996004
NA18961	1|1	9.99998e-05,0.0198,0.9801
NA18964	1|1	0,0.097,0.903
NA18965	0|0	1,0,0
NA18966	1|1	3.9999e-06,0.00399195,0.996004
NA18967	1|1	2.5e-05,0.00994999,0.990025
NA18968	0|1	0.022954,0.975092,0.001954
NA18969	0|1	0,1,0
NA18970	1|1	9.99998e-05,0.0198,0.9801
NA18971	0|0	1,0,0
NA18972	1|0	0.022,0.978,0
NA18973	1|1	0,0.00400001,0.996
NA18974	0|0	0.976144,0.023712,0.000144
NA18975	1|1	0,0,1
NA18976	1|0	0.012,0.988,0
NA18978	1|1	5.99991e-06,0.00698797,0.993006
NA18980	1|1	0,0.000999987,0.999
NA18981	1|1	0,0.00199997,0.998
NA18987	1|0	0.00800002,0.992,0
NA18990	1|1	0,0,1
NA18991	0|1	0.4,0.6,0
NA18992	0|0	1,0,0
NA18994	1|1	9.00013e-06,0.00598204,0.994009
NA18995	1|1	0,0,1
NA18997	1|1	0,0,1
NA18998	1|0	0,1,0
NA18999	1|0	0.00199997,0.998,0
NA19000	1|1	4.90004e-05,0.0139021,0.986049
NA19003	1|1	0,0,1
NA19005	1|1	0,0,1
NA19007	0|0	1,0,0
NA19012	1|1	0,0,1
