NA18526	0|0	0	1,0,0
NA18532	0|0	0	1,0,0
NA18537	0|0	0	1,0,0
NA18542	0|0	0	1,0,0
NA18545	1|0	0.9	0.1,0.9,0
NA18547	0|0	0	1,0,0
NA18550	0|0	0	1,0,0
NA18552	0|0	0.01	0.99,0.01,0
NA18555	0|0	0	1,0,0
NA18558	0|0	0	1,0,0
NA18561	0|0	0	1,0,0
NA18562	0|0	0	1,0,0
NA18563	0|0	0	1,0,0
NA18564	0|0	0	1,0,0
NA18566	0|0	0	1,0,0
NA18570	0|0	0.13	0.87,0.13,0
NA18571	0|0	0	1,0,0
NA18572	0|0	0	1,0,0
NA18573	0|0	0	1,0,0
NA18577	0|0	0	1,0,0
NA18579	0|0	0	1,0,0
NA18582	0|0	0	1,0,0
NA18592	0|0	0	1,0,0
NA18593	0|0	0	1,0,0
NA18603	0|0	0	1,0,0
NA18605	0|0	0	1,0,0
NA18608	0|0	0	1,0,0
NA18609	0|0	0	1,0,0
NA18611	0|0	0	1,0,0
NA18612	0|0	0	1,0,0
NA18620	0|0	0	1,0,0
NA18621	0|1	0.73	0.27,0.73,0
NA18622	1|0	0.87	0.13,0.87,0
NA18623	0|0	0	1,0,0
NA18624	0|0	0	1,0,0
NA18632	0|0	0	1,0,0
NA18633	0|0	0	1,0,0
NA18635	0|0	0	1,0,0
NA18636	0|0	0	1,0,0
NA18637	0|0	0	1,0,0
NA18940	0|0	0	1,0,0
NA18942	0|0	0	1,0,0
NA18943	0|0	0	1,0,0
NA18944	0|0	0	1,0,0
NA18945	0|0	0	1,0,0
NA18947	0|0	0	1,0,0
NA18948	0|0	0	1,0,0
NA18949	0|0	0	1,0,0
NA18951	1|0	1	0,1,0
NA18952	0|0	0	1,0,0
NA18953	0|0	0	1,0,0
NA18956	0|0	0	1,0,0
NA18959	0|0	0	1,0,0
NA18960	0|0	0	1,0,0
NA18961	0|0	0	1,0,0
NA18964	0|0	0	1,0,0
NA18965	0|0	0	1,0,0
NA18966	0|0	0	1,0,0
NA18967	0|0	0	1,0,0
NA18968	0|0	0	1,0,0
NA18969	0|0	0	1,0,0
NA18970	0|0	0	1,0,0
NA18971	0|0	0	1,0,0
NA18972	0|0	0	1,0,0
NA18973	0|0	0	1,0,0
NA18974	0|0	0	1,0,0
NA18975	0|0	0	1,0,0
NA18976	0|0	0	1,0,0
NA18978	0|0	0	1,0,0
NA18980	0|0	0	1,0,0
NA18981	0|0	0	1,0,0
NA18987	0|0	0	1,0,0
NA18990	0|0	0	1,0,0
NA18991	0|0	0	1,0,0
NA18992	0|0	0	1,0,0
NA18994	0|0	0	1,0,0
NA18995	0|0	0	1,0,0
NA18997	0|0	0	1,0,0
NA18998	0|0	0	1,0,0
NA18999	0|0	0	1,0,0
NA19000	0|0	0	1,0,0
NA19003	0|0	0	1,0,0
NA19005	0|0	0	1,0,0
NA19007	0|0	0	1,0,0
NA19012	0|0	0	1,0,0
