NA18498	1|1	5.99991e-06,0.00698797,0.993006
NA18502	1|1	0,0.005,0.995
NA18505	1|1	0,0.00199997,0.998
NA18507	0|1	0,1,0
NA18508	0|1	0.00700003,0.993,0
NA18517	1|1	0,0,1
NA18519	0|1	0.055,0.945,0
NA18867	1|0	0,1,0
NA18870	0|0	1,0,0
NA18910	0|0	1,0,0
NA19092	0|0	1,0,0
NA19098	0|1	0.00199997,0.998,0
NA19099	1|0	0,1,0
NA19102	1|1	0,0,1
NA19108	1|0	0,1,0
NA19118	0|1	0,1,0
NA19119	1|0	0.000996987,0.996006,0.002997
NA19129	0|0	1,0,0
NA19130	0|1	0,1,0
NA19141	1|0	0.005,0.995,0
NA19146	1|1	0,0,1
NA19150	0|1	0.000999987,0.999,0
NA19152	0|1	0,1,0
NA19160	1|1	0,0.000999987,0.999
NA19171	1|0	0,1,0
NA19189	0|1	0.00700003,0.993,0
NA19204	0|1	0.000999987,0.999,0
NA19206	1|1	0,0,1
NA19207	0|1	0.000999987,0.999,0
NA19209	0|1	0.00700003,0.993,0
NA19213	1|1	0,0,1
NA19240	1|1	0,0,1
NA11829	0|0	1,0,0
NA11830	0|0	1,0,0
NA11831	0|0	0.999,0.001,0
NA11832	1|1	0,0.00199997,0.998
NA11840	0|1	0,1,0
NA11881	1|0	0,1,0
NA11994	0|1	0,1,0
NA11995	1|0	0.00199997,0.998,0
NA12004	0|1	0,1,0
NA12005	0|0	1,0,0
NA12043	0|0	1,0,0
NA12044	0|0	1,0,0
NA12144	0|0	1,0,0
NA12154	1|1	0,0,1
NA12155	0|0	1,0,0
NA12156	0|0	0.999,0.001,0
NA12234	0|0	1,0,0
NA12717	0|0	1,0,0
NA12750	0|0	1,0,0
NA12760	1|0	0,1,0
NA12761	0|0	1,0,0
NA12762	0|1	0.000998987,0.998002,0.000999
NA12763	0|0	1,0,0
NA12812	0|0	1,0,0
NA12813	0|0	1,0,0
NA12814	0|0	0.925,0.075,0
NA12815	1|1	0,0.00400001,0.996
NA12872	0|0	0.82,0.18,0
NA12873	0|0	1,0,0
NA12874	0|0	1,0,0
NA18526	0|0	1,0,0
NA18537	0|1	0,1,0
NA18550	0|0	1,0,0
NA18555	0|0	1,0,0
NA18562	0|0	1,0,0
NA18563	1|0	0.00599998,0.994,0
NA18582	0|0	1,0,0
NA18603	0|0	1,0,0
NA18606	0|0	1,0,0
NA18621	1|1	0,0.00999999,0.99
NA18622	0|0	1,0,0
NA18628	0|0	1,0,0
NA18632	0|0	1,0,0
NA18636	0|0	1,0,0
NA18647	0|0	1,0,0
NA18942	0|0	1,0,0
NA18945	0|0	0.997,0.003,0
NA18947	0|0	1,0,0
NA18951	0|0	1,0,0
NA18952	1|0	0,1,0
NA18953	1|0	0,1,0
NA18956	0|0	1,0,0
NA18965	1|1	0,0.00400001,0.996
NA18970	0|0	1,0,0
NA18973	1|0	0,1,0
NA18977	1|0	0.00300002,0.997,0
NA18987	0|0	1,0,0
NA18990	0|0	1,0,0
NA18995	0|0	1,0,0
NA19003	0|0	1,0,0
NA19010	0|1	0.000998987,0.998002,0.000999
