NA18498	1|0	1	0,1,0
NA18500	0|0	0	1,0,0
NA18501	0|1	1	0,1,0
NA18502	0|1	1	0,1,0
NA18503	0|0	0	1,0,0
NA18504	0|0	0	1,0,0
NA18505	1|0	1	0,1,0
NA18506	1|0	1	0,1,0
NA18507	1|1	2	0,0,1
NA18508	0|0	0	1,0,0
NA18515	0|1	1	0,1,0
NA18516	1|0	1	0,1,0
NA18517	0|1	1	0,1,0
NA18519	1|0	1	0,1,0
NA18521	1|0	1	0,1,0
NA18522	1|1	1.6	0,0.4,0.6
NA18523	0|1	1	0,1,0
NA18852	0|1	1	0,1,0
NA18853	0|0	0	1,0,0
NA18854	0|1	1	0,1,0
NA18855	0|1	1	0,1,0
NA18856	0|1	1	0,1,0
NA18857	0|1	1	0,1,0
NA18858	1|0	1	0,1,0
NA18859	1|1	2	0,0,1
NA18860	1|0	1	0,1,0
NA18861	1|0	1	0,1,0
NA18862	1|0	1	0,1,0
NA18863	1|0	1	0,1,0
NA18867	1|1	2	0,0,1
NA18870	0|1	1	0,1,0
NA18871	0|0	0	1,0,0
NA18872	0|1	1	0,1,0
NA18910	1|1	2	0,0,1
NA18912	0|0	0	1,0,0
NA18913	0|1	1	0,1,0
NA18914	0|0	0	1,0,0
NA19027	0|1	1	0,1,0
NA19028	1|0	1	0,1,0
NA19031	0|1	1	0,1,0
NA19035	0|1	1	0,1,0
NA19036	1|0	1	0,1,0
NA19038	0|1	1	0,1,0
NA19041	0|0	0	1,0,0
NA19092	0|0	0	1,0,0
NA19093	0|0	0	1,0,0
NA19094	0|0	0	1,0,0
NA19098	0|0	0	1,0,0
NA19099	0|1	1	0,1,0
NA19100	0|1	1	0,1,0
NA19101	0|0	0	1,0,0
NA19102	1|1	2	0,0,1
NA19103	0|1	1	0,1,0
NA19108	1|0	1	0,1,0
NA19116	0|0	0	1,0,0
NA19118	1|1	2	0,0,1
NA19119	1|0	1	0,1,0
NA19120	1|0	1	0,1,0
NA19127	1|1	2	0,0,1
NA19128	1|1	2	0,0,1
NA19129	1|1	2	0,0,1
NA19130	0|0	0	1,0,0
NA19131	0|1	1	0,1,0
NA19132	0|0	0	1,0,0
NA19137	0|0	0	1,0,0
NA19138	0|0	0	1,0,0
NA19139	0|0	0	1,0,0
NA19140	0|0	0	1,0,0
NA19141	1|1	2	0,0,1
NA19142	1|0	1	0,1,0
NA19143	0|0	0.1	0.9,0.1,0
NA19144	0|1	1	0,1,0
NA19145	1|0	1	0,1,0
NA19146	0|1	1	0,1,0
NA19150	1|0	1	0,1,0
NA19152	1|1	2	0,0,1
NA19153	0|0	0.06	0.94,0.06,0
NA19154	0|1	1	0,1,0
NA19159	1|1	2	0,0,1
NA19160	0|0	0	1,0,0
NA19161	0|1	1	0,1,0
NA19171	0|1	1	0,1,0
NA19172	1|0	1	0,1,0
NA19173	0|1	1	0,1,0
NA19189	0|0	0	1,0,0
NA19200	1|0	1	0,1,0
NA19201	1|1	2	0,0,1
NA19202	1|1	2	0,0,1
NA19203	0|0	0.01	0.99,0.01,0
NA19204	0|1	1	0,1,0
NA19205	1|0	1	0,1,0
NA19206	0|0	0	1,0,0
NA19207	0|0	0	1,0,0
NA19208	0|0	0	1,0,0
NA19209	1|1	2	0,0,1
NA19210	0|1	1	0,1,0
NA19211	1|1	2	0,0,1
NA19213	1|1	2	0,0,1
NA19221	1|1	2	0,0,1
NA19222	0|1	1	0,1,0
NA19223	1|1	2	0,0,1
NA19238	0|0	0	1,0,0
NA19239	1|0	1	0,1,0
NA19240	0|0	0	1,0,0
NA19307	1|1	2	0,0,1
NA19308	0|0	0	1,0,0
NA19309	0|1	0.82	0.18,0.82,0
NA19310	0|0	0	1,0,0
NA19314	1|1	1.78	0,0.22,0.78
NA19315	1|0	1	0,1,0
NA19316	0|1	1	0,1,0
NA19317	1|0	1	0,1,0
NA19318	0|1	1	0,1,0
NA19319	1|0	1	0,1,0
NA19321	0|1	1	0,1,0
NA19324	1|0	1	0,1,0
NA19327	0|0	0	1,0,0
NA19328	1|0	1	0,1,0
NA19332	1|0	1	0,1,0
NA19334	0|0	0	1,0,0
NA19346	1|1	2	0,0,1
NA19347	0|0	0	1,0,0
NA19350	1|0	1	0,1,0
NA19360	0|0	0	1,0,0
NA19372	0|1	1	0,1,0
NA19374	1|1	2	0,0,1
NA19375	0|1	1	0,1,0
NA19376	0|0	0	1,0,0
NA19377	0|0	0	1,0,0
NA19379	1|0	1	0,1,0
NA19380	0|0	0	1,0,0
NA19383	0|1	1	0,1,0
NA19384	0|1	1	0,1,0
NA19385	1|0	1	0,1,0
NA19390	0|0	0	1,0,0
NA19391	0|1	1	0,1,0
NA19393	1|1	2	0,0,1
NA19394	1|1	1.99	0,0.01,0.99
NA19397	0|1	0.65	0.35,0.65,0
NA19399	0|0	0	1,0,0
NA19403	1|1	1.99	0,0.01,0.99
NA19404	0|0	0	1,0,0
NA19428	0|1	1	0,1,0
NA19429	1|1	1.53	0,0.47,0.53
NA19430	0|0	0	1,0,0
NA19431	0|0	0	1,0,0
NA19434	0|0	0	1,0,0
NA19435	0|0	0	1,0,0
NA19436	0|0	0	1,0,0
NA19437	1|1	1.75	0,0.25,0.75
NA19438	1|0	1	0,1,0
NA19439	0|0	0	1,0,0
NA19440	0|1	1	0,1,0
NA19443	0|0	0	1,0,0
NA19445	0|1	1	0,1,0
NA19446	1|0	1	0,1,0
NA19448	1|0	1	0,1,0
NA19449	1|0	1	0,1,0
NA19451	1|0	1	0,1,0
NA19452	1|1	1.99	0,0.01,0.99
NA19455	0|0	0	1,0,0
NA19456	1|1	1.81	0,0.19,0.81
NA19457	0|0	0.1	0.9,0.1,0
NA19462	1|0	1	0,1,0
NA19463	0|0	0	1,0,0
NA19466	1|0	1	0,1,0
NA19467	0|1	1	0,1,0
NA19468	0|0	0.18	0.82,0.18,0
NA19471	0|0	0.07	0.93,0.07,0
NA19472	1|1	2	0,0,1
NA19473	0|0	0	1,0,0
NA19474	1|1	2	0,0,1
NA06985	1|1	2	0,0,1
NA06991	1|0	1	0,1,0
NA06993	0|1	1	0,1,0
NA06994	1|1	1.82	0,0.18,0.82
NA07000	1|1	2	0,0,1
NA07019	0|1	1	0,1,0
NA07022	1|0	1	0,1,0
NA07029	1|1	2	0,0,1
NA07034	0|0	0	1,0,0
NA07048	0|1	1	0,1,0
NA07055	1|1	2	0,0,1
NA07056	1|0	1	0,1,0
NA07345	1|1	2	0,0,1
NA07348	1|1	2	0,0,1
NA07357	1|1	2	0,0,1
NA10830	1|1	2	0,0,1
NA10831	0|1	1	0,1,0
NA10835	1|1	2	0,0,1
NA10838	0|1	1	0,1,0
NA10839	1|1	2	0,0,1
NA10846	1|1	2	0,0,1
NA10847	1|1	2	0,0,1
NA10851	1|1	2	0,0,1
NA10854	1|1	2	0,0,1
NA10855	1|1	2	0,0,1
NA10856	1|1	2	0,0,1
NA10857	0|1	1	0,1,0
NA10859	1|1	2	0,0,1
NA10860	0|0	0	1,0,0
NA10861	0|1	1	0,1,0
NA10863	1|1	2	0,0,1
NA11829	1|1	2	0,0,1
NA11830	1|1	2	0,0,1
NA11831	1|1	2	0,0,1
NA11832	1|1	2	0,0,1
NA11839	0|1	1	0,1,0
NA11840	1|1	2	0,0,1
NA11881	1|1	2	0,0,1
NA11882	1|1	2	0,0,1
NA11992	0|1	1	0,1,0
NA11993	1|0	1	0,1,0
NA11994	1|1	2	0,0,1
NA11995	1|0	1	0,1,0
NA12003	0|0	0	1,0,0
NA12004	1|1	2	0,0,1
NA12005	0|0	0	1,0,0
NA12006	1|1	2	0,0,1
NA12043	0|1	1	0,1,0
NA12044	0|1	1	0,1,0
NA12056	1|1	2	0,0,1
NA12057	1|0	1	0,1,0
NA12144	1|0	1	0,1,0
NA12145	1|1	2	0,0,1
NA12146	1|1	2	0,0,1
NA12154	1|1	2	0,0,1
NA12155	1|1	2	0,0,1
NA12156	1|0	1	0,1,0
NA12234	0|1	1	0,1,0
NA12236	1|1	2	0,0,1
NA12239	0|1	1	0,1,0
NA12248	1|1	2	0,0,1
NA12249	1|0	1	0,1,0
NA12264	1|1	2	0,0,1
NA12707	1|1	2	0,0,1
NA12716	1|1	2	0,0,1
NA12717	1|1	2	0,0,1
NA12740	0|0	0	1,0,0
NA12750	0|1	1	0,1,0
NA12751	0|1	1	0,1,0
NA12752	1|1	2	0,0,1
NA12753	1|1	2	0,0,1
NA12760	1|1	2	0,0,1
NA12761	1|1	2	0,0,1
NA12762	1|1	2	0,0,1
NA12763	1|1	2	0,0,1
NA12801	1|1	2	0,0,1
NA12802	1|1	2	0,0,1
NA12812	1|1	2	0,0,1
NA12813	1|1	2	0,0,1
NA12814	1|1	2	0,0,1
NA12815	1|0	1	0,1,0
NA12864	1|1	2	0,0,1
NA12865	0|1	1	0,1,0
NA12872	1|1	2	0,0,1
NA12873	1|1	2	0,0,1
NA12874	1|0	1	0,1,0
NA12875	1|1	2	0,0,1
NA12878	1|1	2	0,0,1
NA12891	1|1	2	0,0,1
NA12892	1|1	2	0,0,1
NA20502	1|1	2	0,0,1
NA20504	1|1	2	0,0,1
NA20505	1|1	2	0,0,1
NA20506	0|1	1	0,1,0
NA20508	1|1	2	0,0,1
NA20509	1|0	1	0,1,0
NA20510	1|1	1.98	0,0.02,0.98
NA20512	1|1	2	0,0,1
NA20515	0|0	0	1,0,0
NA20516	1|0	1	0,1,0
NA20517	1|0	1	0,1,0
NA20518	1|0	1	0,1,0
NA20519	1|1	1.57	0,0.43,0.57
NA20520	1|1	2	0,0,1
NA20521	1|1	2	0,0,1
NA20522	0|1	1	0,1,0
NA20524	1|1	2	0,0,1
NA20525	1|1	2	0,0,1
NA20527	1|0	1	0,1,0
NA20528	0|1	1	0,1,0
NA20529	1|1	2	0,0,1
NA20530	1|1	2	0,0,1
NA20531	1|0	1	0,1,0
NA20534	1|1	2	0,0,1
NA20535	1|0	1	0,1,0
NA20538	0|0	0	1,0,0
NA20539	1|1	2	0,0,1
NA20540	1|1	2	0,0,1
NA20541	0|1	0.83	0.17,0.83,0
NA20542	1|1	2	0,0,1
NA20543	0|1	1	0,1,0
NA20544	1|0	1	0,1,0
NA20581	1|1	2	0,0,1
NA20582	1|1	2	0,0,1
NA20585	1|0	1.15	0,0.85,0.15
NA20586	1|1	2	0,0,1
NA20588	0|1	1	0,1,0
NA20589	0|1	1	0,1,0
NA20752	1|1	2	0,0,1
NA20753	1|1	2	0,0,1
NA20754	1|1	2	0,0,1
NA20755	1|1	2	0,0,1
NA20756	1|1	2	0,0,1
NA20757	1|1	2	0,0,1
NA20758	1|1	2	0,0,1
NA20759	1|1	2	0,0,1
NA20760	1|1	2	0,0,1
NA20761	1|0	1.07	0,0.93,0.07
NA20765	1|1	2	0,0,1
NA20766	1|0	1	0,1,0
NA20768	1|1	2	0,0,1
NA20769	0|1	1	0,1,0
NA20770	1|0	1.44	0,0.56,0.44
NA20771	0|1	1	0,1,0
NA20772	1|0	1	0,1,0
NA20773	0|0	0	1,0,0
NA20774	0|1	1	0,1,0
NA20775	1|1	2	0,0,1
NA20778	1|1	2	0,0,1
NA20783	1|1	2	0,0,1
NA20785	1|1	1.99	0,0.01,0.99
NA20786	1|1	1.96	0,0.04,0.96
NA20790	1|1	2	0,0,1
NA20792	1|1	2	0,0,1
NA20795	1|0	1	0,1,0
NA20796	1|1	2	0,0,1
NA20797	1|1	2	0,0,1
NA20798	1|1	2	0,0,1
NA20799	1|1	2	0,0,1
NA20800	1|0	1	0,1,0
NA20801	1|1	2	0,0,1
NA20802	1|1	2	0,0,1
NA20803	1|1	2	0,0,1
NA20804	1|1	1.98	0,0.02,0.98
NA20805	1|1	2	0,0,1
NA20806	1|1	2	0,0,1
NA20807	1|1	2	0,0,1
NA20808	1|1	2	0,0,1
NA20809	0|1	1	0,1,0
NA20810	1|1	2	0,0,1
NA20811	0|1	1	0,1,0
NA20812	1|1	2	0,0,1
NA20813	1|1	2	0,0,1
NA20815	1|1	2	0,0,1
NA20818	0|1	1	0,1,0
NA20819	1|1	2	0,0,1
NA20826	1|0	1	0,1,0
NA20828	1|0	1	0,1,0
NA18526	1|1	2	0,0,1
NA18532	0|0	0	1,0,0
NA18537	1|1	1.79	0,0.21,0.79
NA18542	1|1	1.92	0,0.08,0.92
NA18545	1|1	2	0,0,1
NA18547	1|1	2	0,0,1
NA18550	1|1	2	0,0,1
NA18552	1|1	1.98	0,0.02,0.98
NA18555	1|1	1.99	0,0.01,0.99
NA18558	1|1	2	0,0,1
NA18561	1|1	2	0,0,1
NA18562	1|1	2	0,0,1
NA18563	1|0	0.98	0.02,0.98,0
NA18564	1|1	2	0,0,1
NA18566	1|1	2	0,0,1
NA18570	0|0	0	1,0,0
NA18571	1|1	2	0,0,1
NA18572	1|1	2	0,0,1
NA18573	1|1	2	0,0,1
NA18577	1|0	1	0,1,0
NA18579	1|1	1.51	0.04,0.41,0.55
NA18582	1|0	1	0,1,0
NA18592	0|1	1.01	0.03,0.94,0.03
NA18593	0|1	1	0,1,0
NA18603	1|1	1.85	0,0.15,0.85
NA18605	0|1	1	0,1,0
NA18608	0|1	1	0,1,0
NA18609	1|1	1.92	0,0.08,0.92
NA18611	1|1	2	0,0,1
NA18612	1|0	1	0,1,0
NA18620	0|1	1.02	0.01,0.97,0.03
NA18621	1|1	2	0,0,1
NA18622	1|1	2	0,0,1
NA18623	1|1	2	0,0,1
NA18624	1|1	2	0,0,1
NA18632	1|1	2	0,0,1
NA18633	1|1	1.92	0,0.08,0.92
NA18635	1|1	2	0,0,1
NA18636	1|1	2	0,0,1
NA18637	0|1	1	0,1,0
NA18940	1|1	2	0,0,1
NA18942	1|0	1	0,1,0
NA18943	1|0	1.33	0,0.67,0.33
NA18944	1|1	2	0,0,1
NA18945	1|1	2	0,0,1
NA18947	1|1	1.99	0,0.01,0.99
NA18948	1|1	2	0,0,1
NA18949	1|1	2	0,0,1
NA18951	1|1	1.72	0,0.28,0.72
NA18952	1|1	2	0,0,1
NA18953	1|1	2	0,0,1
NA18956	0|1	1.19	0,0.81,0.19
NA18959	0|1	1	0,1,0
NA18960	1|1	2	0,0,1
NA18961	1|1	2	0,0,1
NA18964	1|1	1.96	0,0.04,0.96
NA18965	0|1	0.98	0.02,0.98,0
NA18966	1|1	2	0,0,1
NA18967	1|0	1	0,1,0
NA18968	1|1	1.99	0,0.01,0.99
NA18969	1|1	2	0,0,1
NA18970	1|1	1.63	0,0.37,0.63
NA18971	0|1	1.34	0,0.66,0.34
NA18972	1|1	2	0,0,1
NA18973	1|1	2	0,0,1
NA18974	1|1	2	0,0,1
NA18975	1|1	2	0,0,1
NA18976	1|0	1	0,1,0
NA18978	1|1	2	0,0,1
NA18980	1|1	2	0,0,1
NA18981	1|1	2	0,0,1
NA18987	1|1	2	0,0,1
NA18990	1|1	2	0,0,1
NA18991	1|1	2	0,0,1
NA18992	1|1	1.56	0,0.44,0.56
NA18994	1|1	2	0,0,1
NA18995	1|1	2	0,0,1
NA18997	1|1	2	0,0,1
NA18998	0|1	1	0,1,0
NA18999	1|1	1.75	0,0.25,0.75
NA19000	0|1	1	0,1,0
NA19003	1|0	0.97	0.03,0.97,0
NA19005	0|1	1	0,1,0
NA19007	0|1	1	0,1,0
NA19012	1|1	1.74	0,0.26,0.74
