NA18498	1|0	1.3	0,0.7,0.3
NA18502	1|1	1.94	0,0.06,0.94
NA18507	0|0	0.01	0.99,0.01,0
NA18508	1|0	0.76	0.24,0.76,0
NA18517	1|0	0.8	0.2,0.8,0
NA18519	0|0	0.2	0.8,0.2,0
NA18861	0|1	1	0,1,0
NA18867	0|1	0.65	0.4,0.55,0.05
NA18870	1|1	1.78	0,0.22,0.78
NA18910	1|1	1.73	0,0.27,0.73
NA18912	0|0	0	1,0,0
NA19092	1|1	2	0,0,1
NA19093	1|0	1	0,1,0
NA19098	0|0	0.31	0.69,0.31,0
NA19099	0|0	0	1,0,0
NA19102	0|0	0	1,0,0
NA19108	0|0	0	1,0,0
NA19116	0|0	0.18	0.83,0.17,0
NA19118	0|0	0	1,0,0
NA19119	1|1	1.57	0.04,0.35,0.61
NA19129	0|0	0	1,0,0
NA19130	1|0	1.33	0,0.67,0.33
NA19131	0|0	0	1,0,0
NA19137	0|0	0	1,0,0
NA19141	0|0	0	1,0,0
NA19143	0|0	0	1,0,0
