NA11829	0|0	0.574564,0.366872,0.058564
NA11830	0|0	1,0,0
NA11831	0|0	1,0,0
NA11832	0|0	1,0,0
NA11840	0|1	0,1,0
NA11881	0|0	1,0,0
NA11994	1|1	0,0,1
NA11995	0|0	1,0,0
NA12004	0|0	1,0,0
NA12005	0|0	1,0,0
NA12043	0|0	1,0,0
NA12044	0|0	1,0,0
NA12144	1|1	0,0,1
NA12154	0|0	1,0,0
NA12155	0|0	1,0,0
NA12156	0|0	1,0,0
NA12234	0|0	1,0,0
NA12717	0|0	1,0,0
NA12750	0|0	1,0,0
NA12760	0|0	1,0,0
NA12761	0|0	1,0,0
NA12762	0|0	1,0,0
NA12763	0|0	1,0,0
NA12812	0|0	1,0,0
NA12813	0|0	1,0,0
NA12814	0|0	1,0,0
NA12815	1|0	0,1,0
NA12872	0|0	1,0,0
NA12873	0|0	1,0,0
NA12874	0|0	1,0,0
