NA11829	0|0	0	1,0,0
NA11830	0|0	0	1,0,0
NA11831	1|0	0.85	0.15,0.85,0
NA11832	0|0	0.21	0.79,0.21,0
NA11840	0|0	0	1,0,0
NA11881	1|1	1.88	0,0.12,0.88
NA11994	1|0	1	0,1,0
NA11995	1|0	1	0,1,0
NA12004	0|1	1.37	0.05,0.54,0.42
NA12005	1|1	1.94	0,0.06,0.94
NA12043	1|0	1	0,1,0
NA12044	0|1	1.02	0,0.98,0.02
NA12144	0|0	0	1,0,0
NA12154	0|0	0	1,0,0
NA12155	1|0	0.99	0.01,0.99,0
NA12156	0|0	0.25	0.75,0.25,0
NA12234	1|0	0.91	0.09,0.91,0
NA12717	0|0	0.12	0.88,0.12,0
NA12750	1|1	1.39	0.09,0.43,0.48
NA12760	1|1	1.93	0,0.06,0.93
NA12761	1|1	1.98	0,0.02,0.98
NA12762	0|1	1.43	0,0.57,0.43
NA12763	1|0	1.02	0,0.98,0.02
NA12812	0|0	0	1,0,0
NA12813	0|0	0.08	0.92,0.08,0
NA12814	0|1	0.58	0.42,0.58,0
NA12815	0|0	0.36	0.64,0.35,0
NA12872	1|0	1	0,1,0
NA12873	0|0	0.08	0.92,0.08,0
NA12874	0|1	1	0,1,0
NA12878	0|1	1	0,1,0
