NA18498	1|1	1.96	0,0.04,0.96
NA18502	1|1	2	0,0,1
NA18505	1|0	1	0,1,0
NA18507	1|0	1.36	0,0.64,0.36
NA18508	0|1	1	0,1,0
NA18517	1|0	1	0,1,0
NA18519	1|1	2	0,0,1
NA18867	1|0	1.09	0,0.91,0.09
NA18870	0|1	0.79	0.21,0.79,0
NA18910	1|0	1	0,1,0
NA19092	1|0	1.01	0,0.99,0.01
NA19098	1|1	2	0,0,1
NA19099	1|1	1.92	0,0.08,0.92
NA19102	0|0	0.42	0.59,0.41,0.01
NA19108	1|1	1.92	0,0.08,0.92
NA19118	1|0	0.79	0.21,0.79,0
NA19119	1|1	2	0,0,1
NA19129	0|1	1	0,1,0
NA19130	1|1	2	0,0,1
NA19141	1|1	1.96	0,0.04,0.96
NA19146	1|0	1	0,1,0
NA19150	1|1	2	0,0,1
NA19152	0|0	0.03	0.97,0.03,0
NA19160	1|1	2	0,0,1
NA19171	1|1	2	0,0,1
NA19189	0|0	0.43	0.57,0.43,0
NA19204	0|1	1.01	0,0.99,0.01
NA19206	1|1	2	0,0,1
NA19207	0|0	0.46	0.54,0.46,0
NA19209	1|1	2	0,0,1
NA19213	0|1	1	0,1,0
NA19240	0|0	0	1,0,0
