NA18498	1|0	0.99	0.01,0.99,0
NA18502	0|1	0.99	0.01,0.99,0
NA18505	0|0	0	1,0,0
NA18507	0|0	0.02	0.98,0.02,0
NA18508	1|0	1	0,1,0
NA18517	1|0	1	0,1,0
NA18519	1|0	1.15	0,0.85,0.15
NA18858	1|0	1	0,1,0
NA18861	0|0	0	1,0,0
NA18867	0|0	0	1,0,0
NA18870	0|0	0.1	0.9,0.1,0
NA18910	0|0	0.24	0.76,0.24,0
NA18912	0|0	0	1,0,0
NA19092	0|1	1	0,1,0
NA19093	0|1	1	0,1,0
NA19098	0|1	1	0,1,0
NA19099	1|0	1	0,1,0
NA19102	0|1	1	0,1,0
NA19108	0|1	1	0,1,0
NA19116	0|0	0	1,0,0
NA19118	0|0	0	1,0,0
NA19119	0|0	0	1,0,0
NA19129	0|0	0	1,0,0
NA19130	0|0	0	1,0,0
NA19131	1|1	1.54	0,0.46,0.54
NA19137	1|0	1.24	0,0.76,0.24
NA19138	0|0	0.1	0.9,0.1,0
NA19141	0|0	0	1,0,0
NA19143	1|1	2	0,0,1
NA19144	0|0	0	1,0,0
NA19146	0|0	0	1,0,0
NA19150	1|0	1	0,1,0
NA19152	1|0	0.8	0.2,0.8,0
NA19153	0|1	0.99	0.01,0.99,0
NA19159	0|0	0.16	0.84,0.16,0
NA19160	0|1	1	0,1,0
NA19171	0|0	0.04	0.96,0.04,0
NA19172	0|0	0	1,0,0
NA19189	0|1	0.97	0.03,0.97,0
NA19200	0|1	1	0,1,0
NA19201	0|0	0	1,0,0
NA19204	0|1	1	0,1,0
NA19206	0|1	1	0,1,0
NA19207	1|1	2	0,0,1
NA19209	0|0	0	1,0,0
NA19210	0|0	0	1,0,0
NA19213	1|1	2	0,0,1
NA19222	0|0	0	1,0,0
NA19223	0|0	0	1,0,0
NA19240	0|1	0.8	0.2,0.8,0
