NA18498	1|1	0,0.015,0.985
NA18500	0|1	0.000999987,0.999,0
NA18501	1|0	0.000999987,0.999,0
NA18502	1|1	0,0.000999987,0.999
NA18503	1|1	3.20001e-05,0.011936,0.988032
NA18504	1|1	0,0.00199997,0.998
NA18505	1|1	0,0,1
NA18506	1|1	0,0.000999987,0.999
NA18507	1|1	0,0.00199997,0.998
NA18508	1|1	0,0.00199997,0.998
NA18515	1|1	0,0.00199997,0.998
NA18516	1|1	0,0.00199997,0.998
NA18517	1|1	0,0,1
NA18519	1|1	0,0,1
NA18521	1|1	0,0,1
NA18522	1|1	0,0,1
NA18523	1|1	3.9999e-06,0.00399195,0.996004
NA18852	1|1	0,0.00300002,0.997
NA18853	1|1	0,0.00400001,0.996
NA18854	1|1	0,0,1
NA18855	1|1	0,0.00300002,0.997
NA18856	1|1	0,0.00300002,0.997
NA18857	1|1	0,0,1
NA18858	1|1	0,0,1
NA18859	1|1	0,0,1
NA18860	1|1	0,0,1
NA18861	1|1	0,0,1
NA18862	1|1	0,0,1
NA18863	1|1	0,0,1
NA18867	1|1	1.19998e-05,0.00797596,0.992012
NA18870	1|1	0,0,1
NA18871	1|1	0,0,1
NA18872	1|1	0,0,1
NA18910	1|1	0,0,1
NA18912	1|1	0,0.00300002,0.997
NA18913	1|1	0,0,1
NA18914	1|1	0,0,1
NA19027	1|1	0,0.005,0.995
NA19028	1|1	0,0,1
NA19031	1|1	0,0,1
NA19035	1|1	0,0.00199997,0.998
NA19036	1|1	0,0,1
NA19038	1|1	0,0,1
NA19041	1|1	0,0,1
NA19092	1|1	0,0,1
NA19093	1|1	0,0.028,0.972
NA19094	1|1	0,0,1
NA19098	1|1	0,0.00199997,0.998
NA19099	1|1	0,0.000999987,0.999
NA19100	1|1	0,0.00400001,0.996
NA19101	1|1	0,0,1
NA19102	1|1	0,0.00599998,0.994
NA19103	1|1	0,0,1
NA19108	1|1	0.000143998,0.144712,0.855144
NA19116	1|1	0,0,1
NA19118	1|1	0,0,1
NA19119	1|1	0,0,1
NA19120	0|1	0.000999987,0.999,0
NA19127	1|1	0,0.000999987,0.999
NA19128	1|1	0,0,1
NA19129	1|1	0,0,1
NA19130	1|1	0,0,1
NA19131	1|1	0,0.00199997,0.998
NA19132	1|1	0,0,1
NA19137	1|1	0,0.000999987,0.999
NA19138	1|1	0,0,1
NA19139	1|1	0,0,1
NA19140	1|1	0,0,1
NA19141	1|1	0,0,1
NA19142	1|1	0,0,1
NA19143	1|1	1.99995e-06,0.00299596,0.997002
NA19144	1|1	0,0,1
NA19145	1|1	0,0.00199997,0.998
NA19146	1|1	0,0.00700003,0.993
NA19150	1|1	0,0.00300002,0.997
NA19152	1|1	0,0.000999987,0.999
NA19153	1|1	0,0.000999987,0.999
NA19154	1|1	0,0,1
NA19159	1|1	0,0,1
NA19160	1|1	0,0,1
NA19161	1|1	0,0,1
NA19171	1|1	0,0.041,0.959
NA19172	1|1	0,0,1
NA19173	1|1	0,0,1
NA19189	1|1	0,0,1
NA19200	1|1	0,0.027,0.973
NA19201	1|1	0,0.00300002,0.997
NA19202	1|1	0,0.00199997,0.998
NA19203	1|1	0,0,1
NA19204	1|0	0,0.982,0.018
NA19205	1|1	0,0,1
NA19206	1|1	0,0,1
NA19207	1|1	0,0,1
NA19208	1|1	0,0,1
NA19209	1|1	0,0.00199997,0.998
NA19210	1|1	0,0,1
NA19211	1|1	0,0,1
NA19213	1|1	0,0.000999987,0.999
NA19221	1|1	0,0,1
NA19222	1|1	1.50001e-05,0.00797002,0.992015
NA19223	1|1	0,0.00599998,0.994
NA19238	1|1	1.99995e-06,0.00299596,0.997002
NA19239	1|1	0,0,1
NA19240	1|1	0,0,1
NA19307	1|1	0,0,1
NA19308	1|1	0,0.000999987,0.999
NA19309	1|1	0,0,1
NA19310	1|1	0,0.00400001,0.996
NA19314	1|1	0,0,1
NA19315	1|1	1.99995e-06,0.00299596,0.997002
NA19316	1|1	1.09998e-05,0.011978,0.988011
NA19317	1|1	0,0.00199997,0.998
NA19318	1|1	1.99995e-06,0.00299596,0.997002
NA19319	1|1	0,0.00599998,0.994
NA19321	1|1	1.20001e-05,0.00697603,0.993012
NA19324	1|1	0,0,1
NA19327	1|1	0,0.00199997,0.998
NA19328	1|1	0,0.00400001,0.996
NA19332	1|1	0,0.00199997,0.998
NA19334	1|1	0,0,1
NA19346	1|1	0,0.000999987,0.999
NA19347	1|1	0,0,1
NA19350	1|1	0,0.000999987,0.999
NA19360	1|1	0,0.02,0.98
NA19372	1|1	0,0.00400001,0.996
NA19374	1|1	0,0.005,0.995
NA19375	1|1	9.99974e-07,0.00199797,0.998001
NA19376	1|1	0,0,1
NA19377	1|1	0,0.000999987,0.999
NA19379	1|1	0,0.000999987,0.999
NA19380	1|1	6.00001e-05,0.01888,0.98106
NA19383	1|1	0,0,1
NA19384	1|1	0,0,1
NA19385	1|1	3.90003e-05,0.015922,0.984039
NA19390	1|1	0,0,1
NA19391	1|1	2.4e-05,0.00995199,0.990024
NA19393	1|1	0,0.00199997,0.998
NA19394	1|1	0,0,1
NA19397	1|1	0,0,1
NA19399	1|1	0,0,1
NA19403	1|1	9.99974e-07,0.00199797,0.998001
NA19404	1|1	0,0,1
NA19428	1|1	9.99974e-07,0.00199797,0.998001
NA19429	1|1	0,0.00300002,0.997
NA19430	1|1	0.001836,0.209328,0.788836
NA19431	1|1	0,0.00300002,0.997
NA19434	1|1	0,0.00199997,0.998
NA19435	1|1	0,0.00199997,0.998
NA19436	1|1	0,0.000999987,0.999
NA19437	1|1	0,0,1
NA19438	1|1	0,0.00300002,0.997
NA19439	1|1	0,0.00199997,0.998
NA19440	1|1	0,0.000999987,0.999
NA19443	1|1	0,0,1
NA19445	1|1	0,0,1
NA19446	1|1	0,0.000999987,0.999
NA19448	1|1	0,0.000999987,0.999
NA19449	1|1	0,0.00199997,0.998
NA19451	1|1	0,0.011,0.989
NA19452	1|1	0,0.005,0.995
NA19455	1|1	7.00002e-05,0.01686,0.98307
NA19456	1|1	0,0,1
NA19457	1|1	0,0.000999987,0.999
NA19462	1|1	0,0,1
NA19463	1|1	0,0,1
NA19466	1|1	0,0.00199997,0.998
NA19467	1|1	0,0,1
NA19468	1|1	1.50001e-05,0.00797002,0.992015
NA19471	1|1	0,0.00199997,0.998
NA19472	1|1	0,0,1
NA19473	1|1	3.9999e-06,0.00399195,0.996004
NA19474	1|1	0,0.044,0.956
NA06985	0|1	0,1,0
NA06991	0|0	1,0,0
NA06993	1|0	0.000999987,0.999,0
NA06994	0|1	0,1,0
NA07000	1|0	0,1,0
NA07019	0|1	0,1,0
NA07022	0|1	0.00199997,0.998,0
NA07029	0|1	0,1,0
NA07034	1|1	0,0,1
NA07048	1|1	0,0,1
NA07055	1|1	0,0,1
NA07056	1|1	0,0,1
NA07345	0|1	0,0.989,0.011
NA07348	1|1	0,0,1
NA07357	1|1	0,0,1
NA10830	1|1	0,0,1
NA10831	1|1	0,0,1
NA10835	1|1	0,0.000999987,0.999
NA10838	1|1	0,0.00400001,0.996
NA10839	1|1	0,0,1
NA10846	0|1	0,1,0
NA10847	1|1	0,0,1
NA10851	1|1	0,0,1
NA10854	1|1	0,0,1
NA10855	0|1	0,1,0
NA10856	1|1	0,0,1
NA10857	1|0	0,1,0
NA10859	1|1	0,0,1
NA10860	1|1	0,0,1
NA10861	1|1	0,0,1
NA10863	1|0	0,1,0
NA11829	1|1	0,0.00199997,0.998
NA11830	1|1	3.39996e-05,0.018932,0.981034
NA11831	0|1	0,1,0
NA11832	1|1	0,0.00700003,0.993
NA11839	0|1	0,1,0
NA11840	1|1	0,0,1
NA11881	1|1	0,0,1
NA11882	1|1	0,0.000999987,0.999
NA11992	1|0	0,1,0
NA11993	1|1	0,0.013,0.987
NA11994	1|1	0,0.005,0.995
NA11995	1|1	0,0.005,0.995
NA12003	1|1	0,0.00300002,0.997
NA12004	1|1	0,0,1
NA12005	1|1	0,0.00599998,0.994
NA12006	1|1	0,0,1
NA12043	1|1	0,0.00199997,0.998
NA12044	1|0	0,1,0
NA12056	1|0	0,1,0
NA12057	1|1	0,0.00300002,0.997
NA12144	1|1	0,0,1
NA12145	0|1	0.00199997,0.998,0
NA12146	1|0	0,1,0
NA12154	1|1	0,0,1
NA12155	1|1	0,0.00300002,0.997
NA12156	1|1	0,0,1
NA12234	1|1	0,0,1
NA12236	1|1	0,0,1
NA12239	1|1	0,0.000999987,0.999
NA12248	1|1	0,0.00300002,0.997
NA12249	1|1	0,0.000999987,0.999
NA12264	0|1	0,1,0
NA12707	1|1	0,0.000999987,0.999
NA12716	1|0	0,1,0
NA12717	1|1	0,0.00199997,0.998
NA12740	1|1	0,0,1
NA12750	1|1	0,0.00300002,0.997
NA12751	1|1	0,0,1
NA12752	1|1	0,0,1
NA12753	1|1	0,0,1
NA12760	1|1	0,0,1
NA12761	1|1	0,0,1
NA12762	1|1	9.99974e-07,0.00199797,0.998001
NA12763	1|1	0,0.000999987,0.999
NA12801	0|1	0,1,0
NA12802	1|0	0,0.998,0.002
NA12812	1|0	0,1,0
NA12813	1|1	0,0.000999987,0.999
NA12814	0|0	0.992,0.008,0
NA12815	1|1	0,0,1
NA12864	1|1	0,0,1
NA12865	1|1	0,0,1
NA12872	1|1	0,0.000999987,0.999
NA12873	1|1	0,0,1
NA12874	1|1	0,0.000999987,0.999
NA12875	1|1	0,0.00400001,0.996
NA12878	0|1	0,1,0
NA12891	1|0	0.00300002,0.997,0
NA12892	1|1	0,0,1
NA20502	1|1	0,0.00800002,0.992
NA20504	1|1	0,0.00400001,0.996
NA20505	1|0	0.000999987,0.999,0
NA20506	1|0	0,1,0
NA20508	1|1	0,0.00700003,0.993
NA20509	1|1	2.99996e-05,0.03094,0.96903
NA20510	1|1	0,0,1
NA20512	1|1	0,0.00300002,0.997
NA20515	1|1	0,0.000999987,0.999
NA20516	1|0	0,1,0
NA20517	1|1	0,0,1
NA20518	1|1	0,0.011,0.989
NA20519	0|1	0.000623992,0.623752,0.375624
NA20520	1|0	0,0.997,0.003
NA20521	1|1	0,0.00999999,0.99
NA20522	1|1	0,0.00300002,0.997
NA20524	1|1	1.39999e-05,0.008972,0.991014
NA20525	0|1	0,1,0
NA20527	1|1	5.99996e-06,0.004988,0.995006
NA20528	1|0	0.00798402,0.990032,0.001984
NA20529	1|0	0.00800002,0.992,0
NA20530	0|1	0,1,0
NA20531	1|1	0,0.005,0.995
NA20534	1|1	0,0,1
NA20535	1|1	3.9999e-06,0.00399195,0.996004
NA20538	1|1	0,0,1
NA20539	0|1	0,0.923,0.077
NA20540	1|1	0,0.036,0.964
NA20541	1|1	0,0,1
NA20542	1|1	0,0,1
NA20543	1|1	0,0.000999987,0.999
NA20544	1|1	0,0,1
NA20581	1|1	0,0.00800002,0.992
NA20582	1|1	0,0,1
NA20585	1|1	0,0,1
NA20586	1|0	0,1,0
NA20588	0|1	0,1,0
NA20589	1|0	0,1,0
NA20752	0|1	0,0.903,0.097
NA20753	1|0	0,1,0
NA20754	1|1	9.99974e-07,0.00199797,0.998001
NA20755	1|1	0,0.000999987,0.999
NA20756	1|1	2.40002e-05,0.010952,0.989024
NA20757	1|1	0.000102,0.022796,0.977102
NA20758	1|1	0,0,1
NA20759	0|1	0.000998987,0.998002,0.000999
NA20760	1|1	0,0.005,0.995
NA20761	1|0	0,1,0
NA20765	1|1	0,0,1
NA20766	0|1	0.00199997,0.998,0
NA20768	0|0	1,0,0
NA20769	1|1	0,0.00400001,0.996
NA20770	1|0	0,1,0
NA20771	1|1	5.99996e-06,0.004988,0.995006
NA20772	1|1	0,0.000999987,0.999
NA20773	1|1	0,0.00300002,0.997
NA20774	1|1	0,0.000999987,0.999
NA20775	1|1	0,0.005,0.995
NA20778	1|0	0.00300002,0.997,0
NA20783	1|1	1.99995e-06,0.00299596,0.997002
NA20785	1|1	0,0.00199997,0.998
NA20786	1|1	1.99995e-06,0.00299596,0.997002
NA20787	1|1	0,0.011,0.989
NA20790	1|1	0,0,1
NA20792	1|0	0,1,0
NA20795	1|1	0,0.000999987,0.999
NA20796	1|1	0,0,1
NA20797	1|1	1.99995e-06,0.00299596,0.997002
NA20798	1|1	0,0.000999987,0.999
NA20799	1|0	0.000827989,0.827344,0.171828
NA20800	1|1	0,0.011,0.989
NA20801	1|1	0,0.022,0.978
NA20802	1|1	0,0.00700003,0.993
NA20803	1|1	0,0.067,0.933
NA20804	1|1	0,0.00199997,0.998
NA20805	1|1	1.59998e-05,0.00996799,0.990016
NA20806	1|1	0,0.00999999,0.99
NA20807	0|1	0,1,0
NA20808	1|1	0,0.061,0.939
NA20809	1|1	3.60003e-05,0.014928,0.985036
NA20810	1|0	0.00199997,0.998,0
NA20811	0|1	0,1,0
NA20812	1|1	0,0,1
NA20813	1|1	0,0.00999999,0.99
NA20815	1|0	0.021,0.979,0
NA20818	1|1	0.000774005,0.259452,0.739774
NA20819	1|1	4.99993e-06,0.00598998,0.994005
NA20826	1|0	0,1,0
NA20828	1|1	0,0.00400001,0.996
NA18526	1|1	0,0.036,0.964
NA18532	1|1	0,0.012,0.988
NA18537	1|1	0,0.011,0.989
NA18542	1|1	0,0,1
NA18545	1|1	0,0.00400001,0.996
NA18547	1|1	4.8e-05,0.013904,0.986048
NA18550	1|1	0,0.000999987,0.999
NA18552	1|1	1.79998e-05,0.018964,0.981018
NA18555	1|1	0,0.00400001,0.996
NA18558	1|1	0,0.000999987,0.999
NA18561	1|1	2.99998e-06,0.00399401,0.996003
NA18562	1|1	0,0,1
NA18563	1|1	0,0,1
NA18564	1|1	0,0,1
NA18566	1|1	3.90003e-05,0.015922,0.984039
NA18570	1|1	0,0.000999987,0.999
NA18571	1|1	0,0.00599998,0.994
NA18572	1|1	0,0.045,0.955
NA18573	1|1	4.29994e-05,0.043914,0.956043
NA18577	1|1	0,0.009,0.991
NA18579	1|1	0,0.00700003,0.993
NA18582	1|1	4.19995e-05,0.022916,0.977042
NA18592	1|1	5.99991e-06,0.00698797,0.993006
NA18593	1|1	4e-05,0.01292,0.98704
NA18603	1|1	0,0.031,0.969
NA18605	1|1	0,0.00300002,0.997
NA18608	1|1	0,0.000999987,0.999
NA18609	1|1	3.00002e-05,0.01294,0.98703
NA18611	1|1	0,0.00300002,0.997
NA18612	1|1	0.000225,0.02955,0.970225
NA18620	1|1	0,0.023,0.977
NA18621	1|1	0,0,1
NA18622	1|1	0,0.000999987,0.999
NA18623	1|1	1.39999e-05,0.008972,0.991014
NA18624	1|1	0,0,1
NA18632	1|1	2.4e-05,0.00995199,0.990024
NA18633	1|1	0,0.019,0.981
NA18635	1|1	9.99974e-07,0.00199797,0.998001
NA18636	1|1	2.99998e-06,0.00399401,0.996003
NA18637	1|1	1.39998e-05,0.014972,0.985014
NA18940	1|1	0,0,1
NA18942	1|1	0,0.02,0.98
NA18943	1|1	0,0.00300002,0.997
NA18944	1|1	0,0,1
NA18945	1|1	0,0.00300002,0.997
NA18947	1|1	5.99996e-06,0.004988,0.995006
NA18948	1|1	3.99996e-06,0.004992,0.995004
NA18949	1|1	0,0.00599998,0.994
NA18951	1|1	0,0.00199997,0.998
NA18952	1|1	0,0.000999987,0.999
NA18953	1|1	9.20002e-05,0.026816,0.973092
NA18956	1|1	1.50001e-05,0.00797002,0.992015
NA18959	1|1	0,0.015,0.985
NA18960	1|1	7.20002e-05,0.016856,0.983072
NA18961	1|1	0,0.00199997,0.998
NA18964	1|1	0.000847998,0.0673039,0.931848
NA18965	1|1	0,0.00199997,0.998
NA18966	1|1	0,0,1
NA18967	1|1	0,0.005,0.995
NA18968	1|1	0.000138001,0.048724,0.951138
NA18969	1|1	4.80002e-05,0.015904,0.984048
NA18970	1|1	0,0.000999987,0.999
NA18971	1|1	0,0.00199997,0.998
NA18972	1|1	0,0,1
NA18973	1|1	0,0.016,0.984
NA18974	1|1	0,0.00400001,0.996
NA18975	1|1	0.000156,0.024688,0.975156
NA18976	1|1	0,0.00199997,0.998
NA18978	1|1	9.99986e-06,0.01098,0.98901
NA18980	1|1	0,0.00800002,0.992
NA18981	1|1	0,0.00300002,0.997
NA18987	1|1	0,0,1
NA18990	1|1	0,0.00199997,0.998
NA18991	1|1	3.50001e-05,0.01193,0.988035
NA18992	1|1	0,0.00400001,0.996
NA18994	1|1	9.00013e-06,0.00598204,0.994009
NA18995	1|1	0,0,1
NA18997	1|1	0,0.00199997,0.998
NA18998	1|1	0,0,1
NA18999	1|1	2.10002e-05,0.00995805,0.990021
NA19000	1|1	0,0,1
NA19003	1|1	0,0.00300002,0.997
NA19005	1|1	2.99998e-06,0.00399401,0.996003
NA19007	1|1	0,0,1
NA19012	1|1	0,0,1
