NA18498	1|0	0.00546002,0.77608,0.21846
NA18502	1|1	0,0.00700003,0.993
NA18505	0|0	0.34068,0.49664,0.16268
NA18507	0|1	0,0.989,0.011
NA18508	0|1	0.000996987,0.996006,0.002997
NA18517	1|0	0.0026,0.5198,0.4776
NA18519	1|1	1.39999e-05,0.008972,0.991014
NA18867	1|1	0,0.00300002,0.997
NA18870	0|1	0,0.792,0.208
NA18910	1|0	0.00597598,0.990048,0.003976
NA19092	0|0	0.832288,0.166424,0.001288
NA19098	1|1	0,0,1
NA19099	1|0	0,0.999,0.001
NA19102	0|1	0,1,0
NA19108	1|1	0,0.005,0.995
NA19118	1|0	0.00599998,0.994,0
NA19119	1|1	0,0,1
NA19129	1|1	0,0.00300002,0.997
NA19130	1|1	0,0,1
NA19141	1|1	0,0.00300002,0.997
NA19146	1|0	0,1,0
NA19150	1|0	0,1,0
NA19152	0|1	0,1,0
NA19160	1|1	4.50003e-05,0.01791,0.982045
NA19171	1|1	0,0.00199997,0.998
NA19189	0|0	1,0,0
NA19204	1|1	0,0,1
NA19206	1|1	0,0,1
NA19207	0|1	0.00300002,0.997,0
NA19209	1|0	0.000732991,0.732534,0.266733
NA19213	0|1	0.49,0.51,0
NA19240	0|0	1,0,0
