NA11829	0|0	1,0,0
NA11830	0|0	1,0,0
NA11831	0|0	0.544,0.456,0
NA11832	1|0	0.032,0.968,0
NA11840	0|0	0.994005,0.00599,5e-06
NA11881	1|1	0.000144,0.029712,0.970144
NA11994	1|0	0.031936,0.966128,0.001936
NA11995	1|0	0,1,0
NA12004	1|1	0,0.000999987,0.999
NA12005	1|1	1.39998e-05,0.014972,0.985014
NA12043	1|0	0.025818,0.967364,0.006818
NA12044	1|1	1.59998e-05,0.016968,0.983016
NA12144	0|0	0.999,0.001,0
NA12154	0|0	0.998,0.002,0
NA12155	1|0	0.079,0.921,0
NA12156	0|1	0,0.667,0.333
NA12234	0|0	1,0,0
NA12717	0|1	0.27972,0.71956,0.00072
NA12750	1|0	0,1,0
NA12760	1|1	0,0,1
NA12761	1|1	0,0.000999987,0.999
NA12762	1|1	5.79992e-05,0.030884,0.969058
NA12763	1|0	0.011844,0.975312,0.012844
NA12812	0|0	1,0,0
NA12813	0|0	0.999,0.001,0
NA12814	0|1	0.402,0.598,0
NA12815	1|0	0.484,0.516,0
NA12872	1|0	0,1,0
NA12873	1|1	0,0.038,0.962
NA12874	0|1	0,1,0
NA12878	0|0	0.999,0.001,0
