NA18498	1|0	0.00546002,0.77608,0.21846
NA18502	1|1	0,0.00700003,0.993
NA18505	0|0	0.34068,0.49664,0.16268
NA18507	0|1	0,0.989,0.011
NA18508	0|1	0.000996987,0.996006,0.002997
NA18517	1|0	0.0026,0.5198,0.4776
NA18519	1|1	1.39999e-05,0.008972,0.991014
NA18867	1|1	0,0.00300002,0.997
NA18870	0|1	0,0.792,0.208
NA18910	1|0	0.00597598,0.990048,0.003976
NA19092	0|0	0.832288,0.166424,0.001288
NA19098	1|1	0,0,1
NA19099	1|0	0,0.999,0.001
NA19102	0|1	0,1,0
NA19108	1|1	0,0.005,0.995
NA19118	1|0	0.00599998,0.994,0
NA19119	1|1	0,0,1
NA19129	1|1	0,0.00300002,0.997
NA19130	1|1	0,0,1
NA19141	1|1	0,0.00300002,0.997
NA19146	1|0	0,1,0
NA19150	1|0	0,1,0
NA19152	0|1	0,1,0
NA19160	1|1	4.50003e-05,0.01791,0.982045
NA19171	1|1	0,0.00199997,0.998
NA19189	0|0	1,0,0
NA19204	1|1	0,0,1
NA19206	1|1	0,0,1
NA19207	0|1	0.00300002,0.997,0
NA19209	1|0	0.000732991,0.732534,0.266733
NA19213	0|1	0.49,0.51,0
NA19240	0|0	1,0,0
NA11829	0|0	1,0,0
NA11830	0|0	1,0,0
NA11831	0|0	0.544,0.456,0
NA11832	1|0	0.032,0.968,0
NA11840	0|0	0.994005,0.00599,5e-06
NA11881	1|1	0.000144,0.029712,0.970144
NA11994	1|0	0.031936,0.966128,0.001936
NA11995	1|0	0,1,0
NA12004	1|1	0,0.000999987,0.999
NA12005	1|1	1.39998e-05,0.014972,0.985014
NA12043	1|0	0.025818,0.967364,0.006818
NA12044	1|1	1.59998e-05,0.016968,0.983016
NA12144	0|0	0.999,0.001,0
NA12154	0|0	0.998,0.002,0
NA12155	1|0	0.079,0.921,0
NA12156	0|1	0,0.667,0.333
NA12234	0|0	1,0,0
NA12717	0|1	0.27972,0.71956,0.00072
NA12750	1|0	0,1,0
NA12760	1|1	0,0,1
NA12761	1|1	0,0.000999987,0.999
NA12762	1|1	5.79992e-05,0.030884,0.969058
NA12763	1|0	0.011844,0.975312,0.012844
NA12812	0|0	1,0,0
NA12813	0|0	0.999,0.001,0
NA12814	0|1	0.402,0.598,0
NA12815	1|0	0.484,0.516,0
NA12872	1|0	0,1,0
NA12873	1|1	0,0.038,0.962
NA12874	0|1	0,1,0
NA12878	0|0	0.999,0.001,0
NA18526	1|1	7.20002e-05,0.016856,0.983072
NA18537	0|1	0.021,0.979,0
NA18550	0|0	0.999,0.001,0
NA18555	1|0	0.00399201,0.994016,0.001992
NA18562	0|1	0,0.653,0.347
NA18563	0|0	1,0,0
NA18582	0|1	0.00599998,0.994,0
NA18603	1|1	0,0,1
NA18606	0|0	0.627732,0.367536,0.004732
NA18621	0|0	0.998,0.002,0
NA18622	0|0	0.891,0.109,0
NA18628	0|1	0.258,0.742,0
NA18632	0|0	0.997,0.003,0
NA18636	0|1	0.03,0.97,0
NA18647	0|0	0.822,0.178,0
NA18942	0|0	0.986,0.014,0
NA18945	1|0	0.000999987,0.999,0
NA18947	0|0	0.986024,0.013952,2.4e-05
NA18951	0|1	0.000999987,0.999,0
NA18952	1|1	0,0.00400001,0.996
NA18953	1|0	0.379,0.621,0
NA18956	0|0	0.999,0.001,0
NA18965	1|0	0.295,0.705,0
NA18970	1|0	0.00599998,0.994,0
NA18973	0|1	0.000999987,0.999,0
NA18977	1|0	0.011908,0.905184,0.082908
NA18987	0|1	0.00199997,0.998,0
NA18990	1|0	0,0.515,0.485
NA18995	1|1	0,0,1
NA19003	0|1	0.00199997,0.998,0
NA19010	0|0	0.898,0.102,0
