NA18498	1|1	1.96	0,0.04,0.96
NA18502	1|1	2	0,0,1
NA18505	1|0	1	0,1,0
NA18507	1|0	1.36	0,0.64,0.36
NA18508	0|1	1	0,1,0
NA18517	1|0	1	0,1,0
NA18519	1|1	2	0,0,1
NA18867	1|0	1.09	0,0.91,0.09
NA18870	0|1	0.79	0.21,0.79,0
NA18910	1|0	1	0,1,0
NA19092	1|0	1.01	0,0.99,0.01
NA19098	1|1	2	0,0,1
NA19099	1|1	1.92	0,0.08,0.92
NA19102	0|0	0.42	0.59,0.41,0.01
NA19108	1|1	1.92	0,0.08,0.92
NA19118	1|0	0.79	0.21,0.79,0
NA19119	1|1	2	0,0,1
NA19129	0|1	1	0,1,0
NA19130	1|1	2	0,0,1
NA19141	1|1	1.96	0,0.04,0.96
NA19146	1|0	1	0,1,0
NA19150	1|1	2	0,0,1
NA19152	0|0	0.03	0.97,0.03,0
NA19160	1|1	2	0,0,1
NA19171	1|1	2	0,0,1
NA19189	0|0	0.43	0.57,0.43,0
NA19204	0|1	1.01	0,0.99,0.01
NA19206	1|1	2	0,0,1
NA19207	0|0	0.46	0.54,0.46,0
NA19209	1|1	2	0,0,1
NA19213	0|1	1	0,1,0
NA19240	0|0	0	1,0,0
NA11829	0|0	0	1,0,0
NA11830	0|0	0	1,0,0
NA11831	1|0	0.85	0.15,0.85,0
NA11832	0|0	0.21	0.79,0.21,0
NA11840	0|0	0	1,0,0
NA11881	1|1	1.88	0,0.12,0.88
NA11994	1|0	1	0,1,0
NA11995	1|0	1	0,1,0
NA12004	0|1	1.37	0.05,0.54,0.42
NA12005	1|1	1.94	0,0.06,0.94
NA12043	1|0	1	0,1,0
NA12044	0|1	1.02	0,0.98,0.02
NA12144	0|0	0	1,0,0
NA12154	0|0	0	1,0,0
NA12155	1|0	0.99	0.01,0.99,0
NA12156	0|0	0.25	0.75,0.25,0
NA12234	1|0	0.91	0.09,0.91,0
NA12717	0|0	0.12	0.88,0.12,0
NA12750	1|1	1.39	0.09,0.43,0.48
NA12760	1|1	1.93	0,0.06,0.93
NA12761	1|1	1.98	0,0.02,0.98
NA12762	0|1	1.43	0,0.57,0.43
NA12763	1|0	1.02	0,0.98,0.02
NA12812	0|0	0	1,0,0
NA12813	0|0	0.08	0.92,0.08,0
NA12814	0|1	0.58	0.42,0.58,0
NA12815	0|0	0.36	0.64,0.35,0
NA12872	1|0	1	0,1,0
NA12873	0|0	0.08	0.92,0.08,0
NA12874	0|1	1	0,1,0
NA12878	0|1	1	0,1,0
NA18526	1|1	1.73	0.01,0.25,0.74
NA18537	0|1	1.12	0.07,0.75,0.19
NA18550	1|0	1	0,1,0
NA18555	0|0	0.32	0.68,0.32,0
NA18562	0|1	1.01	0,0.99,0.01
NA18563	0|0	0.09	0.91,0.09,0
NA18582	0|0	0.49	0.51,0.49,0
NA18603	1|1	2	0,0,1
NA18606	0|0	0.04	0.96,0.04,0
NA18621	1|1	1.97	0,0.03,0.97
NA18622	0|0	0.28	0.72,0.28,0
NA18628	0|1	1.01	0.01,0.97,0.02
NA18632	0|0	0	1,0,0
NA18636	0|1	1	0,1,0
NA18647	0|0	0.02	0.98,0.02,0
NA18942	0|0	0.09	0.91,0.09,0
NA18945	0|0	0.41	0.59,0.41,0
NA18947	0|1	0.99	0.01,0.99,0
NA18951	0|0	0.11	0.89,0.11,0
NA18952	1|1	1.86	0,0.14,0.86
NA18953	1|0	0.98	0.02,0.98,0
NA18956	0|1	0.93	0.07,0.93,0
NA18965	0|0	0.16	0.85,0.15,0
NA18970	1|0	1	0,1,0
NA18973	0|1	1	0,1,0
NA18977	1|1	1.93	0,0.07,0.93
NA18987	0|1	1	0,1,0
NA18990	0|1	1.35	0.02,0.61,0.37
NA18995	1|1	2	0,0,1
NA19003	0|1	0.94	0.06,0.94,0
NA19010	0|0	0.01	0.99,0.01,0
