NA18498	0|1	1	0,1,0
NA18502	0|0	0	1,0,0
NA18505	0|0	0	1,0,0
NA18507	0|0	0	1,0,0
NA18508	0|0	0	1,0,0
NA18517	0|0	0	1,0,0
NA18519	1|1	2	0,0,1
NA18858	0|0	0	1,0,0
NA18861	1|0	0.71	0.29,0.71,0
NA18867	0|0	0	1,0,0
NA18870	0|0	0	1,0,0
NA18910	0|1	1	0,1,0
NA18912	0|1	1	0,1,0
NA19093	0|1	1.01	0,0.99,0.01
NA19098	0|0	0	1,0,0
NA19099	1|0	1	0,1,0
NA19102	1|0	1	0,1,0
NA19108	0|0	0	1,0,0
NA19116	0|0	0	1,0,0
NA19118	0|1	1	0,1,0
NA19119	0|1	0.87	0.13,0.87,0
NA19129	1|1	2	0,0,1
NA19130	0|0	0	1,0,0
NA19131	1|0	1	0,1,0
NA19137	0|1	1	0,1,0
NA19138	0|0	0	1,0,0
NA19141	1|0	1	0,1,0
NA19143	1|1	2	0,0,1
NA19144	1|0	1	0,1,0
NA19146	0|0	0	1,0,0
NA19150	0|0	0	1,0,0
NA19152	0|0	0	1,0,0
NA19153	0|0	0	1,0,0
NA19159	0|0	0	1,0,0
NA19160	0|0	0	1,0,0
NA19171	0|0	0	1,0,0
NA19172	0|0	0	1,0,0
NA19189	1|0	1	0,1,0
NA19200	0|0	0	1,0,0
NA19201	0|0	0	1,0,0
NA19204	0|0	0	1,0,0
NA19206	0|0	0.15	0.85,0.15,0
NA19207	0|1	1	0,1,0
NA19209	0|0	0	1,0,0
NA19210	1|0	1	0,1,0
NA19213	1|0	1	0,1,0
NA19222	1|0	1	0,1,0
NA19223	0|0	0	1,0,0
NA19240	0|0	0	1,0,0
