NA18498	1|0	1	0,1,0
NA18502	0|1	1	0,1,0
NA18505	0|0	0	1,0,0
NA18507	0|0	0.02	0.98,0.02,0
NA18508	0|1	1.13	0,0.87,0.13
NA18517	1|0	1.3	0,0.7,0.3
NA18519	1|1	1.59	0,0.41,0.59
NA18858	0|0	0	1,0,0
NA18861	0|0	0	1,0,0
NA18867	0|0	0	1,0,0
NA18870	0|0	0	1,0,0
NA18910	0|0	0.16	0.84,0.16,0
NA18912	0|0	0	1,0,0
NA19092	1|0	1	0,1,0
NA19093	0|0	0	1,0,0
NA19098	1|0	0.6	0.4,0.6,0
NA19099	1|0	0.88	0.12,0.88,0
NA19102	0|1	1	0,1,0
NA19108	1|0	0.96	0.04,0.96,0
NA19116	0|0	0	1,0,0
NA19118	0|0	0.06	0.94,0.06,0
NA19119	0|0	0	1,0,0
NA19129	0|0	0	1,0,0
NA19130	0|0	0	1,0,0
NA19131	1|1	1.64	0,0.36,0.64
NA19137	1|0	1	0,1,0
NA19138	0|0	0	1,0,0
NA19141	0|0	0	1,0,0
NA19143	1|1	1.78	0,0.22,0.78
NA19144	0|0	0	1,0,0
NA19146	0|0	0	1,0,0
NA19150	1|0	1	0,1,0
NA19152	1|1	2	0,0,1
NA19153	1|0	0.59	0.41,0.59,0
NA19159	1|1	2	0,0,1
NA19160	1|0	1	0,1,0
NA19171	0|1	0.53	0.47,0.53,0
NA19172	0|0	0	1,0,0
NA19189	0|0	0.03	0.97,0.03,0
NA19200	0|0	0	1,0,0
NA19201	0|0	0	1,0,0
NA19204	0|1	1	0,1,0
NA19206	0|1	1	0,1,0
NA19207	1|1	2	0,0,1
NA19209	0|0	0	1,0,0
NA19210	0|0	0.07	0.93,0.07,0
NA19213	0|0	0	1,0,0
NA19222	0|0	0	1,0,0
NA19223	0|0	0	1,0,0
NA19240	0|0	0	1,0,0
