NA18526	0|0	0	1,0,0
NA18537	1|0	0.95	0.05,0.95,0
NA18550	0|0	0.02	0.98,0.02,0
NA18555	1|0	1.01	0,0.99,0.01
NA18562	0	0.03	0.97,0.03
NA18563	1	1	0,1
NA18582	0|0	0.02	0.98,0.02,0
NA18603	0	0	1,0
NA18606	1	0.85	0.15,0.85
NA18621	0	0.19	0.81,0.19
NA18622	0	0.37	0.63,0.37
NA18628	0|1	1	0,1,0
NA18632	0	0	1,0
NA18636	1	0.59	0.41,0.59
NA18647	0	0	1,0
NA18942	1|0	0.82	0.19,0.81,0
NA18945	1	1	0,1
NA18947	1|0	1	0,1,0
NA18951	0|1	1	0,1,0
NA18952	0	0	1,0
NA18953	1	1	0,1
NA18965	0	0	1,0
NA18970	0	0	1,0
NA18977	0	0	1,0
NA18987	1|0	1	0,1,0
NA18990	1	1	0,1
NA18995	0	0.03	0.97,0.03
NA19003	1|0	1	0,1,0
NA19010	1|1	1.58	0,0.42,0.58
