NA18526	1|1	1.29998e-05,0.013974,0.986013
NA18537	0|0	1,0,0
NA18550	0|0	1,0,0
NA18555	0|0	1,0,0
NA18562	0|0	1,0,0
NA18563	0|0	1,0,0
NA18582	0|1	0,1,0
NA18603	0|0	0.996004,0.003992,4e-06
NA18606	0|0	0.994009,0.005982,9e-06
NA18621	1|1	0,0,1
NA18622	1|1	9.99998e-05,0.0198,0.9801
NA18628	0|0	1,0,0
NA18632	0|0	1,0,0
NA18636	0|0	1,0,0
NA18647	0|0	1,0,0
NA18942	1|0	0,0.999,0.001
NA18945	0|0	1,0,0
NA18947	0|0	1,0,0
NA18951	1|0	0,1,0
NA18952	0|0	1,0,0
NA18953	0|0	1,0,0
NA18956	0|1	0,1,0
NA18965	1|1	0.000399999,0.0392,0.9604
NA18970	0|0	1,0,0
NA18973	1|0	0.000998987,0.998002,0.000999
NA18977	0|0	1,0,0
NA18987	1|0	0.011,0.989,0
NA18990	0|0	0.998001,0.001998,1e-06
NA18995	1|1	0,0,1
NA19003	0|0	1,0,0
NA19010	0|0	1,0,0
