NA06985	1|1	0.000336001,0.039328,0.960336
NA06991	0|1	0.00599998,0.994,0
NA06993	0|1	0.000999987,0.999,0
NA06994	1|1	0,0,1
NA07000	1|1	1.99995e-06,0.00299596,0.997002
NA07019	0|1	0.000999987,0.999,0
NA07022	0|1	0,1,0
NA07029	1|1	2e-05,0.00896,0.99102
NA07034	0|0	1,0,0
NA07048	1|0	0,1,0
NA07055	1|1	0,0,1
NA07056	0|1	0,1,0
NA07345	1|1	0,0.014,0.986
NA07348	1|1	0,0,1
NA07357	1|1	0,0,1
NA10830	1|1	1.99995e-06,0.00299596,0.997002
NA10831	0|1	0,1,0
NA10835	1|1	2.59997e-05,0.014948,0.985026
NA10838	1|0	0,1,0
NA10839	1|0	0,1,0
NA10846	1|1	0,0,1
NA10847	1|1	0,0.00999999,0.99
NA10851	1|1	0,0,1
NA10854	1|1	0,0,1
NA10855	1|1	0,0,1
NA10856	1|1	0,0,1
NA10857	0|1	0,1,0
NA10859	1|1	0,0.013,0.987
NA10860	0|0	1,0,0
NA10861	1|0	0,1,0
NA10863	1|1	0,0,1
NA11829	1|1	0,0,1
NA11830	1|1	0,0.00199997,0.998
NA11831	1|1	0,0.000999987,0.999
NA11832	1|1	0,0.000999987,0.999
NA11839	0|1	0.000997987,0.997004,0.001998
NA11840	1|1	0,0,1
NA11881	1|1	1.50001e-05,0.00797002,0.992015
NA11882	1|1	0,0.00300002,0.997
NA11992	1|0	0,1,0
NA11993	0|1	0,1,0
NA11994	1|1	0,0.00700003,0.993
NA11995	1|0	0,1,0
NA12003	0|0	1,0,0
NA12004	0|1	0,0.999,0.001
NA12005	0|1	0,1,0
NA12006	1|1	0,0.000999987,0.999
NA12043	0|1	0,1,0
NA12044	0|1	0,1,0
NA12056	1|1	0,0.000999987,0.999
NA12057	0|1	0.009,0.991,0
NA12144	0|1	0,0.999,0.001
NA12145	1|1	0,0.00599998,0.994
NA12146	1|1	0,0.012,0.988
NA12154	1|1	0,0,1
NA12155	1|1	0,0.00800002,0.992
NA12156	0|0	1,0,0
NA12234	0|1	0,1,0
NA12236	1|1	6.99994e-06,0.00798602,0.992007
NA12239	1|0	0.012,0.988,0
NA12248	1|1	7.20002e-05,0.021856,0.978072
NA12249	1|0	0,1,0
NA12264	1|1	0,0,1
NA12707	1|1	0,0,1
NA12716	1|1	0,0.00599998,0.994
NA12717	1|1	0,0.00999999,0.99
NA12740	0|0	1,0,0
NA12750	0|1	0.00400001,0.996,0
NA12751	1|0	0.000999987,0.999,0
NA12752	1|1	5.49998e-05,0.01589,0.984055
NA12753	1|1	0,0,1
NA12760	1|1	0,0,1
NA12761	1|1	9.00013e-06,0.00598204,0.994009
NA12762	1|1	0,0,1
NA12763	1|1	0,0,1
NA12801	1|1	0,0,1
NA12802	1|1	0,0,1
NA12812	1|1	0,0,1
NA12813	1|1	0,0,1
NA12814	1|1	0,0.00400001,0.996
NA12815	0|1	0,1,0
NA12864	1|1	0,0,1
NA12865	0|1	0,1,0
NA12872	1|1	0,0,1
NA12873	1|1	0,0,1
NA12874	0|1	0.000999987,0.999,0
NA12875	1|1	0,0.00300002,0.997
NA12878	1|1	0,0.005,0.995
NA12891	1|1	3.99996e-06,0.004992,0.995004
NA12892	1|1	2.99998e-06,0.00399401,0.996003
NA20502	1|1	0,0,1
NA20504	1|1	0,0,1
NA20505	1|1	0,0,1
NA20506	1|0	0.00400001,0.996,0
NA20508	1|1	0,0,1
NA20509	1|1	0,0.00400001,0.996
NA20510	1|1	0,0.018,0.982
NA20512	1|1	0,0.00700003,0.993
NA20515	0|1	0.442,0.558,0
NA20516	0|1	0,0.995,0.005
NA20517	0|1	0,1,0
NA20518	0|1	0,0.998,0.002
NA20519	1|0	0.000999987,0.999,0
NA20520	1|1	0,0,1
NA20521	1|1	1.49998e-05,0.01597,0.984015
NA20522	0|1	0,1,0
NA20524	1|1	3.9999e-06,0.00399195,0.996004
NA20525	1|1	3.20001e-05,0.011936,0.988032
NA20527	1|0	0,1,0
NA20528	0|1	0,1,0
NA20529	1|1	5.99996e-06,0.004988,0.995006
NA20530	1|1	0,0.000999987,0.999
NA20531	1|0	0.00300002,0.997,0
NA20534	1|1	1.99995e-06,0.00299596,0.997002
NA20535	1|0	0,0.998,0.002
NA20538	0|0	1,0,0
NA20539	1|1	0,0.012,0.988
NA20540	1|1	0,0.00599998,0.994
NA20541	0|0	0.999,0.001,0
NA20542	1|1	0,0,1
NA20543	1|0	0.00699303,0.992014,0.000993
NA20544	0|1	0.00299402,0.995012,0.001994
NA20581	1|1	0,0.02,0.98
NA20582	1|1	0,0,1
NA20585	1|1	0,0.000999987,0.999
NA20586	1|1	0,0.00300002,0.997
NA20588	0|1	0.005,0.995,0
NA20589	0|1	0,1,0
NA20752	1|1	0,0.00300002,0.997
NA20753	1|0	0.00199597,0.996008,0.001996
NA20754	1|1	0,0.000999987,0.999
NA20755	1|1	1.99995e-06,0.00299596,0.997002
NA20756	1|1	8.40003e-05,0.024832,0.975084
NA20757	1|1	0,0,1
NA20758	1|1	0,0.00700003,0.993
NA20759	1|1	0,0,1
NA20760	1|1	2e-05,0.00896,0.99102
NA20761	1|1	0,0.000999987,0.999
NA20765	1|1	0,0,1
NA20766	0|1	0,1,0
NA20768	1|1	0,0.00599998,0.994
NA20769	1|0	0.00300002,0.997,0
NA20770	1|0	0,1,0
NA20771	1|0	0.000999987,0.999,0
NA20772	0|1	0,1,0
NA20773	0|0	0.991,0.009,0
NA20774	1|0	0,1,0
NA20775	1|1	0,0.00300002,0.997
NA20778	1|1	3.60003e-05,0.014928,0.985036
NA20783	1|1	0,0.005,0.995
NA20785	1|1	0,0,1
NA20786	1|0	0.000999987,0.999,0
NA20790	1|1	5.49998e-05,0.01589,0.984055
NA20792	1|1	0,0.000999987,0.999
NA20795	0|1	0,1,0
NA20796	1|1	0,0,1
NA20797	1|1	0,0.005,0.995
NA20798	1|1	0,0.016,0.984
NA20799	1|1	9.99986e-06,0.00697997,0.99301
NA20800	0|0	0.995004,0.004992,4e-06
NA20801	1|1	0,0.005,0.995
NA20802	1|1	0,0.009,0.991
NA20803	1|1	0,0.005,0.995
NA20804	1|1	0,0.011,0.989
NA20805	1|1	0,0.000999987,0.999
NA20806	1|1	0,0,1
NA20807	1|1	0,0.009,0.991
NA20808	1|0	0.000999987,0.999,0
NA20809	0|0	1,0,0
NA20810	1|1	0,0.018,0.982
NA20811	0|1	0,1,0
NA20812	1|1	0,0.015,0.985
NA20813	1|1	0,0.00199997,0.998
NA20815	1|1	0,0.017,0.983
NA20818	0|1	0,0.999,0.001
NA20819	1|1	1.99995e-06,0.00299596,0.997002
NA20826	1|0	0.00400001,0.996,0
NA20828	0|1	0.000999987,0.999,0
