NA18498	0|0	1,0,0
NA18502	1|0	0,1,0
NA18505	0|1	0.067,0.933,0
NA18507	1|1	0.003721,0.114558,0.881721
NA18508	1|1	0,0,1
NA18517	1|0	0.002132,0.532736,0.465132
NA18519	0|0	1,0,0
NA18867	1|0	0,1,0
NA18870	1|1	0,0,1
NA18910	0|0	0.412164,0.459672,0.128164
NA19092	1|1	0,0,1
NA19098	0|0	0.996004,0.003992,4e-06
NA19099	1|0	0,1,0
NA19102	1|1	1.60001e-05,0.00796802,0.992016
NA19108	0|0	0.53472,0.44756,0.01772
NA19118	0|0	1,0,0
NA19119	1|1	0.221841,0.498318,0.279841
NA19129	0|0	1,0,0
NA19130	0|0	1,0,0
NA19141	0|0	0.483025,0.42395,0.093025
NA19146	1|1	0,0,1
NA19150	0|0	1,0,0
NA19152	1|1	0,0,1
NA19160	0|0	0.984064,0.015872,6.4e-05
NA19171	0|0	1,0,0
NA19189	1|1	0,0,1
NA19204	0|1	0,1,0
NA19206	1|1	0.000307996,0.308384,0.691308
NA19207	0|0	1,0,0
NA19209	0|1	0,0.999,0.001
NA19213	0|0	0.992016,0.007968,1.6e-05
NA19240	0|1	0,0.991,0.009
