NA18498	0|0	1,0,0
NA18502	1|0	0,1,0
NA18505	0|1	0.067,0.933,0
NA18507	1|1	0.003721,0.114558,0.881721
NA18508	1|1	0,0,1
NA18517	1|0	0.002132,0.532736,0.465132
NA18519	0|0	1,0,0
NA18867	1|0	0,1,0
NA18870	1|1	0,0,1
NA18910	0|0	0.412164,0.459672,0.128164
NA19092	1|1	0,0,1
NA19098	0|0	0.996004,0.003992,4e-06
NA19099	1|0	0,1,0
NA19102	1|1	1.60001e-05,0.00796802,0.992016
NA19108	0|0	0.53472,0.44756,0.01772
NA19118	0|0	1,0,0
NA19119	1|1	0.221841,0.498318,0.279841
NA19129	0|0	1,0,0
NA19130	0|0	1,0,0
NA19141	0|0	0.483025,0.42395,0.093025
NA19146	1|1	0,0,1
NA19150	0|0	1,0,0
NA19152	1|1	0,0,1
NA19160	0|0	0.984064,0.015872,6.4e-05
NA19171	0|0	1,0,0
NA19189	1|1	0,0,1
NA19204	0|1	0,1,0
NA19206	1|1	0.000307996,0.308384,0.691308
NA19207	0|0	1,0,0
NA19209	0|1	0,0.999,0.001
NA19213	0|0	0.992016,0.007968,1.6e-05
NA19240	0|1	0,0.991,0.009
NA11829	0|0	1,0,0
NA11830	1|0	0,1,0
NA11831	0|0	1,0,0
NA11832	0|0	1,0,0
NA11840	0|0	1,0,0
NA11881	0|0	1,0,0
NA11994	0|0	1,0,0
NA11995	0|0	1,0,0
NA12004	0|0	1,0,0
NA12005	1|1	0,0,1
NA12043	0|0	1,0,0
NA12044	0|0	1,0,0
NA12144	0|0	1,0,0
NA12154	0|0	0.998001,0.001998,1e-06
NA12155	0|0	1,0,0
NA12156	0|1	0.005,0.995,0
NA12234	1|0	0,1,0
NA12717	0|0	1,0,0
NA12750	1|1	2.5e-05,0.00994999,0.990025
NA12760	0|0	1,0,0
NA12761	0|0	1,0,0
NA12762	0|0	1,0,0
NA12763	0|0	1,0,0
NA12812	0|0	0.998001,0.001998,1e-06
NA12813	1|0	0.00800002,0.992,0
NA12814	1|1	0.000169,0.025662,0.974169
NA12815	0|1	0.000999987,0.999,0
NA12872	1|1	4.90004e-05,0.0139021,0.986049
NA12873	0|0	0.999,0.001,0
NA12874	1|1	0,0,1
NA12878	0|0	0.998,0.002,0
NA18526	1|1	1.29998e-05,0.013974,0.986013
NA18537	0|0	1,0,0
NA18550	0|0	1,0,0
NA18555	0|0	1,0,0
NA18562	0|0	1,0,0
NA18563	0|0	1,0,0
NA18582	0|1	0,1,0
NA18603	0|0	0.996004,0.003992,4e-06
NA18606	0|0	0.994009,0.005982,9e-06
NA18621	1|1	0,0,1
NA18622	1|1	9.99998e-05,0.0198,0.9801
NA18628	0|0	1,0,0
NA18632	0|0	1,0,0
NA18636	0|0	1,0,0
NA18647	0|0	1,0,0
NA18942	1|0	0,0.999,0.001
NA18945	0|0	1,0,0
NA18947	0|0	1,0,0
NA18951	1|0	0,1,0
NA18952	0|0	1,0,0
NA18953	0|0	1,0,0
NA18956	0|1	0,1,0
NA18965	1|1	0.000399999,0.0392,0.9604
NA18970	0|0	1,0,0
NA18973	1|0	0.000998987,0.998002,0.000999
NA18977	0|0	1,0,0
NA18987	1|0	0.011,0.989,0
NA18990	0|0	0.998001,0.001998,1e-06
NA18995	1|1	0,0,1
NA19003	0|0	1,0,0
NA19010	0|0	1,0,0
