NA06985	0|0	0.993,0.007,0
NA06991	0|0	1,0,0
NA06993	0|0	0.998001,0.001998,1e-06
NA06994	0|1	0,1,0
NA07000	0|0	1,0,0
NA07019	0|0	1,0,0
NA07022	0|0	0.999,0.001,0
NA07029	1|0	0,1,0
NA07034	0|0	0.999,0.001,0
NA07055	1|0	0,1,0
NA07056	0|1	0.000999987,0.999,0
NA07345	0|1	0,1,0
NA07348	1|0	0,1,0
NA07357	0|0	1,0,0
NA10830	0|0	0.999,0.001,0
NA10831	0|0	1,0,0
NA10835	0|0	1,0,0
NA10846	0|0	1,0,0
NA10847	0|0	1,0,0
NA10851	0|0	1,0,0
NA10854	0|0	1,0,0
NA10855	1|0	0,1,0
NA10856	0|0	1,0,0
NA10857	0|0	1,0,0
NA10859	0|0	1,0,0
NA10860	0|0	1,0,0
NA10861	0|0	1,0,0
NA10863	0|0	1,0,0
NA11829	0|0	1,0,0
NA11830	0|0	1,0,0
NA11831	0|1	0,1,0
NA11832	1|0	0.00999999,0.99,0
NA11839	0|0	1,0,0
NA11840	0|0	1,0,0
NA11881	0|0	1,0,0
NA11882	0|0	1,0,0
NA11992	0|0	1,0,0
NA11993	0|0	1,0,0
NA11994	0|0	1,0,0
NA11995	0|0	1,0,0
NA12003	0|0	1,0,0
NA12004	0|0	1,0,0
NA12005	0|0	1,0,0
NA12006	0|0	1,0,0
NA12043	0|0	1,0,0
