NA18526	1|1	0,0.00199997,0.998
NA18532	0|1	0.0999,0.8992,0.0009
NA18537	1|1	0,0.00800002,0.992
NA18547	1|1	0,0.000999987,0.999
NA18550	0|0	1,0,0
NA18555	1|1	0,0.02,0.98
NA18561	1|0	0.000999987,0.999,0
NA18562	1|1	0,0.000999987,0.999
NA18563	0|0	0.999,0.001,0
NA18566	0|1	0.00400001,0.996,0
NA18572	0|0	1,0,0
NA18577	0|0	0.769,0.231,0
NA18582	0|1	0.016,0.984,0
NA18603	0|0	0.998,0.002,0
NA18605	1|0	0.24,0.76,0
NA18606	0|0	0.935,0.065,0
NA18621	1|0	0.00299102,0.994018,0.002991
NA18622	1|1	0,0,1
NA18628	0|0	1,0,0
NA18632	0|1	0,0.577,0.423
NA18636	0|1	0.00299102,0.994018,0.002991
NA18647	1|0	0.00146798,0.733064,0.265468
NA18942	1|1	0,0,1
NA18943	0|1	0,1,0
NA18945	1|1	9.99974e-07,0.00199797,0.998001
NA18947	1|1	0,0.00199997,0.998
NA18949	1|1	0,0.000999987,0.999
NA18951	0|1	0,1,0
NA18952	0|0	1,0,0
NA18953	1|1	0,0.00199997,0.998
NA18956	0|1	0,0.999,0.001
NA18964	0|0	0.881,0.119,0
NA18965	1|1	5.20002e-05,0.016896,0.983052
NA18973	0|0	1,0,0
NA18974	1|1	6.30005e-05,0.023874,0.976063
NA18977	1|0	0.000999987,0.999,0
NA18980	1|1	0,0.00199997,0.998
NA18987	1|1	8.99997e-05,0.02082,0.97909
NA18990	1|0	0,1,0
NA18994	1|1	0,0,1
NA18995	1|1	0,0.00700003,0.993
NA19000	1|1	0,0.00199997,0.998
NA19003	0|0	0.507314,0.410372,0.082314
NA19010	1|0	0.000987987,0.987024,0.011988
