NA18498	1|0	1	0,1,0
NA18502	0|0	0.24	0.76,0.24,0
NA18505	1|0	1.44	0.03,0.5,0.47
NA18507	0|1	1.13	0,0.87,0.13
NA18508	1|0	0.95	0.05,0.95,0
NA18517	1|1	2	0,0,1
NA18519	1|0	1.46	0.02,0.51,0.48
NA18867	1|1	2	0,0,1
NA18870	0|1	0.86	0.14,0.86,0
NA18910	0|1	1	0,1,0
NA19092	1|1	1.66	0,0.34,0.66
NA19098	0|1	1.38	0.02,0.59,0.39
NA19099	0|0	0	1,0,0
NA19102	1|1	2	0,0,1
NA19108	1|1	1.67	0.02,0.29,0.69
NA19118	0|1	1	0,1,0
NA19119	0|1	1.22	0,0.78,0.22
NA19129	0|1	0.69	0.31,0.69,0
NA19130	0|1	0.95	0.05,0.95,0
NA19141	1|0	0.84	0.16,0.84,0
NA19146	0|1	1.01	0,0.99,0.01
NA19150	1|1	1.81	0,0.19,0.81
NA19152	1|1	2	0,0,1
NA19160	0|1	1.11	0,0.89,0.11
NA19171	0|0	0	1,0,0
NA19189	0|0	0	1,0,0
NA19204	0|1	0.99	0.01,0.99,0
NA19206	1|1	1.88	0,0.12,0.88
NA19207	1|1	1.89	0,0.11,0.89
NA19209	1|0	0.98	0.02,0.98,0
NA19213	0|1	1	0,1,0
NA19240	1|0	1	0,1,0
