NA18498	0|1	0.00199997,0.998,0
NA18500	0|0	1,0,0
NA18501	0|0	0.997,0.003,0
NA18502	0|0	1,0,0
NA18503	0|0	1,0,0
NA18504	0|0	0.981,0.019,0
NA18505	0|0	1,0,0
NA18506	1|1	0,0,1
NA18507	0|1	0,1,0
NA18508	1|0	0,0.999,0.001
NA18515	0|1	0,1,0
NA18516	0|1	0,1,0
NA18517	0|0	0.997,0.003,0
NA18519	0|1	0,0.997,0.003
NA18521	1|0	0,1,0
NA18522	0|1	0,0.999,0.001
NA18523	0|1	0.000999987,0.999,0
NA18852	0|0	0.962,0.038,0
NA18853	1|0	0,1,0
NA18854	0|0	1,0,0
NA18855	1|1	0,0.00300002,0.997
NA18856	0|1	0,0.917,0.083
NA18857	1|1	0,0,1
NA18858	1|1	0,0,1
NA18859	0|1	0.00400001,0.996,0
NA18860	0|1	0,1,0
NA18861	0|0	1,0,0
NA18862	1|0	0,1,0
NA18863	0|0	1,0,0
NA18867	0|1	0,1,0
NA18870	0|1	0,1,0
NA18871	1|0	0,1,0
NA18872	1|0	0,1,0
NA18910	0|1	0.00300002,0.997,0
NA18912	1|0	0,1,0
NA18913	0|1	0,1,0
NA18914	0|1	0,1,0
NA19027	1|1	0,0,1
NA19028	0|1	0,1,0
NA19031	0|1	0.005,0.995,0
NA19035	0|1	0.000999987,0.999,0
NA19036	0|1	0.00198197,0.989036,0.008982
NA19038	1|0	0.00295502,0.98209,0.014955
NA19041	0|0	1,0,0
NA19092	1|1	0,0,1
NA19093	0|0	1,0,0
NA19094	0|1	0,1,0
NA19098	1|0	0,1,0
NA19099	1|1	0,0.071,0.929
NA19100	0|1	0,1,0
NA19101	1|1	0,0.015,0.985
NA19102	0|1	0.024,0.976,0
NA19108	1|0	0,0.997,0.003
NA19116	0|1	0.013,0.987,0
NA19118	1|1	0,0.00199997,0.998
NA19119	0|0	0.985,0.015,0
NA19120	0|0	1,0,0
NA19127	0|1	0.162,0.838,0
NA19128	1|1	0,0,1
NA19129	0|1	0.00376001,0.93648,0.05976
NA19130	0|0	0.959,0.041,0
NA19131	1|0	0.005,0.995,0
NA19132	0|0	1,0,0
NA19137	0|1	0,1,0
NA19138	0|0	1,0,0
NA19139	1|0	0,1,0
NA19140	1|0	0,1,0
NA19141	1|1	0,0,1
NA19142	1|1	0,0,1
NA19143	0|1	0,1,0
NA19144	0|1	0,1,0
NA19145	0|1	0,1,0
NA19146	1|1	0,0.00300002,0.997
NA19150	1|0	0.000999987,0.999,0
NA19152	0|0	1,0,0
NA19153	0|1	0,0.999,0.001
NA19154	1|0	0,1,0
NA19159	1|0	0.00300002,0.997,0
NA19160	0|0	0.998,0.002,0
NA19161	0|0	1,0,0
NA19171	0|0	0.961,0.039,0
NA19172	0|1	0,1,0
NA19173	0|1	0,1,0
NA19189	0|0	0.822525,0.17695,0.000525
NA19200	0|0	0.998,0.002,0
NA19201	0|1	0,1,0
NA19202	0|0	1,0,0
NA19203	0|1	0,1,0
NA19204	1|1	0,0,1
NA19205	1|1	0,0,1
NA19206	0|1	0,0.881,0.119
NA19207	1|1	0,0,1
NA19208	1|1	0,0,1
NA19209	1|1	0,0,1
NA19210	0|1	0.000999987,0.999,0
NA19211	0|1	0,1,0
NA19213	0|0	1,0,0
NA19221	1|0	0,1,0
NA19222	1|0	0,1,0
NA19223	0|0	0.999,0.001,0
NA19238	1|0	0,1,0
NA19239	0|0	1,0,0
NA19240	0|0	1,0,0
NA19307	1|0	0.00199597,0.996008,0.001996
NA19308	1|1	0,0,1
NA19309	0|1	0,0.962,0.038
NA19310	0|1	0,1,0
NA19314	0|1	0,0.99,0.01
NA19315	0|0	1,0,0
NA19316	0|1	0.000999987,0.999,0
NA19317	1|1	0,0,1
NA19319	1|1	0,0.00400001,0.996
NA19321	0|1	0,0.999,0.001
NA19327	0|0	1,0,0
NA19328	0|1	0,0.68,0.32
NA19332	0|1	0.00199997,0.998,0
NA19334	1|1	1.99995e-06,0.00299596,0.997002
NA19346	1|0	0.00199997,0.998,0
NA19347	1|1	0,0.000999987,0.999
NA19350	0|0	1,0,0
NA19360	0|0	1,0,0
NA19372	1|0	0.000999987,0.999,0
NA19374	1|1	0,0.00400001,0.996
NA19375	0|0	1,0,0
NA19376	1|0	0,1,0
NA19377	1|0	0.00999999,0.99,0
NA19379	1|1	0,0,1
NA19380	1|0	0,1,0
NA19384	0|1	0.000999987,0.999,0
NA19385	1|1	6.00004e-05,0.02288,0.97706
NA19391	0|1	0,1,0
NA19393	0|0	0.967,0.033,0
NA19394	0|0	0.978,0.022,0
NA19397	0|0	1,0,0
NA19399	1|1	0,0.13,0.87
NA19403	0|0	0.999,0.001,0
NA19404	1|1	0,0.00800002,0.992
NA19428	1|0	0,1,0
NA19429	0|0	0.996,0.004,0
NA19430	1|0	0,0.772,0.228
NA19431	1|1	0,0,1
NA19434	0|1	0.000956988,0.956086,0.042957
NA19435	0|0	0.999,0.001,0
NA19436	0|1	0,1,0
NA19437	1|1	0,0,1
NA19438	0|1	0.00300002,0.997,0
NA19439	1|1	0,0,1
NA19440	1|0	0,1,0
NA19443	1|0	0,1,0
NA19445	0|0	0.998001,0.001998,1e-06
NA19446	0|0	0.825,0.175,0
NA19448	1|0	0.00300002,0.997,0
NA19449	1|1	0,0,1
NA19451	1|1	0,0.000999987,0.999
NA19452	1|1	0,0.000999987,0.999
NA19455	0|1	0,1,0
NA19456	1|0	0,0.921,0.079
NA19457	1|0	0.04,0.96,0
NA19462	1|0	0.00700003,0.993,0
NA19463	0|0	0.999,0.001,0
NA19466	1|1	0,0,1
NA19467	0|1	0,1,0
NA19468	1|0	0.011,0.989,0
NA19471	1|1	0,0,1
NA19472	1|0	0.00599998,0.994,0
NA19473	1|1	0,0.00300002,0.997
NA19474	0|0	1,0,0
NA06985	0|0	0.999,0.001,0
NA06991	0|0	1,0,0
NA06993	0|1	0.044,0.956,0
NA06994	0|0	0.999,0.001,0
NA07000	0|0	0.729,0.271,0
NA07019	1|1	0,0.000999987,0.999
NA07022	1|1	0,0,1
NA07029	0|0	1,0,0
NA07034	0|0	1,0,0
NA07048	1|0	0,1,0
NA07055	1|0	0,0.999,0.001
NA07056	1|1	0,0.00400001,0.996
NA07345	0|1	0,1,0
NA07348	1|1	0,0,1
NA07357	0|1	0,0.959,0.041
NA10830	0|1	0,1,0
NA10831	1|0	0,1,0
NA10835	0|0	1,0,0
NA10838	0|1	0,1,0
NA10839	1|0	0.00199997,0.998,0
NA10846	0|1	0,1,0
NA10847	0|1	0,1,0
NA10851	0|0	1,0,0
NA10854	0|0	1,0,0
NA10855	0|0	1,0,0
NA10857	1|0	0,1,0
NA10859	0|1	0,1,0
NA10860	0|0	1,0,0
NA10861	1|1	0,0,1
NA10863	1|1	9.99974e-07,0.00199797,0.998001
NA11829	0|1	0.000999987,0.999,0
NA11830	0|1	0.00299702,0.996006,0.000997
NA11831	0|1	0.005,0.995,0
NA11832	0|0	0.999,0.001,0
NA11839	0|0	0.999,0.001,0
NA11840	0|0	1,0,0
NA11881	0|1	0,1,0
NA11882	0|1	0.005,0.995,0
NA11992	0|0	1,0,0
NA11993	0|1	0,1,0
NA11994	1|1	0,0.00599998,0.994
NA11995	1|0	0,0.999,0.001
NA12003	1|1	0,0,1
NA12004	0|0	1,0,0
NA12005	0|0	1,0,0
NA12006	1|0	0.00598198,0.991036,0.002982
NA12043	1|0	0.074,0.926,0
NA12044	1|1	0,0,1
NA12056	0|0	1,0,0
NA12057	0|1	0.005,0.995,0
NA12144	0|1	0.00199997,0.998,0
NA12145	1|1	0,0.000999987,0.999
NA12146	1|1	0,0.000999987,0.999
NA12154	0|0	1,0,0
NA12155	1|0	0,1,0
NA12156	0|1	0.00400001,0.996,0
NA12234	0|1	0,0.947,0.053
NA12236	0|1	0,1,0
NA12239	0|1	0.00199997,0.998,0
NA12248	1|0	0.041,0.959,0
NA12249	0|1	0,1,0
NA12264	1|1	0,0.00800002,0.992
NA12707	1|0	0,0.998,0.002
NA12716	0|1	0.00800002,0.992,0
NA12717	1|1	0,0,1
NA12740	1|1	0,0,1
NA12750	1|1	0,0,1
NA12751	1|1	0.00312,0.10576,0.89112
NA12752	1|1	0,0,1
NA12753	0|1	0,1,0
NA12760	1|1	0,0.000999987,0.999
NA12761	1|1	0,0.00400001,0.996
NA12762	1|0	0.000999987,0.999,0
NA12763	1|1	0,0.017,0.983
NA12801	1|0	0,1,0
NA12802	1|1	0,0.00400001,0.996
NA12812	0|1	0.00199997,0.998,0
NA12813	0|1	0,0.868,0.132
NA12814	1|1	0,0.358,0.642
NA12815	1|0	0,0.997,0.003
NA12864	1|1	0,0,1
NA12865	1|1	0,0,1
NA12872	1|0	0,0.981,0.019
NA12873	0|1	0,1,0
NA12874	0|1	0,1,0
NA12875	1|1	0,0.145,0.855
NA12878	0|1	0,1,0
NA12891	0|1	0,1,0
NA12892	1|1	0,0,1
NA20502	0|0	0.877,0.123,0
NA20504	1|1	3.20001e-05,0.011936,0.988032
NA20505	0|0	0.999,0.001,0
NA20506	1|0	0,0.997,0.003
NA20508	1|0	0,0.999,0.001
NA20509	1|1	0,0.00599998,0.994
NA20510	0|0	0.999,0.001,0
NA20512	0|1	0.00199997,0.998,0
NA20515	0|0	0.89,0.11,0
NA20516	1|0	0.00199997,0.998,0
NA20517	1|1	0,0,1
NA20518	1|0	0,0.999,0.001
NA20519	0|0	1,0,0
NA20520	1|1	0,0.00199997,0.998
NA20521	1|1	1.99995e-06,0.00299596,0.997002
NA20522	0|0	0.951,0.049,0
NA20524	0|1	0.013,0.987,0
NA20525	0|1	0.000998987,0.998002,0.000999
NA20527	0|0	1,0,0
NA20528	1|1	0,0.000999987,0.999
NA20529	1|0	0,0.993,0.007
NA20530	0|1	0,0.675,0.325
NA20531	1|0	0,1,0
NA20534	0|1	0.042,0.958,0
NA20535	0|1	0.053,0.947,0
NA20538	0|1	0,0.84,0.16
NA20539	1|1	0,0.00700003,0.993
NA20540	0|0	0.995,0.005,0
NA20541	0|1	0.026,0.974,0
NA20542	1|1	0,0.027,0.973
NA20543	0|1	0.000999987,0.999,0
NA20544	0|0	1,0,0
NA20581	0|1	0.00399601,0.995008,0.000996
NA20582	1|1	0,0.00400001,0.996
NA20585	1|1	0,0.000999987,0.999
NA20586	0|0	1,0,0
NA20588	1|1	0.00923999,0.46352,0.52724
NA20589	0|1	0,1,0
NA20752	0|1	0,1,0
NA20753	0|0	0.617,0.383,0
NA20754	0|1	0,1,0
NA20755	0|0	1,0,0
NA20756	1|0	0,0.999,0.001
NA20758	1|1	0,0,1
NA20759	0|1	0.00400001,0.996,0
NA20760	1|1	0,0.164,0.836
NA20761	1|0	0.000996987,0.996006,0.002997
NA20765	1|0	0,1,0
NA20766	1|1	0,0,1
NA20768	1|1	0,0.13,0.87
NA20769	0|1	0.000999987,0.999,0
NA20770	1|1	0.00112201,0.374756,0.624122
NA20771	1|0	0.049,0.951,0
NA20772	0|0	0.998,0.002,0
NA20773	1|1	0.002299,0.135402,0.862299
NA20774	0|1	0,0.98,0.02
NA20778	1|0	0.081,0.919,0
NA20783	0|1	0.013,0.987,0
NA20785	1|0	0.00400001,0.996,0
NA20786	1|1	3.99996e-06,0.004992,0.995004
NA20787	0|1	0.00199797,0.997004,0.000998
NA20790	0|0	1,0,0
NA20792	1|1	0.000649999,0.1337,0.86565
NA20796	1|1	0,0.005,0.995
NA20797	0|0	1,0,0
NA20798	0|1	0,1,0
NA20799	0|0	1,0,0
NA20800	1|0	0,0.997,0.003
NA20801	1|0	0,1,0
NA20802	0|0	1,0,0
NA20803	0|0	1,0,0
NA20804	0|1	0.005,0.995,0
NA20805	0|1	0.021,0.979,0
NA20806	1|0	0.00699303,0.992014,0.000993
NA20807	0|1	0.27048,0.58804,0.14148
NA20808	0|0	0.919158,0.080684,0.000158
NA20809	0|0	0.75,0.25,0
NA20810	1|0	0.000976987,0.976046,0.022977
NA20811	0|0	0.999,0.001,0
NA20812	0|1	0.02525,0.5045,0.47025
NA20813	0|0	0.979,0.021,0
NA20815	1|0	0.016,0.984,0
NA20818	1|1	0,0,1
NA20819	1|0	0.015,0.985,0
NA20826	0|1	0.022,0.978,0
NA20828	0|1	0.007209,0.795582,0.197209
NA18526	1|0	0,1,0
NA18532	1|0	0.013,0.987,0
NA18537	0|1	0,1,0
NA18542	0|1	0,1,0
NA18545	1|0	0.00199997,0.998,0
NA18547	0|1	0,1,0
NA18550	1|0	0,1,0
NA18552	0|0	0.819366,0.178268,0.002366
NA18555	0|0	1,0,0
NA18558	0|1	0.000981987,0.981036,0.017982
NA18561	0|1	0.00127998,0.63944,0.35928
NA18562	0|0	0.999,0.001,0
NA18563	0|0	1,0,0
NA18564	1|0	0.000988987,0.988022,0.010989
NA18566	0|1	0.014985,0.98403,0.000985
NA18570	1|1	0,0.273,0.727
NA18571	0|0	0.822,0.178,0
NA18572	0|0	0.968,0.032,0
NA18573	1|0	0,1,0
NA18577	1|0	0.00299702,0.996006,0.000997
NA18579	1|1	0,0.000999987,0.999
NA18582	0|0	1,0,0
NA18592	1|0	0.00786402,0.975272,0.016864
NA18593	1|1	1.99995e-06,0.00299596,0.997002
NA18603	1|0	0.016,0.984,0
NA18605	1|0	0,0.923,0.077
NA18608	0|0	0.999,0.001,0
NA18609	1|1	0,0.009,0.991
NA18611	1|0	0,1,0
NA18612	1|0	0.474572,0.523856,0.001572
NA18620	0|1	0.00199997,0.998,0
NA18621	0|0	0.998001,0.001998,1e-06
NA18622	0|0	0.999,0.001,0
NA18623	0|0	1,0,0
NA18624	1|1	0,0.00400001,0.996
NA18632	1|0	0,1,0
NA18633	0|0	0.999,0.001,0
NA18635	0|0	1,0,0
NA18636	0|1	0.00269402,0.895612,0.101694
NA18637	0|0	0.901,0.099,0
NA18940	0|1	0,0.997,0.003
NA18942	1|0	0,0.993,0.007
NA18943	0|0	0.999,0.001,0
NA18944	0|0	0.999,0.001,0
NA18945	0|0	0.999,0.001,0
NA18947	0|0	1,0,0
NA18948	0|0	0.633,0.367,0
NA18949	1|0	0,1,0
NA18951	0|1	0,1,0
NA18952	0|0	0.508,0.492,0
NA18953	0|1	0.00199997,0.998,0
NA18956	1|0	0.000971987,0.971056,0.027972
NA18959	1|0	0,1,0
NA18960	0|0	1,0,0
NA18961	1|1	0,0.00400001,0.996
NA18964	1|0	0.280719,0.718562,0.000719
NA18965	1|0	0.00400001,0.996,0
NA18966	0|0	0.999,0.001,0
NA18967	0|0	0.999,0.001,0
NA18968	0|0	0.998,0.002,0
NA18969	1|0	0,1,0
NA18970	1|0	0.233,0.767,0
NA18971	0|0	1,0,0
NA18972	0|1	0.008991,0.990018,0.000991
NA18973	0|0	1,0,0
NA18974	1|1	0,0.009,0.991
NA18975	1|0	0,0.784,0.216
NA18976	0|1	0,1,0
NA18978	0|0	1,0,0
NA18980	1|1	0,0.359,0.641
NA18981	0|0	0.998,0.002,0
NA18987	0|0	1,0,0
NA18990	0|0	0.999,0.001,0
NA18991	1|0	0,0.947,0.053
NA18992	0|0	0.999,0.001,0
NA18994	0|1	0.30049,0.69602,0.00349
NA18995	1|0	0,1,0
NA18997	0|1	0.00295802,0.983084,0.013958
NA18998	0|0	0.998,0.002,0
NA18999	1|1	0,0.00999999,0.99
NA19000	0|1	0,1,0
NA19003	1|0	0.00199997,0.998,0
NA19005	1|0	0.00800002,0.992,0
NA19007	0|0	0.591408,0.408184,0.000408
NA19012	0|0	1,0,0
