NA06985	0|0	0.999,0.001,0
NA06991	0|0	1,0,0
NA06993	0|0	1,0,0
NA06994	0|0	0.659,0.341,0
NA07000	0|0	0.988,0.012,0
NA07019	1|0	0.00199997,0.998,0
NA07022	0|0	1,0,0
NA07029	0|0	1,0,0
NA07034	0|0	1,0,0
NA07048	0|0	1,0,0
NA07055	0|0	1,0,0
NA07056	1|0	0,1,0
NA07345	0|0	1,0,0
NA07348	0|0	1,0,0
NA07357	0|0	1,0,0
NA10830	0|0	1,0,0
NA10831	0|0	1,0,0
NA10835	0|1	0,1,0
NA10838	0|0	1,0,0
NA10839	0|0	1,0,0
NA10846	0|0	0.981018,0.018964,1.8e-05
NA10847	0|0	1,0,0
NA10851	0|0	1,0,0
NA10854	0|0	0.999,0.001,0
NA10855	0|0	1,0,0
NA10856	0|0	1,0,0
NA10857	0|0	1,0,0
NA10859	0|0	1,0,0
NA10860	0|0	1,0,0
NA10861	0|0	1,0,0
NA10863	0|0	1,0,0
NA11829	0|0	1,0,0
NA11830	0|0	1,0,0
NA11831	0|0	1,0,0
NA11832	0|0	1,0,0
NA11839	0|1	0.000999987,0.999,0
NA11840	0|0	0.999,0.001,0
NA11881	0|0	1,0,0
NA11882	0|0	1,0,0
NA11992	0|0	1,0,0
NA11993	0|0	1,0,0
NA11994	0|0	1,0,0
NA11995	0|0	0.998,0.002,0
NA12003	0|0	1,0,0
NA12004	1|0	0.035,0.965,0
NA12005	0|0	1,0,0
NA12006	0|0	0.999,0.001,0
NA12043	0|0	1,0,0
NA12044	0|0	0.893,0.107,0
NA12056	0|0	0.999,0.001,0
NA12057	0|0	1,0,0
NA12144	0|0	0.999,0.001,0
NA12145	0|0	1,0,0
NA12146	0|1	0.000999987,0.999,0
NA12154	0|0	1,0,0
NA12155	0|0	1,0,0
NA12156	0|0	1,0,0
NA12234	0|0	1,0,0
NA12239	0|0	1,0,0
NA12248	1|0	0,1,0
NA12249	0|0	0.981,0.019,0
NA12264	0|0	1,0,0
NA12707	1|0	0,1,0
NA12716	0|0	1,0,0
NA12717	0|1	0,0.789,0.211
NA12740	0|0	1,0,0
NA12750	0|0	0.981,0.019,0
NA12751	0|0	1,0,0
NA12752	0|0	1,0,0
NA12753	0|0	1,0,0
NA12760	0|0	0.999,0.001,0
NA12761	0|0	1,0,0
NA12762	0|0	1,0,0
NA12763	0|0	0.753,0.247,0
NA12801	0|0	1,0,0
NA12802	0|1	0.00199997,0.998,0
NA12812	1|0	0.00300002,0.997,0
NA12813	0|0	1,0,0
NA12814	0|0	1,0,0
NA12815	0|0	1,0,0
NA12864	1|0	0,1,0
NA12865	1|0	0,1,0
NA12872	0|0	1,0,0
NA12873	0|1	0,0.961,0.039
NA12874	1|0	0.052,0.948,0
NA12875	0|1	0,1,0
NA12878	0|1	0.472,0.528,0
NA12891	0|0	1,0,0
NA12892	0|0	0.953,0.047,0
NA20502	0|0	0.998,0.002,0
NA20504	1|1	0.001528,0.382944,0.615528
NA20505	0|0	0.776017,0.209966,0.014017
NA20506	0|0	1,0,0
NA20508	0|0	1,0,0
NA20509	0|0	1,0,0
NA20510	0|0	1,0,0
NA20512	0|0	1,0,0
NA20515	1|0	0,1,0
NA20516	0|1	0,1,0
NA20517	0|0	0.931,0.069,0
NA20518	0|0	1,0,0
NA20519	0|1	0.28,0.72,0
NA20520	0|0	1,0,0
NA20521	0|0	1,0,0
NA20522	0|0	1,0,0
NA20524	0|0	0.999,0.001,0
NA20525	0|0	1,0,0
NA20527	0|0	0.998,0.002,0
NA20528	1|0	0.113,0.887,0
NA20529	0|0	1,0,0
NA20530	0|0	1,0,0
NA20531	0|0	1,0,0
NA20534	0|0	0.999,0.001,0
NA20535	0|0	0.997,0.003,0
NA20538	0|0	1,0,0
NA20539	1|1	0,0.074,0.926
NA20540	0|0	1,0,0
NA20541	0|0	0.98703,0.01294,3e-05
NA20542	0|0	0.928,0.072,0
NA20543	1|0	0.000999987,0.999,0
NA20544	0|0	1,0,0
NA20581	0|0	1,0,0
NA20582	0|1	0.000999987,0.999,0
NA20585	0|0	1,0,0
NA20586	0|0	1,0,0
NA20588	0|0	1,0,0
NA20589	0|1	0,1,0
NA20752	0|1	0.011,0.989,0
NA20753	0|0	1,0,0
NA20754	0|0	0.533325,0.45535,0.011325
NA20755	1|0	0.183816,0.815368,0.000816
NA20756	0|0	0.706,0.294,0
NA20757	0|0	0.966033,0.033934,3.3e-05
NA20758	0|0	0.885,0.115,0
NA20759	0|0	0.999,0.001,0
NA20760	0|0	1,0,0
NA20761	0|1	0.173,0.827,0
NA20765	0|1	0.465,0.535,0
NA20766	0|0	0.832601,0.164798,0.002601
NA20768	0|0	1,0,0
NA20769	0|0	0.91908,0.08084,8e-05
NA20770	0|0	0.997,0.003,0
NA20771	0|0	1,0,0
NA20772	1|0	0.00199997,0.998,0
NA20773	0|0	0.685,0.315,0
NA20778	0|0	1,0,0
NA20783	0|0	1,0,0
NA20785	0|0	1,0,0
NA20786	0|0	1,0,0
NA20787	0|0	0.936,0.064,0
NA20790	0|0	0.842324,0.151352,0.006324
NA20792	0|0	1,0,0
NA20795	0|0	0.553,0.447,0
NA20796	0|0	1,0,0
NA20797	0|0	0.993,0.007,0
NA20798	0|0	1,0,0
NA20799	0|0	0.929,0.071,0
NA20800	0|0	0.999,0.001,0
NA20801	0|0	1,0,0
NA20802	0|0	0.88816,0.10968,0.00216
NA20803	1|0	0.022,0.978,0
NA20804	1|0	0.00400001,0.996,0
NA20805	0|1	0,0.992,0.008
NA20806	1|0	0.023,0.977,0
NA20807	0|0	1,0,0
NA20808	0|0	0.889,0.111,0
NA20809	0|0	1,0,0
NA20810	0|0	1,0,0
NA20811	0|0	0.61,0.39,0
NA20812	0|0	1,0,0
NA20813	0|0	0.965,0.035,0
NA20815	0|0	0.795,0.205,0
NA20818	0|0	0.917082,0.082836,8.2e-05
NA20819	0|1	0.026,0.974,0
NA20826	0|0	0.95616,0.04368,0.00016
NA20828	0|0	0.968,0.032,0
