NA18498	1	0	0.01,0
NA18502	0|0	0	1,0,0
NA18505	1|0	1.32	0,0.68,0.32
NA18507	1	0	0.01,0
NA18508	1|1	2	0,0,1
NA18517	1|1	1.99	0,0.01,0.99
NA18519	1	0	0.01,0
NA18867	0|1	1	0,1,0
NA18870	0|1	1	0,1,0
NA18910	1	0	0.01,0
NA19092	1	0	0.01,0
NA19098	1	0	0.01,0
NA19099	1|1	2	0,0,1
NA19102	1|0	0.74	0.26,0.74,0
NA19108	1|1	2	0,0,1
NA19118	0|1	0.87	0.13,0.87,0
NA19119	1	0	0.01,0
NA19129	0|1	1	0,1,0
NA19130	1	1	0,1
NA19141	1	0	0.01,0
NA19146	1	0	0.01,0
NA19150	1	0	0.01,0
NA19152	1|0	1	0,1,0
NA19160	1	0	0.01,0
NA19171	1	1	0,1
NA19189	1	1	0,1
NA19204	0|1	1	0,1,0
NA19206	0|0	0	1,0,0
NA19207	1	0	0.01,0
NA19209	0|1	1	0,1,0
NA19213	1	1	0,1
NA19240	1|1	2	0,0,1
