NA18498	1|0	1	0,1,0
NA18502	0|0	0	1,0,0
NA18505	1|1	2	0,0,1
NA18507	0|0	0.02	0.98,0.02,0
NA18508	0|0	0	1,0,0
NA18517	1|0	1.2	0,0.8,0.2
NA18519	0|0	0	1,0,0
NA18867	0|0	0	1,0,0
NA18870	0|0	0	1,0,0
NA18910	0|1	0.91	0.09,0.91,0
NA19092	1|0	1	0,1,0
NA19098	0|1	1	0,1,0
NA19099	0|0	0	1,0,0
NA19102	0|1	1	0,1,0
NA19108	1|0	0.82	0.18,0.82,0
NA19119	0|1	1	0,1,0
NA19129	0|0	0	1,0,0
NA19130	0|0	0	1,0,0
NA19141	1|1	1.98	0,0.02,0.98
NA19146	1|1	2	0,0,1
NA19150	0|0	0	1,0,0
NA19152	1|1	2	0,0,1
NA19160	0|0	0	1,0,0
NA19171	1|0	1	0,1,0
NA19189	0|0	0	1,0,0
NA19204	0|0	0.01	0.99,0.01,0
NA19206	1|0	1.38	0,0.62,0.38
NA19207	0|0	0	1,0,0
NA19209	0|0	0.01	0.99,0.01,0
NA19213	0|0	0	1,0,0
