NA11829	1|1	2	0,0,1
NA11830	0|1	1	0,1,0
NA11831	1|1	2	0,0,1
NA11832	1|1	2	0,0,1
NA11840	1|1	2	0,0,1
NA11881	1|1	2	0,0,1
NA11994	1|1	2	0,0,1
NA11995	1|1	2	0,0,1
NA12004	1|0	1	0,1,0
NA12005	1|1	2	0,0,1
NA12043	0|1	1	0,1,0
NA12044	1|0	1	0,1,0
NA12144	0|0	0	1,0,0
NA12154	1|1	2	0,0,1
NA12155	1|0	1	0,1,0
NA12156	1|1	2	0,0,1
NA12234	1|1	2	0,0,1
NA12717	0|1	1	0,1,0
NA12750	1|1	2	0,0,1
NA12760	0|1	1	0,1,0
NA12761	0|1	1	0,1,0
NA12762	1|0	1	0,1,0
NA12763	1|1	2	0,0,1
NA12812	1|1	2	0,0,1
NA12813	1|1	2	0,0,1
NA12814	1|1	2	0,0,1
NA12815	0|0	0	1,0,0
NA12872	1|1	2	0,0,1
NA12873	1|0	1	0,1,0
NA12874	0|1	1	0,1,0
NA12878	1|0	1	0,1,0
