NA18498	1|1	2	0,0,1
NA18502	1|0	1.01	0,0.99,0.01
NA18505	0|1	0.58	0.42,0.58,0
NA18507	1|0	1.03	0,0.97,0.03
NA18508	1|0	1	0,1,0
NA18517	1|1	2	0,0,1
NA18519	1|1	2	0,0,1
NA18867	1|1	2	0,0,1
NA18870	1|0	1.22	0,0.78,0.22
NA18910	1|0	1	0,1,0
NA19092	0|1	1	0,1,0
NA19098	1|1	2	0,0,1
NA19099	1|1	2	0,0,1
NA19102	0|0	0.05	0.95,0.05,0
NA19108	1|1	2	0,0,1
NA19118	0|1	1	0,1,0
NA19119	1|1	2	0,0,1
NA19129	1|1	2	0,0,1
NA19130	1|1	2	0,0,1
NA19141	1|1	2	0,0,1
NA19146	1|1	2	0,0,1
NA19150	1|1	1.52	0,0.48,0.52
NA19152	0|1	1	0,1,0
NA19160	1|1	1.68	0,0.32,0.68
NA19171	1|0	1	0,1,0
NA19189	0|0	0	1,0,0
NA19204	0|1	1	0,1,0
NA19206	1|1	2	0,0,1
NA19207	1|1	2	0,0,1
NA19209	1|1	2	0,0,1
NA19213	0|1	0.98	0.02,0.98,0
NA19240	0|0	0	1,0,0
NA11829	0|1	0.73	0.28,0.72,0
NA11830	0|0	0	1,0,0
NA11831	0|0	0.01	0.99,0.01,0
NA11832	1|1	1.73	0,0.27,0.73
NA11840	0|1	0.56	0.44,0.56,0
NA11881	1|1	1.5	0,0.5,0.5
NA11994	1|0	1	0,1,0
NA11995	0|0	0.09	0.91,0.09,0
NA12004	1|1	1.98	0,0.02,0.98
NA12005	0|1	1.03	0,0.97,0.03
NA12043	1|0	0.98	0.02,0.98,0
NA12044	1|1	1.37	0.1,0.43,0.47
NA12144	0|0	0	1,0,0
NA12154	0|0	0	1,0,0
NA12155	0|1	0.89	0.11,0.89,0
NA12156	1|0	1.33	0,0.67,0.33
NA12234	0|0	0	1,0,0
NA12717	0|0	0.51	0.5,0.49,0.01
NA12750	1|0	0.98	0.02,0.98,0
NA12760	0|1	1.21	0,0.79,0.21
NA12761	1|1	1.98	0,0.02,0.98
NA12762	0|1	0.98	0.02,0.98,0
NA12763	0|1	0.54	0.46,0.54,0
NA12812	0|0	0	1,0,0
NA12813	0|0	0	1,0,0
NA12814	0|0	0.3	0.7,0.3,0
NA12815	1|0	1	0,1,0
NA12872	0|1	1	0,1,0
NA12873	1|1	2	0,0,1
NA12874	1|0	1	0,1,0
NA12878	0|0	0	1,0,0
NA18526	1|1	1.95	0,0.05,0.95
NA18537	0|1	1.02	0,0.98,0.02
NA18550	0|1	1	0,1,0
NA18555	1|0	1	0.01,0.99,0
NA18562	1|0	1.47	0,0.53,0.47
NA18563	0|1	0.95	0.26,0.53,0.21
NA18582	0|0	0	1,0,0
NA18603	1|1	2	0,0,1
NA18606	0|0	0.01	0.99,0.01,0
NA18621	0|1	0.53	0.47,0.53,0
NA18622	0|0	0.12	0.88,0.12,0
NA18628	1|0	0.87	0.13,0.87,0
NA18632	0|0	0	1,0,0
NA18636	1|0	1	0,1,0
NA18647	0|0	0.21	0.79,0.21,0
NA18942	0|0	0	1,0,0
NA18945	0|0	0	1,0,0
NA18947	0|1	1.14	0.01,0.85,0.14
NA18951	0|1	1	0.01,0.99,0
NA18952	1|1	2	0,0,1
NA18953	0|1	0.81	0.31,0.57,0.12
NA18956	0|0	0.09	0.91,0.09,0
NA18965	0|1	1.26	0,0.74,0.26
NA18970	1|0	1.15	0.12,0.61,0.27
NA18973	1|0	0.73	0.27,0.73,0
NA18977	1|1	1.68	0.02,0.27,0.71
NA18987	1|0	1	0,1,0
NA18990	0|1	1.28	0.1,0.52,0.38
NA18995	1|1	2	0,0,1
NA19003	0|0	0.29	0.71,0.29,0
NA19010	0|0	0.18	0.82,0.17,0.01
