NA18498	1|1	2	0,0,1
NA18502	1|0	1.01	0,0.99,0.01
NA18505	0|1	0.58	0.42,0.58,0
NA18507	1|0	1.03	0,0.97,0.03
NA18508	1|0	1	0,1,0
NA18517	1|1	2	0,0,1
NA18519	1|1	2	0,0,1
NA18867	1|1	2	0,0,1
NA18870	1|0	1.22	0,0.78,0.22
NA18910	1|0	1	0,1,0
NA19092	0|1	1	0,1,0
NA19098	1|1	2	0,0,1
NA19099	1|1	2	0,0,1
NA19102	0|0	0.05	0.95,0.05,0
NA19108	1|1	2	0,0,1
NA19118	0|1	1	0,1,0
NA19119	1|1	2	0,0,1
NA19129	1|1	2	0,0,1
NA19130	1|1	2	0,0,1
NA19141	1|1	2	0,0,1
NA19146	1|1	2	0,0,1
NA19150	1|1	1.52	0,0.48,0.52
NA19152	0|1	1	0,1,0
NA19160	1|1	1.68	0,0.32,0.68
NA19171	1|0	1	0,1,0
NA19189	0|0	0	1,0,0
NA19204	0|1	1	0,1,0
NA19206	1|1	2	0,0,1
NA19207	1|1	2	0,0,1
NA19209	1|1	2	0,0,1
NA19213	0|1	0.98	0.02,0.98,0
NA19240	0|0	0	1,0,0
