NA18526	1|1	1.95	0,0.05,0.95
NA18537	0|1	1.02	0,0.98,0.02
NA18550	0|1	1	0,1,0
NA18555	1|0	1	0.01,0.99,0
NA18562	1|0	1.47	0,0.53,0.47
NA18563	0|1	0.95	0.26,0.53,0.21
NA18582	0|0	0	1,0,0
NA18603	1|1	2	0,0,1
NA18606	0|0	0.01	0.99,0.01,0
NA18621	0|1	0.53	0.47,0.53,0
NA18622	0|0	0.12	0.88,0.12,0
NA18628	1|0	0.87	0.13,0.87,0
NA18632	0|0	0	1,0,0
NA18636	1|0	1	0,1,0
NA18647	0|0	0.21	0.79,0.21,0
NA18942	0|0	0	1,0,0
NA18945	0|0	0	1,0,0
NA18947	0|1	1.14	0.01,0.85,0.14
NA18951	0|1	1	0.01,0.99,0
NA18952	1|1	2	0,0,1
NA18953	0|1	0.81	0.31,0.57,0.12
NA18956	0|0	0.09	0.91,0.09,0
NA18965	0|1	1.26	0,0.74,0.26
NA18970	1|0	1.15	0.12,0.61,0.27
NA18973	1|0	0.73	0.27,0.73,0
NA18977	1|1	1.68	0.02,0.27,0.71
NA18987	1|0	1	0,1,0
NA18990	0|1	1.28	0.1,0.52,0.38
NA18995	1|1	2	0,0,1
NA19003	0|0	0.29	0.71,0.29,0
NA19010	0|0	0.18	0.82,0.17,0.01
