NA06985	0|0	0	1,0,0
NA06994	0|0	0	1,0,0
NA07000	0|0	0	1,0,0
NA07048	1|0	0.85	0.15,0.85,0
NA07056	0|0	0	1,0,0
NA07348	0|0	0	1,0,0
NA07357	0|0	0.02	0.98,0.02,0
NA10847	0|0	0	1,0,0
NA10851	0|0	0	1,0,0
NA11829	0|0	0	1,0,0
NA11830	0|0	0	1,0,0
NA11831	0|0	0	1,0,0
NA11832	0|0	0	1,0,0
NA11840	0|1	0.97	0.03,0.97,0
NA11881	0|0	0	1,0,0
NA11992	0|0	0	1,0,0
NA11994	0|1	1	0,1,0
NA11995	0|0	0	1,0,0
NA12003	0|0	0	1,0,0
NA12004	1|0	0.55	0.45,0.55,0
NA12005	0|0	0	1,0,0
NA12006	0|0	0	1,0,0
NA12043	0|0	0.22	0.78,0.22,0
NA12044	0|0	0	1,0,0
NA12144	1|0	1	0,1,0
NA12154	0|0	0.06	0.94,0.06,0
NA12155	0|0	0.38	0.62,0.38,0
NA12156	0|0	0.06	0.94,0.06,0
NA12234	0|0	0.29	0.71,0.29,0
NA12249	0|0	0	1,0,0
NA12716	0|0	0	1,0,0
NA12717	0|0	0	1,0,0
NA12750	0|0	0	1,0,0
NA12751	1|0	0.92	0.08,0.92,0
NA12760	0|0	0	1,0,0
NA12761	0|0	0.21	0.79,0.21,0
NA12762	0|0	0	1,0,0
NA12763	0|0	0	1,0,0
NA12812	0|0	0	1,0,0
NA12813	0|0	0.13	0.87,0.13,0
NA12814	0|0	0.07	0.93,0.07,0
NA12815	0|0	0	1,0,0
NA12872	0|0	0.05	0.95,0.05,0
NA12873	0|0	0	1,0,0
NA12874	0|0	0	1,0,0
NA12878	0|0	0.49	0.51,0.49,0
NA20502	0|0	0	1,0,0
NA20504	0|0	0	1,0,0
NA20505	0|0	0	1,0,0
NA20506	0|0	0	1,0,0
NA20508	0|0	0	1,0,0
NA20509	0|0	0.27	0.73,0.27,0
NA20510	0|0	0.01	0.99,0.01,0
NA20512	0|0	0	1,0,0
NA20515	0|0	0.31	0.69,0.31,0
NA20516	0|0	0	1,0,0
NA20517	0|0	0.13	0.87,0.13,0
NA20518	0|0	0.32	0.68,0.32,0
NA20519	0|0	0	1,0,0
NA20520	0|0	0	1,0,0
NA20521	0|1	1.35	0.03,0.59,0.38
NA20522	0|0	0	1,0,0
NA20524	0|0	0	1,0,0
NA20525	0|0	0.37	0.63,0.37,0
NA20527	0|0	0.38	0.62,0.38,0
NA20528	1|0	1.04	0,0.96,0.04
NA20529	0|0	0	1,0,0
NA20530	0|0	0.01	0.99,0.01,0
NA20531	0|0	0	1,0,0
NA20534	0|0	0	1,0,0
NA20535	0|0	0	1,0,0
NA20538	1|0	1	0,1,0
NA20539	0|0	0	1,0,0
NA20540	0|0	0	1,0,0
NA20541	0|0	0.01	0.99,0.01,0
NA20542	0|0	0	1,0,0
NA20543	0|0	0	1,0,0
NA20544	0|0	0	1,0,0
NA20581	0|0	0	1,0,0
NA20582	1|0	0.84	0.16,0.84,0
NA20585	0|0	0.4	0.6,0.4,0
NA20586	0|0	0	1,0,0
NA20588	0|0	0.17	0.83,0.17,0
NA20589	0|0	0	1,0,0
NA20752	0|0	0	1,0,0
NA20753	0|0	0.13	0.87,0.13,0
NA20754	0|0	0	1,0,0
NA20755	0|0	0.1	0.9,0.1,0
NA20756	1|0	0.74	0.27,0.72,0.01
NA20757	0|0	0	1,0,0
NA20758	0|0	0.42	0.58,0.42,0
NA20759	0|0	0	1,0,0
NA20760	1|0	0.74	0.27,0.71,0.02
NA20761	0|0	0	1,0,0
NA20765	0|0	0	1,0,0
NA20766	0|1	1	0,1,0
NA20768	0|0	0.07	0.93,0.07,0
NA20769	0|0	0	1,0,0
NA20770	0|0	0	1,0,0
NA20771	0|0	0	1,0,0
NA20772	0|0	0	1,0,0
NA20773	1|0	1	0,1,0
NA20774	0|0	0	1,0,0
NA20775	1|0	0.56	0.45,0.55,0
NA20778	0|0	0	1,0,0
NA20783	0|0	0	1,0,0
NA20785	0|0	0	1,0,0
NA20786	0|0	0	1,0,0
NA20787	0|0	0.04	0.96,0.04,0
NA20790	0|1	0.93	0.09,0.89,0.02
NA20792	0|0	0.06	0.94,0.06,0
NA20795	0|0	0.08	0.92,0.08,0
NA20796	0|0	0	1,0,0
NA20797	0|0	0.05	0.95,0.05,0
NA20798	0|1	1	0,1,0
NA20799	0|0	0	1,0,0
NA20800	0|0	0	1,0,0
NA20801	0|0	0	1,0,0
NA20802	0|0	0.3	0.7,0.3,0
NA20803	0|0	0	1,0,0
NA20804	0|1	0.99	0.01,0.99,0
NA20805	0|0	0	1,0,0
NA20806	0|0	0	1,0,0
NA20807	0|0	0	1,0,0
NA20808	0|0	0.01	0.99,0.01,0
NA20809	0|0	0	1,0,0
NA20810	0|0	0	1,0,0
NA20811	0|0	0	1,0,0
NA20812	0|0	0	1,0,0
NA20813	0|0	0	1,0,0
NA20815	0|0	0	1,0,0
NA20818	0|0	0	1,0,0
NA20819	0|0	0.08	0.92,0.08,0
NA20826	0|0	0	1,0,0
NA20828	0|0	0	1,0,0
