NA18498	0|0	1,0,0
NA18500	0|0	1,0,0
NA18501	1|0	0.005,0.995,0
NA18502	0|1	0.000999987,0.999,0
NA18503	0|0	1,0,0
NA18504	0|0	1,0,0
NA18505	1|0	0,1,0
NA18506	1|0	0.00199997,0.998,0
NA18507	1|1	9.99974e-07,0.00199797,0.998001
NA18508	0|0	0.998,0.002,0
NA18515	1|0	0,1,0
NA18516	1|0	0,1,0
NA18517	1|0	0,1,0
NA18519	0|1	0,1,0
NA18521	0|1	0,1,0
NA18522	0|1	0,1,0
NA18523	0|1	0,1,0
NA18852	1|0	0,1,0
NA18853	1|0	0.000999987,0.999,0
NA18854	0|1	0,1,0
NA18855	1|0	0,1,0
NA18856	1|1	0,0,1
NA18857	1|0	0,1,0
NA18858	1|0	0.000999987,0.999,0
NA18859	1|0	0,1,0
NA18860	0|1	0.000999987,0.999,0
NA18861	1|0	0.000999987,0.999,0
NA18862	1|0	0,1,0
NA18863	0|1	0,1,0
NA18867	1|0	0,0.998,0.002
NA18870	0|1	0,1,0
NA18871	0|0	1,0,0
NA18872	1|0	0,1,0
NA18910	1|0	0.00599998,0.994,0
NA18912	0|0	1,0,0
NA18913	0|1	0.000999987,0.999,0
NA18914	0|0	1,0,0
NA19027	1|0	0.000999987,0.999,0
NA19028	1|0	0,1,0
NA19031	1|0	0.000999987,0.999,0
NA19035	0|0	1,0,0
NA19036	1|0	0.00199997,0.998,0
NA19038	0|1	0.013,0.987,0
NA19041	0|0	1,0,0
NA19092	0|0	0.992,0.008,0
NA19093	0|0	1,0,0
NA19094	0|0	1,0,0
NA19098	0|0	1,0,0
NA19099	1|1	0,0,1
NA19100	0|1	0,1,0
NA19101	0|0	1,0,0
NA19102	1|1	0,0.00300002,0.997
NA19103	0|1	0,1,0
NA19108	1|0	0.00400001,0.996,0
NA19116	0|0	0.998,0.002,0
NA19118	1|1	0,0.00400001,0.996
NA19119	1|0	0,1,0
NA19120	1|0	0,1,0
NA19127	1|1	0,0,1
NA19128	1|0	0,0.993,0.007
NA19129	1|1	0,0,1
NA19130	0|0	1,0,0
NA19131	0|1	0.00199997,0.998,0
NA19132	0|0	1,0,0
NA19137	0|0	1,0,0
NA19138	0|0	1,0,0
NA19139	0|0	1,0,0
NA19140	0|0	1,0,0
NA19141	1|1	0,0.00199997,0.998
NA19142	1|0	0,1,0
NA19143	0|0	1,0,0
NA19144	1|0	0,1,0
NA19145	1|0	0,1,0
NA19146	0|1	0.004995,0.99401,0.000995
NA19150	0|1	0,0.996,0.004
NA19152	1|1	0,0.00400001,0.996
NA19153	1|0	0.00800002,0.992,0
NA19154	1|0	0,0.999,0.001
NA19159	1|1	0,0.00400001,0.996
NA19160	0|0	0.998,0.002,0
NA19161	0|1	0,1,0
NA19171	0|1	0,0.999,0.001
NA19172	1|0	0,1,0
NA19173	1|0	0,1,0
NA19189	0|0	0.998001,0.001998,1e-06
NA19200	0|1	0,1,0
NA19201	1|1	0,0,1
NA19202	1|1	0,0,1
NA19203	0|0	0.995,0.005,0
NA19204	0|1	0,1,0
NA19205	1|0	0,1,0
NA19206	0|0	1,0,0
NA19207	0|0	1,0,0
NA19208	0|0	1,0,0
NA19209	1|1	0,0.00800002,0.992
NA19210	1|0	0,1,0
NA19211	1|1	0,0,1
NA19213	1|1	0,0.000999987,0.999
NA19221	1|1	0,0,1
NA19222	0|1	0,0.999,0.001
NA19223	1|1	2.79996e-05,0.015944,0.984028
NA19238	0|0	1,0,0
NA19239	0|1	0,1,0
NA19240	0|0	1,0,0
NA19307	0|1	0.005,0.995,0
NA19308	0|1	0,1,0
NA19309	0|0	0.999,0.001,0
NA19310	0|0	1,0,0
NA19314	1|0	0,0.999,0.001
NA19315	0|0	1,0,0
NA19316	1|0	0.000999987,0.999,0
NA19317	1|0	0,1,0
NA19318	0|1	0,1,0
NA19319	0|1	0.026,0.974,0
NA19321	0|1	0.00300002,0.997,0
NA19324	1|0	0,1,0
NA19327	0|1	0,1,0
NA19328	1|0	0,1,0
NA19332	0|1	0,1,0
NA19334	0|1	0.00199997,0.998,0
NA19346	1|1	0,0.000999987,0.999
NA19347	0|0	0.991,0.009,0
NA19350	1|0	0,1,0
NA19360	1|0	0,1,0
NA19372	0|1	0,0.996,0.004
NA19374	1|1	0,0,1
NA19375	0|1	0.00599398,0.993012,0.000994
NA19376	1|1	0.000256001,0.039488,0.960256
NA19377	0|0	1,0,0
NA19379	1|0	0,1,0
NA19380	0|0	1,0,0
NA19383	0|1	0.00199997,0.998,0
NA19384	1|0	0.00300002,0.997,0
NA19385	1|0	0.00599998,0.994,0
NA19390	0|0	0.925,0.075,0
NA19391	0|1	0,1,0
NA19393	1|1	0,0,1
NA19394	1|1	0.001032,0.259936,0.739032
NA19397	0|0	1,0,0
NA19399	0|0	0.995,0.005,0
NA19403	1|0	0,0.996,0.004
NA19404	0|0	0.999,0.001,0
NA19428	1|0	0,1,0
NA19429	1|1	0,0.005,0.995
NA19430	0|0	1,0,0
NA19431	0|0	1,0,0
NA19434	0|0	1,0,0
NA19435	0|0	1,0,0
NA19436	0|1	0,1,0
NA19437	1|1	5.99992e-05,0.06088,0.93906
NA19438	1|0	0,1,0
NA19439	0|0	1,0,0
NA19440	1|0	0,0.998,0.002
NA19443	0|0	0.999,0.001,0
NA19445	1|0	0.00999999,0.99,0
NA19446	0|1	0,1,0
NA19448	0|1	0.000999987,0.999,0
NA19449	0|0	0.999,0.001,0
NA19451	1|0	0.00400001,0.996,0
NA19452	1|0	0.00800002,0.992,0
NA19455	0|0	1,0,0
NA19456	1|0	0,1,0
NA19457	0|0	1,0,0
NA19462	0|1	0,1,0
NA19463	0|1	0.00199997,0.998,0
NA19466	1|0	0,1,0
NA19467	0|0	1,0,0
NA19468	0|0	1,0,0
NA19471	0|0	1,0,0
NA19472	1|1	0,0.000999987,0.999
NA19473	0|0	0.993,0.007,0
NA19474	1|1	0,0.00199997,0.998
