NA18498	1|0	0.00596998,0.98906,0.00497
NA18500	1|0	0,1,0
NA18501	0|0	1,0,0
NA18502	1|1	0,0,1
NA18503	1|0	0,1,0
NA18504	0|0	0.999,0.001,0
NA18505	1|0	0,0.983,0.017
NA18506	1|1	0,0,1
NA18507	1|0	0.00299702,0.996006,0.000997
NA18508	1|1	0,0.000999987,0.999
NA18515	0|1	0,1,0
NA18516	1|1	4.99993e-06,0.00598998,0.994005
NA18517	1|0	0.00800002,0.992,0
NA18519	0|0	0.991018,0.008964,1.8e-05
NA18521	1|1	0,0,1
NA18522	1|1	0,0.042,0.958
NA18523	0|1	0,1,0
NA18852	1|0	0,1,0
NA18853	1|1	0,0,1
NA18854	1|1	0,0,1
NA18855	0|0	0.594,0.406,0
NA18856	1|1	0,0.00300002,0.997
NA18857	0|1	0,1,0
NA18858	1|1	0,0.011,0.989
NA18859	1|1	0,0,1
NA18860	1|1	0,0,1
NA18861	1|1	0,0,1
NA18862	0|1	0.00599998,0.994,0
NA18863	1|0	0.00199997,0.998,0
NA18867	0|1	0.081,0.919,0
NA18870	1|0	0,0.987,0.013
NA18871	1|1	0,0.005,0.995
NA18872	1|1	0,0,1
NA18910	1|1	3.9999e-06,0.00399195,0.996004
NA18912	1|0	0.00199997,0.998,0
NA18913	1|1	0,0,1
NA18914	1|1	0,0,1
NA19027	1|1	0,0.00400001,0.996
NA19028	1|0	0.00300002,0.997,0
NA19031	1|1	0,0,1
NA19035	0|1	0,0.732,0.268
NA19036	0|0	1,0,0
NA19038	0|0	0.997,0.003,0
NA19041	0|0	0.996003,0.003994,3e-06
NA19092	1|0	0,0.99,0.01
NA19093	0|0	1,0,0
NA19094	0|1	0.00907999,0.89984,0.09108
NA19098	1|1	0,0.00400001,0.996
NA19099	1|1	0,0.00700003,0.993
NA19100	1|1	0,0.00199997,0.998
NA19101	1|1	4e-05,0.01292,0.98704
NA19102	1|1	0,0.00199997,0.998
NA19103	1|1	0,0,1
NA19108	1|0	0.000999987,0.999,0
NA19116	0|0	1,0,0
NA19118	1|0	0,1,0
NA19119	1|1	0,0.00199997,0.998
NA19120	1|0	0.00400001,0.996,0
NA19127	0|0	0.999,0.001,0
NA19128	0|1	0,1,0
NA19129	0|1	0.000999987,0.999,0
NA19130	0|1	0,1,0
NA19131	0|0	0.995,0.005,0
NA19132	1|0	0,1,0
NA19137	0|1	0,1,0
NA19138	1|0	0.103,0.897,0
NA19139	0|0	1,0,0
NA19140	0|1	0.000986987,0.986026,0.012987
NA19141	0|0	1,0,0
NA19142	0|0	0.999,0.001,0
NA19143	0|0	0.994,0.006,0
NA19144	0|0	1,0,0
NA19145	0|0	1,0,0
NA19146	0|0	0.978057,0.021886,5.7e-05
NA19150	0|1	0.00300002,0.997,0
NA19152	0|1	0,1,0
NA19153	0|0	0.993,0.007,0
NA19154	0|1	0,1,0
NA19159	1|1	0,0.000999987,0.999
NA19160	0|1	0.00700003,0.993,0
NA19161	1|0	0.000999987,0.999,0
NA19171	1|1	0,0,1
NA19172	1|0	0.000999987,0.999,0
NA19173	1|1	0,0.00199997,0.998
NA19189	0|1	0,1,0
NA19200	0|0	1,0,0
NA19201	0|0	1,0,0
NA19202	0|0	0.98,0.02,0
NA19203	0|1	0.004985,0.99203,0.002985
NA19204	1|1	0,0.049,0.951
NA19205	1|1	0,0.009,0.991
NA19206	0|0	1,0,0
NA19207	0|1	0,0.999,0.001
NA19208	0|1	0,1,0
NA19209	0|1	0,1,0
NA19210	1|1	0,0.005,0.995
NA19211	0|1	0,1,0
NA19213	1|1	9.00013e-06,0.00598204,0.994009
NA19221	1|0	0,1,0
NA19222	0|0	1,0,0
NA19223	1|1	0,0.00300002,0.997
NA19238	1|1	0,0.00300002,0.997
NA19239	1|1	0,0.00700003,0.993
NA19240	1|1	0,0,1
NA19307	0|1	0,1,0
NA19308	0|0	0.966033,0.033934,3.3e-05
NA19309	1|1	0,0,1
NA19310	1|0	0,1,0
NA19314	1|1	0,0,1
NA19315	1|0	0,0.998,0.002
NA19316	0|1	0.009,0.991,0
NA19317	0|0	0.999,0.001,0
NA19318	0|0	0.982,0.018,0
NA19319	1|0	0.00199997,0.998,0
NA19321	1|0	0.00299402,0.995012,0.001994
NA19324	1|1	0,0.005,0.995
NA19327	0|0	0.970081,0.029838,8.1e-05
NA19328	1|0	0.00598198,0.991036,0.002982
NA19332	1|1	0,0.00599998,0.994
NA19334	0|1	0.00199997,0.998,0
NA19346	1|0	0,0.999,0.001
NA19347	0|1	0.00199397,0.995012,0.002994
NA19350	1|1	0,0.00199997,0.998
NA19360	1|0	0.000999987,0.999,0
NA19372	1|1	0,0.034,0.966
NA19374	1|1	0,0,1
NA19375	1|1	1.19998e-05,0.00797596,0.992012
NA19376	0|0	1,0,0
NA19377	1|0	0.00800002,0.992,0
NA19379	0|1	0.00395601,0.985088,0.010956
NA19380	0|0	0.995006,0.004988,6e-06
NA19384	0|1	0,0.99,0.01
NA19385	0|0	0.989,0.011,0
NA19390	1|1	2.4e-05,0.00995199,0.990024
NA19391	0|1	0.00399601,0.995008,0.000996
NA19393	0|1	0.000999987,0.999,0
NA19394	1|1	0,0,1
NA19397	0|1	0,0.995,0.005
NA19399	0|0	1,0,0
NA19403	1|1	1.20001e-05,0.00697603,0.993012
NA19404	0|0	0.993006,0.006988,6e-06
NA19428	1|1	0,0.00300002,0.997
NA19429	0|0	0.99,0.01,0
NA19430	1|1	0,0.005,0.995
NA19431	0|0	0.999,0.001,0
NA19434	1|0	0.00698603,0.991028,0.001986
NA19435	0|1	0.00199997,0.998,0
NA19436	1|0	0.00399601,0.995008,0.000996
NA19437	1|1	2.70002e-05,0.011946,0.988027
NA19438	1|1	0,0,1
NA19439	1|0	0,0.997,0.003
NA19440	0|1	0,0.997,0.003
NA19443	1|1	1.99995e-06,0.00299596,0.997002
NA19445	0|0	0.991,0.009,0
NA19446	0|0	1,0,0
NA19448	0|0	1,0,0
NA19449	0|1	0.00198197,0.989036,0.008982
NA19451	1|1	0,0,1
NA19452	1|0	0,1,0
NA19455	1|0	0.00700003,0.993,0
NA19457	0|1	0.000687991,0.687624,0.311688
NA19462	1|1	0,0.011,0.989
NA19463	0|1	0.00399601,0.995008,0.000996
NA19466	0|1	0,0.999,0.001
NA19467	1|0	0,1,0
NA19468	1|1	0,0,1
NA19471	1|1	3.9999e-06,0.00399195,0.996004
NA19472	0|1	0,1,0
NA19473	0|1	0.000999987,0.999,0
NA19474	1|1	0,0.000999987,0.999
