NA18498	0|0	1,0,0
NA18500	1|1	9.99974e-07,0.00199797,0.998001
NA18501	1|1	3.9999e-06,0.00399195,0.996004
NA18502	1|1	0,0.000999987,0.999
NA18503	1|1	9.99974e-07,0.00199797,0.998001
NA18504	1|1	0,0,1
NA18505	1|1	0,0.00199997,0.998
NA18506	1|1	0,0,1
NA18507	0|0	0.487204,0.421592,0.091204
NA18508	1|1	0,0.013,0.987
NA18515	0|0	1,0,0
NA18516	1|1	0,0,1
NA18517	0|1	0.016,0.984,0
NA18519	0|0	1,0,0
NA18521	1|1	9.00013e-06,0.00598204,0.994009
NA18522	0|0	1,0,0
NA18523	1|0	0.000999987,0.999,0
NA18852	1|1	0,0.013,0.987
NA18853	1|1	1.60001e-05,0.00796802,0.992016
NA18854	1|1	0.000196,0.027608,0.972196
NA18855	0|0	1,0,0
NA18856	1|1	8.10001e-05,0.017838,0.982081
NA18857	0|0	1,0,0
NA18858	1|0	0.019,0.981,0
NA18859	0|0	0.990025,0.00995,2.5e-05
NA18860	1|1	0,0,1
NA18861	1|1	0,0.00199997,0.998
NA18862	0|0	0.996004,0.003992,4e-06
NA18863	1|1	0,0,1
NA18867	0|0	0.999,0.001,0
NA18870	0|1	0,1,0
NA18871	0|0	1,0,0
NA18872	0|0	1,0,0
NA18910	1|1	0,0,1
NA18912	1|1	0,0.000999987,0.999
NA18913	1|1	0,0,1
NA18914	1|1	0,0,1
NA19027	1|1	0,0,1
NA19028	1|1	0,0,1
NA19031	1|1	0,0,1
NA19035	1|1	3.9999e-06,0.00399195,0.996004
NA19036	1|1	9.99974e-07,0.00199797,0.998001
NA19038	1|1	0.000184,0.030632,0.969184
NA19041	0|0	1,0,0
NA19092	0|0	1,0,0
NA19093	1|1	0,0,1
NA19094	1|0	0,1,0
NA19098	0|0	0.998001,0.001998,1e-06
NA19099	1|1	0,0.009,0.991
NA19100	0|1	0.013,0.987,0
NA19101	1|1	2.5e-05,0.00994999,0.990025
NA19102	0|0	1,0,0
NA19103	0|0	1,0,0
NA19108	0|0	0.708,0.292,0
NA19116	1|0	0,1,0
NA19118	0|0	0.718,0.282,0
NA19119	1|1	0,0,1
NA19120	0|0	1,0,0
NA19127	0|1	0,1,0
NA19128	0|0	1,0,0
NA19129	0|0	0.996,0.004,0
NA19130	0|0	1,0,0
NA19131	0|1	0.00199997,0.998,0
NA19132	1|0	0.00199997,0.998,0
NA19137	1|0	0.000999987,0.999,0
NA19138	1|1	4.90004e-05,0.0139021,0.986049
NA19139	0|0	1,0,0
NA19140	1|0	0,1,0
NA19141	1|1	1.60001e-05,0.00796802,0.992016
NA19142	0|0	1,0,0
NA19143	1|1	0,0.059,0.941
NA19144	0|0	1,0,0
NA19145	1|1	0,0,1
NA19146	0|0	1,0,0
NA19150	1|1	0.011025,0.18795,0.801025
NA19152	1|1	9.00013e-06,0.00598204,0.994009
NA19153	1|1	1.60001e-05,0.00796802,0.992016
NA19154	1|1	9.99974e-07,0.00199797,0.998001
NA19159	1|1	0,0.00300002,0.997
NA19160	1|1	3.59998e-05,0.011928,0.988036
NA19161	1|1	0,0,1
NA19171	1|1	9.99974e-07,0.00199797,0.998001
NA19172	1|1	0,0,1
NA19173	1|1	0,0,1
NA19189	0|0	1,0,0
NA19200	1|1	0.209764,0.496472,0.293764
NA19201	1|0	0,1,0
NA19202	1|0	0,1,0
NA19203	1|1	0,0,1
NA19204	0|1	0,1,0
NA19205	0|0	1,0,0
NA19206	0|1	0.00400001,0.996,0
NA19207	1|1	0,0,1
NA19208	1|1	4.90004e-05,0.0139021,0.986049
NA19209	0|1	0.005,0.995,0
NA19210	0|0	1,0,0
NA19211	0|0	1,0,0
NA19213	0|0	0.998001,0.001998,1e-06
NA19221	1|1	0,0,1
NA19222	1|1	0,0,1
NA19223	1|1	0,0,1
NA19238	1|1	0,0,1
NA19239	1|1	0,0,1
NA19240	1|1	0,0.00300002,0.997
NA19307	1|1	9.99974e-07,0.00199797,0.998001
NA19308	1|1	0,0,1
NA19309	0|0	1,0,0
NA19310	1|1	2.59997e-05,0.014948,0.985026
NA19314	1|1	2.99998e-06,0.00399401,0.996003
NA19315	1|0	0,0.998,0.002
NA19316	1|1	0,0.00599998,0.994
NA19317	1|1	9.00013e-06,0.00598204,0.994009
NA19319	0|0	0.430336,0.451328,0.118336
NA19321	0|0	1,0,0
NA19324	1|1	0,0,1
NA19327	1|1	0,0,1
NA19328	1|1	9.10005e-05,0.019818,0.980091
NA19332	1|1	0,0.00300002,0.997
NA19334	1|1	0,0,1
NA19346	1|1	9.00013e-06,0.00598204,0.994009
NA19347	1|1	0,0,1
NA19350	0|0	1,0,0
NA19360	1|1	0,0,1
NA19372	1|1	0,0,1
NA19374	1|1	0,0,1
NA19375	0|0	1,0,0
NA19376	1|1	0,0,1
NA19377	1|0	0.000999987,0.999,0
NA19379	1|1	0.000387,0.051226,0.948387
NA19380	0|0	1,0,0
NA19384	0|0	1,0,0
NA19385	0|0	1,0,0
NA19390	1|1	0,0.005,0.995
NA19391	0|1	0,0.937,0.063
NA19393	0|0	1,0,0
NA19394	1|1	0,0,1
NA19397	0|0	1,0,0
NA19399	0|1	0.336,0.664,0
NA19403	0|0	0.978021,0.021958,2.1e-05
NA19404	1|1	0,0,1
NA19428	0|0	1,0,0
NA19429	0|0	1,0,0
NA19430	0|0	1,0,0
NA19431	0|1	0,1,0
NA19434	0|1	0,1,0
NA19435	0|0	1,0,0
NA19436	0|1	0.494,0.506,0
NA19437	1|0	0.00398,0.79304,0.20298
NA19438	1|1	0,0.00300002,0.997
NA19439	0|1	0.013,0.987,0
NA19440	1|1	1.99995e-06,0.00299596,0.997002
NA19443	1|1	0,0,1
NA19445	0|1	0.000999987,0.999,0
NA19446	1|0	0,1,0
NA19448	1|1	0.034969,0.304062,0.660969
NA19449	1|0	0.00799202,0.991016,0.000992
NA19451	1|1	0,0,1
NA19452	1|1	0,0,1
NA19455	0|0	1,0,0
NA19456	0|1	0.005,0.995,0
NA19457	0|1	0.00999999,0.99,0
NA19462	1|0	0.00599998,0.994,0
NA19463	1|0	0,0.759,0.241
NA19466	0|0	1,0,0
NA19467	1|1	0,0.07,0.93
NA19468	0|0	0.926528,0.072944,0.000528
NA19471	1|0	0.00400001,0.996,0
NA19472	0|1	0,1,0
NA19473	0|1	0,0.987,0.013
NA19474	1|0	0,0.996,0.004
NA06985	0|0	1,0,0
NA06991	0|0	1,0,0
NA06993	0|0	1,0,0
NA06994	1|1	6.40003e-05,0.015872,0.984064
NA07000	0|0	1,0,0
NA07019	1|1	0,0,1
NA07022	1|1	0,0,1
NA07029	0|0	1,0,0
NA07034	0|0	1,0,0
NA07048	0|0	1,0,0
NA07055	0|1	0.00800002,0.992,0
NA07056	1|0	0,1,0
NA07345	0|1	0,0.983,0.017
NA07348	1|1	0,0,1
NA07357	1|1	0,0,1
NA10830	0|0	1,0,0
NA10831	0|0	0.503,0.497,0
NA10835	0|0	1,0,0
NA10838	0|0	1,0,0
NA10839	0|0	1,0,0
NA10846	0|0	1,0,0
NA10847	0|0	1,0,0
NA10851	0|0	1,0,0
NA10854	0|0	1,0,0
NA10855	0|0	1,0,0
NA10856	0|0	1,0,0
NA10857	0|0	1,0,0
NA10859	1|0	0,1,0
NA10860	0|0	1,0,0
NA10861	0|0	1,0,0
NA10863	0|0	1,0,0
NA11829	0|0	1,0,0
NA11830	1|0	0.00300002,0.997,0
NA11831	0|0	1,0,0
NA11832	0|1	0.00199997,0.998,0
NA11839	0|0	1,0,0
NA11840	0|0	1,0,0
NA11881	1|1	3.9999e-06,0.00399195,0.996004
NA11882	0|0	1,0,0
NA11992	0|0	1,0,0
NA11993	0|0	1,0,0
NA11994	0|0	1,0,0
NA11995	0|0	1,0,0
NA12003	0|0	1,0,0
NA12004	0|0	1,0,0
NA12005	0|0	1,0,0
NA12006	0|0	1,0,0
NA12043	1|1	0,0,1
NA12044	1|0	0.00199997,0.998,0
NA12056	1|1	0,0,1
NA12057	1|0	0.005,0.995,0
NA12144	0|0	1,0,0
NA12145	0|0	1,0,0
NA12146	0|0	1,0,0
NA12154	0|0	1,0,0
NA12155	0|0	1,0,0
NA12156	0|0	0.999,0.001,0
NA12234	0|0	1,0,0
NA12236	0|0	1,0,0
NA12239	0|0	1,0,0
NA12248	0|0	1,0,0
NA12249	0|0	1,0,0
NA12264	0|0	1,0,0
NA12707	0|0	1,0,0
NA12716	0|0	1,0,0
NA12717	0|0	1,0,0
NA12740	0|0	1,0,0
NA12750	0|0	1,0,0
NA12751	0|0	1,0,0
NA12752	0|0	1,0,0
NA12753	0|0	1,0,0
NA12760	0|0	1,0,0
NA12761	0|0	1,0,0
NA12762	0|0	1,0,0
NA12763	0|1	0.308,0.692,0
NA12801	0|0	1,0,0
NA12802	0|0	0.947,0.053,0
NA12812	0|0	1,0,0
NA12813	0|0	1,0,0
NA12814	0|0	0.879844,0.116312,0.003844
NA12815	0|0	1,0,0
NA12864	0|0	1,0,0
NA12865	0|0	1,0,0
NA12872	0|0	1,0,0
NA12873	0|0	1,0,0
NA12874	0|0	1,0,0
NA12875	0|0	1,0,0
NA12878	0|0	1,0,0
NA12891	0|0	1,0,0
NA12892	0|0	1,0,0
NA20502	0|0	0.802,0.198,0
NA20504	0|1	0,1,0
NA20505	0|0	1,0,0
NA20506	0|0	1,0,0
NA20508	0|0	1,0,0
NA20509	0|0	1,0,0
NA20510	0|0	1,0,0
NA20512	0|0	1,0,0
NA20515	0|0	0.988036,0.011928,3.6e-05
NA20516	0|0	1,0,0
NA20517	0|0	0.999,0.001,0
NA20518	0|0	0.950625,0.04875,0.000625
NA20519	1|1	0,0,1
NA20520	0|0	1,0,0
NA20521	0|0	1,0,0
NA20522	0|0	0.818,0.182,0
NA20524	0|0	1,0,0
NA20525	0|0	1,0,0
NA20527	0|0	1,0,0
NA20528	0|0	1,0,0
NA20529	0|0	1,0,0
NA20530	0|0	1,0,0
NA20531	0|0	1,0,0
NA20534	0|0	0.643204,0.317592,0.039204
NA20535	0|0	1,0,0
NA20538	0|0	1,0,0
NA20539	0|0	1,0,0
NA20540	0|0	1,0,0
NA20541	0|0	1,0,0
NA20542	1|0	0.284,0.716,0
NA20543	0|0	0.992016,0.007968,1.6e-05
NA20544	0|0	1,0,0
NA20581	0|0	1,0,0
NA20582	0|0	0.991,0.009,0
NA20585	0|0	1,0,0
NA20586	1|1	0,0,1
NA20588	1|1	0,0,1
NA20589	0|1	0,1,0
NA20752	0|0	1,0,0
NA20753	0|0	1,0,0
NA20754	0|0	1,0,0
NA20755	0|0	1,0,0
NA20756	0|1	0.014,0.986,0
NA20757	0|0	1,0,0
NA20758	1|1	9.99974e-07,0.00199797,0.998001
NA20759	0|0	1,0,0
NA20760	0|0	1,0,0
NA20761	0|0	0.759,0.241,0
NA20765	0|0	1,0,0
NA20766	0|0	0.812187,0.187626,0.000187
NA20768	0|0	1,0,0
NA20769	0|1	0,1,0
NA20770	0|0	1,0,0
NA20771	0|0	0.999,0.001,0
NA20772	0|0	1,0,0
NA20773	0|0	1,0,0
NA20774	0|0	0.807,0.193,0
NA20778	1|1	0,0,1
NA20783	0|0	1,0,0
NA20785	0|0	1,0,0
NA20786	0|1	0,1,0
NA20787	0|0	0.966289,0.033422,0.000289
NA20790	0|0	1,0,0
NA20792	0|0	1,0,0
NA20795	1|0	0,1,0
NA20796	1|1	9.00013e-06,0.00598204,0.994009
NA20797	0|0	1,0,0
NA20798	0|0	0.994009,0.005982,9e-06
NA20799	0|0	1,0,0
NA20800	0|0	1,0,0
NA20801	0|0	1,0,0
NA20802	0|0	1,0,0
NA20803	0|0	1,0,0
NA20804	0|0	1,0,0
NA20805	0|0	1,0,0
NA20806	0|0	1,0,0
NA20807	1|0	0.00300002,0.997,0
NA20808	0|0	1,0,0
NA20809	0|0	1,0,0
NA20810	0|0	1,0,0
NA20811	0|0	1,0,0
NA20812	0|0	1,0,0
NA20813	0|0	1,0,0
NA20815	1|1	0,0,1
NA20818	0|0	1,0,0
NA20819	0|0	1,0,0
NA20826	0|0	1,0,0
NA20828	0|0	1,0,0
NA18526	1|0	0.24453,0.74794,0.00753
NA18532	0|1	0.037,0.963,0
NA18537	0|0	0.534,0.466,0
NA18542	0|1	0.000999987,0.999,0
NA18545	1|0	0,1,0
NA18547	0|0	1,0,0
NA18550	0|0	1,0,0
NA18552	0|0	1,0,0
NA18555	0|0	1,0,0
NA18558	0|0	1,0,0
NA18561	1|1	9.00013e-06,0.00598204,0.994009
NA18562	0|0	1,0,0
NA18563	1|1	0,0,1
NA18564	1|1	0,0.00400001,0.996
NA18566	0|0	1,0,0
NA18570	0|0	0.991,0.009,0
NA18571	1|1	3.99996e-06,0.004992,0.995004
NA18572	1|1	2.5e-05,0.00994999,0.990025
NA18573	1|1	8.79989e-05,0.088824,0.911088
NA18577	1|1	0,0.023,0.977
NA18579	1|0	0,1,0
NA18582	1|0	0,1,0
NA18592	0|1	0,0.999,0.001
NA18593	0|0	0.994,0.006,0
NA18603	0|0	1,0,0
NA18605	1|1	2.5e-05,0.00994999,0.990025
NA18608	1|1	0,0,1
NA18609	1|1	0.000324,0.035352,0.964324
NA18611	0|0	1,0,0
NA18612	0|0	1,0,0
NA18620	1|1	0,0,1
NA18621	0|0	1,0,0
NA18622	1|1	0,0,1
NA18623	0|0	1,0,0
NA18624	0|0	1,0,0
NA18632	0|0	1,0,0
NA18633	1|1	0,0,1
NA18635	1|1	0,0,1
NA18636	0|0	1,0,0
NA18637	1|1	0,0,1
NA18940	1|1	0.000255999,0.0314879,0.968256
NA18942	1|1	0,0,1
NA18943	1|1	3.59998e-05,0.011928,0.988036
NA18944	1|1	2.5e-05,0.00994999,0.990025
NA18945	1|1	6.40003e-05,0.015872,0.984064
NA18947	1|1	0,0.00300002,0.997
NA18948	0|0	0.304704,0.494592,0.200704
NA18949	1|1	0,0,1
NA18951	1|0	0,1,0
NA18952	0|0	1,0,0
NA18953	0|0	1,0,0
NA18956	1|1	0,0,1
NA18959	1|1	0,0,1
NA18960	1|1	3.9999e-06,0.00399195,0.996004
NA18961	0|0	1,0,0
NA18964	1|1	0,0.00400001,0.996
NA18965	0|0	1,0,0
NA18966	0|0	1,0,0
NA18967	1|1	0,0,1
NA18968	1|1	0.000255,0.03149,0.968255
NA18969	1|1	0,0,1
NA18970	1|1	3.59998e-05,0.011928,0.988036
NA18971	1|1	0,0,1
NA18972	0|1	0.021,0.979,0
NA18973	0|1	0.00199997,0.998,0
NA18974	1|1	9.00013e-06,0.00598204,0.994009
NA18975	0|1	0.359,0.641,0
NA18976	0|1	0,1,0
NA18978	1|1	0,0.00199997,0.998
NA18980	0|0	0.911,0.089,0
NA18981	1|1	0,0,1
NA18987	0|1	0.00800002,0.992,0
NA18990	1|1	0.000169,0.025662,0.974169
NA18991	1|1	0,0.00300002,0.997
NA18992	1|1	0,0.149,0.851
NA18994	1|1	0,0,1
NA18995	0|0	0.950625,0.04875,0.000625
NA18997	1|1	0,0.00300002,0.997
NA18998	1|0	0.00300002,0.997,0
NA18999	1|1	0,0,1
NA19000	1|1	0,0,1
NA19003	0|1	0.000999987,0.999,0
NA19005	1|1	0,0,1
NA19007	1|1	2.5e-05,0.00994999,0.990025
NA19012	1|1	0,0,1
