NA18498	0|0	1,0,0
NA18500	1|1	9.99974e-07,0.00199797,0.998001
NA18501	1|1	3.9999e-06,0.00399195,0.996004
NA18502	1|1	0,0.000999987,0.999
NA18503	1|1	9.99974e-07,0.00199797,0.998001
NA18504	1|1	0,0,1
NA18505	1|1	0,0.00199997,0.998
NA18506	1|1	0,0,1
NA18507	0|0	0.487204,0.421592,0.091204
NA18508	1|1	0,0.013,0.987
NA18515	0|0	1,0,0
NA18516	1|1	0,0,1
NA18517	0|1	0.016,0.984,0
NA18519	0|0	1,0,0
NA18521	1|1	9.00013e-06,0.00598204,0.994009
NA18522	0|0	1,0,0
NA18523	1|0	0.000999987,0.999,0
NA18852	1|1	0,0.013,0.987
NA18853	1|1	1.60001e-05,0.00796802,0.992016
NA18854	1|1	0.000196,0.027608,0.972196
NA18855	0|0	1,0,0
NA18856	1|1	8.10001e-05,0.017838,0.982081
NA18857	0|0	1,0,0
NA18858	1|0	0.019,0.981,0
NA18859	0|0	0.990025,0.00995,2.5e-05
NA18860	1|1	0,0,1
NA18861	1|1	0,0.00199997,0.998
NA18862	0|0	0.996004,0.003992,4e-06
NA18863	1|1	0,0,1
NA18867	0|0	0.999,0.001,0
NA18870	0|1	0,1,0
NA18871	0|0	1,0,0
NA18872	0|0	1,0,0
NA18910	1|1	0,0,1
NA18912	1|1	0,0.000999987,0.999
NA18913	1|1	0,0,1
NA18914	1|1	0,0,1
NA19027	1|1	0,0,1
NA19028	1|1	0,0,1
NA19031	1|1	0,0,1
NA19035	1|1	3.9999e-06,0.00399195,0.996004
NA19036	1|1	9.99974e-07,0.00199797,0.998001
NA19038	1|1	0.000184,0.030632,0.969184
NA19041	0|0	1,0,0
NA19092	0|0	1,0,0
NA19093	1|1	0,0,1
NA19094	1|0	0,1,0
NA19098	0|0	0.998001,0.001998,1e-06
NA19099	1|1	0,0.009,0.991
NA19100	0|1	0.013,0.987,0
NA19101	1|1	2.5e-05,0.00994999,0.990025
NA19102	0|0	1,0,0
NA19103	0|0	1,0,0
NA19108	0|0	0.708,0.292,0
NA19116	1|0	0,1,0
NA19118	0|0	0.718,0.282,0
NA19119	1|1	0,0,1
NA19120	0|0	1,0,0
NA19127	0|1	0,1,0
NA19128	0|0	1,0,0
NA19129	0|0	0.996,0.004,0
NA19130	0|0	1,0,0
NA19131	0|1	0.00199997,0.998,0
NA19132	1|0	0.00199997,0.998,0
NA19137	1|0	0.000999987,0.999,0
NA19138	1|1	4.90004e-05,0.0139021,0.986049
NA19139	0|0	1,0,0
NA19140	1|0	0,1,0
NA19141	1|1	1.60001e-05,0.00796802,0.992016
NA19142	0|0	1,0,0
NA19143	1|1	0,0.059,0.941
NA19144	0|0	1,0,0
NA19145	1|1	0,0,1
NA19146	0|0	1,0,0
NA19150	1|1	0.011025,0.18795,0.801025
NA19152	1|1	9.00013e-06,0.00598204,0.994009
NA19153	1|1	1.60001e-05,0.00796802,0.992016
NA19154	1|1	9.99974e-07,0.00199797,0.998001
NA19159	1|1	0,0.00300002,0.997
NA19160	1|1	3.59998e-05,0.011928,0.988036
NA19161	1|1	0,0,1
NA19171	1|1	9.99974e-07,0.00199797,0.998001
NA19172	1|1	0,0,1
NA19173	1|1	0,0,1
NA19189	0|0	1,0,0
NA19200	1|1	0.209764,0.496472,0.293764
NA19201	1|0	0,1,0
NA19202	1|0	0,1,0
NA19203	1|1	0,0,1
NA19204	0|1	0,1,0
NA19205	0|0	1,0,0
NA19206	0|1	0.00400001,0.996,0
NA19207	1|1	0,0,1
NA19208	1|1	4.90004e-05,0.0139021,0.986049
NA19209	0|1	0.005,0.995,0
NA19210	0|0	1,0,0
NA19211	0|0	1,0,0
NA19213	0|0	0.998001,0.001998,1e-06
NA19221	1|1	0,0,1
NA19222	1|1	0,0,1
NA19223	1|1	0,0,1
NA19238	1|1	0,0,1
NA19239	1|1	0,0,1
NA19240	1|1	0,0.00300002,0.997
NA19307	1|1	9.99974e-07,0.00199797,0.998001
NA19308	1|1	0,0,1
NA19309	0|0	1,0,0
NA19310	1|1	2.59997e-05,0.014948,0.985026
NA19314	1|1	2.99998e-06,0.00399401,0.996003
NA19315	1|0	0,0.998,0.002
NA19316	1|1	0,0.00599998,0.994
NA19317	1|1	9.00013e-06,0.00598204,0.994009
NA19319	0|0	0.430336,0.451328,0.118336
NA19321	0|0	1,0,0
NA19324	1|1	0,0,1
NA19327	1|1	0,0,1
NA19328	1|1	9.10005e-05,0.019818,0.980091
NA19332	1|1	0,0.00300002,0.997
NA19334	1|1	0,0,1
NA19346	1|1	9.00013e-06,0.00598204,0.994009
NA19347	1|1	0,0,1
NA19350	0|0	1,0,0
NA19360	1|1	0,0,1
NA19372	1|1	0,0,1
NA19374	1|1	0,0,1
NA19375	0|0	1,0,0
NA19376	1|1	0,0,1
NA19377	1|0	0.000999987,0.999,0
NA19379	1|1	0.000387,0.051226,0.948387
NA19380	0|0	1,0,0
NA19384	0|0	1,0,0
NA19385	0|0	1,0,0
NA19390	1|1	0,0.005,0.995
NA19391	0|1	0,0.937,0.063
NA19393	0|0	1,0,0
NA19394	1|1	0,0,1
NA19397	0|0	1,0,0
NA19399	0|1	0.336,0.664,0
NA19403	0|0	0.978021,0.021958,2.1e-05
NA19404	1|1	0,0,1
NA19428	0|0	1,0,0
NA19429	0|0	1,0,0
NA19430	0|0	1,0,0
NA19431	0|1	0,1,0
NA19434	0|1	0,1,0
NA19435	0|0	1,0,0
NA19436	0|1	0.494,0.506,0
NA19437	1|0	0.00398,0.79304,0.20298
NA19438	1|1	0,0.00300002,0.997
NA19439	0|1	0.013,0.987,0
NA19440	1|1	1.99995e-06,0.00299596,0.997002
NA19443	1|1	0,0,1
NA19445	0|1	0.000999987,0.999,0
NA19446	1|0	0,1,0
NA19448	1|1	0.034969,0.304062,0.660969
NA19449	1|0	0.00799202,0.991016,0.000992
NA19451	1|1	0,0,1
NA19452	1|1	0,0,1
NA19455	0|0	1,0,0
NA19456	0|1	0.005,0.995,0
NA19457	0|1	0.00999999,0.99,0
NA19462	1|0	0.00599998,0.994,0
NA19463	1|0	0,0.759,0.241
NA19466	0|0	1,0,0
NA19467	1|1	0,0.07,0.93
NA19468	0|0	0.926528,0.072944,0.000528
NA19471	1|0	0.00400001,0.996,0
NA19472	0|1	0,1,0
NA19473	0|1	0,0.987,0.013
NA19474	1|0	0,0.996,0.004
