NA18498	1|1	2.59997e-05,0.014948,0.985026
NA18502	1|1	0,0.00400001,0.996
NA18505	1|1	0.000156,0.024688,0.975156
NA18507	1|1	0,0.000999987,0.999
NA18508	0|0	1,0,0
NA18517	1|1	7.99991e-06,0.00598398,0.994008
NA18519	1|1	0,0,1
NA18867	0|1	0.00199997,0.998,0
NA18870	1|1	0,0.009,0.991
NA18910	1|1	0,0,1
NA19092	1|1	3.00002e-05,0.01294,0.98703
NA19098	1|1	0,0.00199997,0.998
NA19099	1|0	0.00999999,0.99,0
NA19102	0|1	0,1,0
NA19108	1|0	0.00599998,0.994,0
NA19118	1|1	0.000112,0.021776,0.978112
NA19119	0|0	0.992,0.008,0
NA19129	0|1	0.005,0.995,0
NA19130	1|1	7.00002e-05,0.01686,0.98307
NA19141	1|1	0,0,1
NA19146	1|1	0,0.00199997,0.998
NA19150	1|1	0,0.000999987,0.999
NA19152	1|1	1.99995e-06,0.00299596,0.997002
NA19160	0|1	0.00999999,0.99,0
NA19171	1|1	0,0.00599998,0.994
NA19189	1|0	0,0.997,0.003
NA19204	1|1	0,0,1
NA19206	1|0	0,1,0
NA19207	0|1	0,1,0
NA19209	1|1	7.99991e-06,0.008984,0.991008
NA19213	1|1	0,0.00400001,0.996
NA19240	1|1	0,0.00199997,0.998
