NA18498	1|1	2.59997e-05,0.014948,0.985026
NA18502	1|1	0,0.00400001,0.996
NA18505	1|1	0.000156,0.024688,0.975156
NA18507	1|1	0,0.000999987,0.999
NA18508	0|0	1,0,0
NA18517	1|1	7.99991e-06,0.00598398,0.994008
NA18519	1|1	0,0,1
NA18867	0|1	0.00199997,0.998,0
NA18870	1|1	0,0.009,0.991
NA18910	1|1	0,0,1
NA19092	1|1	3.00002e-05,0.01294,0.98703
NA19098	1|1	0,0.00199997,0.998
NA19099	1|0	0.00999999,0.99,0
NA19102	0|1	0,1,0
NA19108	1|0	0.00599998,0.994,0
NA19118	1|1	0.000112,0.021776,0.978112
NA19119	0|0	0.992,0.008,0
NA19129	0|1	0.005,0.995,0
NA19130	1|1	7.00002e-05,0.01686,0.98307
NA19141	1|1	0,0,1
NA19146	1|1	0,0.00199997,0.998
NA19150	1|1	0,0.000999987,0.999
NA19152	1|1	1.99995e-06,0.00299596,0.997002
NA19160	0|1	0.00999999,0.99,0
NA19171	1|1	0,0.00599998,0.994
NA19189	1|0	0,0.997,0.003
NA19204	1|1	0,0,1
NA19206	1|0	0,1,0
NA19207	0|1	0,1,0
NA19209	1|1	7.99991e-06,0.008984,0.991008
NA19213	1|1	0,0.00400001,0.996
NA19240	1|1	0,0.00199997,0.998
NA11829	1|1	0,0.00199997,0.998
NA11830	1|0	0,0.997,0.003
NA11831	1|1	1.19999e-05,0.012976,0.987012
NA11832	1|1	0,0.00700003,0.993
NA11840	1|1	0,0.005,0.995
NA11881	1|1	0,0.00800002,0.992
NA11994	1|1	0,0.00300002,0.997
NA11995	1|1	0,0.00199997,0.998
NA12004	1|0	0.040959,0.958082,0.000959
NA12005	1|1	0,0.013,0.987
NA12043	0|1	0.00999999,0.99,0
NA12044	1|0	0,1,0
NA12144	0|0	1,0,0
NA12154	1|1	0,0,1
NA12155	0|1	0,0.997,0.003
NA12156	1|1	0,0,1
NA12234	1|1	0,0,1
NA12717	1|0	0,0.997,0.003
NA12750	1|1	0,0.00199997,0.998
NA12760	1|0	0.00699303,0.992014,0.000993
NA12761	1|0	0.00688803,0.977224,0.015888
NA12762	0|1	0,0.999,0.001
NA12763	1|1	0,0.009,0.991
NA12812	1|1	0,0.00599998,0.994
NA12813	1|1	0,0,1
NA12814	1|1	0,0,1
NA12815	0|0	0.999,0.001,0
NA12872	1|1	3.99996e-06,0.004992,0.995004
NA12873	0|1	0.004995,0.99401,0.000995
NA12874	1|0	0,1,0
NA12878	0|1	0.00300002,0.997,0
NA18526	1|1	0,0.00800002,0.992
NA18537	1|1	0,0.00199997,0.998
NA18550	0|1	0.00199997,0.998,0
NA18555	1|1	2.80002e-05,0.010944,0.989028
NA18562	1|1	1.20001e-05,0.00697603,0.993012
NA18563	1|0	0,0.994,0.006
NA18582	1|1	0.000364,0.039272,0.960364
NA18603	1|1	0,0.00700003,0.993
NA18606	0|1	0.00999999,0.99,0
NA18621	0|1	0,0.996,0.004
NA18622	1|1	0,0.019,0.981
NA18628	1|1	5.99996e-06,0.004988,0.995006
NA18632	0|1	0.00499,0.99302,0.00199
NA18636	1|1	0.000108,0.020784,0.979108
NA18647	1|1	3.9999e-06,0.00399195,0.996004
NA18942	1|0	0,1,0
NA18945	0|1	0,1,0
NA18947	1|0	0.00397601,0.990048,0.005976
NA18951	0|1	0.00599998,0.994,0
NA18952	0|1	0.016,0.984,0
NA18953	0|1	0,1,0
NA18956	1|0	0,1,0
NA18965	1|0	0.00800002,0.992,0
NA18970	1|0	0.008919,0.982162,0.008919
NA18973	1|1	0,0,1
NA18977	1|1	0,0.00300002,0.997
NA18987	1|1	0,0.00199997,0.998
NA18990	1|0	0.005,0.995,0
NA18995	1|0	0.00300002,0.997,0
NA19003	1|1	0,0.00199997,0.998
NA19010	0|1	0.000999987,0.999,0
