NA18498	0|0	0	1,0,0
NA18502	0|1	1	0,1,0
NA18505	1|0	1	0,1,0
NA18507	1|1	1.69	0.01,0.28,0.7
NA18508	0|1	1	0,1,0
NA18517	1|1	2	0,0,1
NA18519	0|0	0	1,0,0
NA18867	0|0	0	1,0,0
NA18870	0|1	1	0,1,0
NA18910	1|0	1.44	0,0.56,0.44
NA19092	1|0	1	0,1,0
NA19098	1|1	2	0,0,1
NA19099	1|1	1.85	0,0.15,0.85
NA19102	1|1	1.95	0,0.05,0.95
NA19108	1|0	1.01	0,0.99,0.01
NA19118	1|1	2	0,0,1
NA19119	0|0	0	1,0,0
NA19129	0|0	0	1,0,0
NA19130	0|0	0	1,0,0
NA19141	1|1	2	0,0,1
NA19146	0|0	0	1,0,0
NA19150	1|1	2	0,0,1
NA19152	1|1	2	0,0,1
NA19160	1|1	2	0,0,1
NA19171	0|0	0	1,0,0
NA19189	0|0	0	1,0,0
NA19204	1|0	1	0,1,0
NA19206	0|0	0	1,0,0
NA19207	0|0	0	1,0,0
NA19209	1|0	1	0,1,0
NA19213	0|0	0	1,0,0
NA19240	1|1	2	0,0,1
