NA18526	0|0	0.983,0.017,0
NA18537	1|0	0.332,0.668,0
NA18550	0|0	0.948,0.052,0
NA18555	0|0	1,0,0
NA18562	1|0	0.008982,0.989036,0.001982
NA18563	0|0	1,0,0
NA18582	0|0	1,0,0
NA18603	0|0	1,0,0
NA18606	0|0	0.999,0.001,0
NA18621	0|0	0.901,0.099,0
NA18622	0|0	0.982,0.018,0
NA18628	0|0	0.978,0.022,0
NA18632	0|0	1,0,0
NA18636	0|0	0.636363,0.363274,0.000363
NA18647	0|0	1,0,0
NA18942	0|0	1,0,0
NA18945	0|0	0.999,0.001,0
NA18947	0|1	0.389,0.611,0
NA18951	1|0	0.011,0.989,0
NA18952	0|0	1,0,0
NA18953	0|0	0.998001,0.001998,1e-06
NA18956	0|0	0.999,0.001,0
NA18965	0|0	1,0,0
NA18970	0|0	0.64,0.36,0
NA18973	0|0	0.999,0.001,0
NA18977	0|0	0.999,0.001,0
NA18987	0|0	1,0,0
NA18990	0|0	0.999,0.001,0
NA18995	0|0	0.999,0.001,0
NA19003	1|0	0.00999999,0.99,0
NA19010	0|0	0.999,0.001,0
