NA18498	0|0	1,0,0
NA18502	0|0	1,0,0
NA18505	0|0	1,0,0
NA18507	1|0	0,0.996,0.004
NA18508	0|0	0.998,0.002,0
NA18517	0|0	1,0,0
NA18519	0|0	0.996,0.004,0
NA18867	0|0	0.666,0.334,0
NA18870	0|0	0.997,0.003,0
NA18910	0|1	0.000999987,0.999,0
NA19092	0|1	0.460539,0.538922,0.000539
NA19098	0|0	0.999,0.001,0
NA19099	0|0	1,0,0
NA19102	0|0	1,0,0
NA19108	0|0	0.98703,0.01294,3e-05
NA19118	0|1	0.49401,0.50498,0.00101
NA19119	0|1	0,1,0
NA19129	1|0	0,1,0
NA19130	0|0	1,0,0
NA19141	0|0	1,0,0
NA19146	0|0	1,0,0
NA19150	0|0	0.999,0.001,0
NA19152	0|0	0.993,0.007,0
NA19160	0|0	0.999,0.001,0
NA19171	0|0	1,0,0
NA19189	0|0	1,0,0
NA19204	0|0	0.999,0.001,0
NA19206	0|0	1,0,0
NA19207	0|1	0.257958,0.505084,0.236958
NA19209	0|0	0.629107,0.369786,0.001107
NA19213	0|0	0.998,0.002,0
NA19240	0|0	0.997002,0.002996,2e-06
