NA18498	0	0	1,0
NA18502	1|0	1	0,1,0
NA18505	1|0	1	0,1,0
NA18507	1	1	0,1
NA18508	0|1	1	0,1,0
NA18517	1|1	1.76	0,0.24,0.76
NA18519	0	0	1,0
NA18867	0|0	0	1,0,0
NA18870	0|1	1	0,1,0
NA18910	0	0	1,0
NA19092	1	0.82	0.18,0.82
NA19098	1	1	0,1
NA19099	1|1	2	0,0,1
NA19102	1|1	1.94	0,0.06,0.94
NA19108	1|0	1	0,1,0
NA19118	1|1	1.86	0,0.14,0.86
NA19119	0	0	1,0
NA19129	1|1	1.4	0.09,0.42,0.49
NA19130	0	0	1,0
NA19141	1	1	0,1
NA19146	0	0	1,0
NA19150	1	1	0,1
NA19152	1|1	1.99	0,0.01,0.99
NA19160	1	1	0,1
NA19171	0	0	1,0
NA19189	0	0	1,0
NA19204	1|0	1	0,1,0
NA19206	0|0	0	1,0,0
NA19207	0	0	1,0
NA19209	0|0	0	1,0,0
NA19213	0	0	1,0
NA19240	1|1	1.52	0,0.48,0.52
