NA18498	1|0	0,0.999,0.001
NA18502	0|1	0.00599998,0.994,0
NA18505	0|0	0.998,0.002,0
NA18507	0|0	1,0,0
NA18508	1|0	0.004995,0.99401,0.000995
NA18517	1|0	0,1,0
NA18519	1|1	0,0.202,0.798
NA18858	0|0	1,0,0
NA18861	0|0	0.999,0.001,0
NA18867	0|0	1,0,0
NA18870	0|0	0.758,0.242,0
NA18910	0|0	0.809,0.191,0
NA18912	0|0	1,0,0
NA19092	0|1	0.00199997,0.998,0
NA19093	0|1	0,1,0
NA19098	0|1	0,1,0
NA19099	1|0	0.021,0.979,0
NA19102	0|1	0,1,0
NA19108	0|1	0.00300002,0.997,0
NA19116	0|0	0.999,0.001,0
NA19118	0|0	0.999,0.001,0
NA19119	0|0	1,0,0
NA19129	0|0	1,0,0
NA19130	0|0	0.999,0.001,0
NA19131	1|0	0.00382001,0.95136,0.04482
NA19137	1|0	0.000999987,0.999,0
NA19138	0|0	0.995,0.005,0
NA19141	0|0	1,0,0
NA19143	1|0	0,0.932,0.068
NA19144	0|0	0.955,0.045,0
NA19146	0|1	0.012987,0.986026,0.000987
NA19150	0|0	0.998001,0.001998,1e-06
NA19152	1|0	0.011,0.989,0
NA19153	0|0	0.687312,0.312376,0.000312
NA19159	0|1	0.116,0.884,0
NA19160	0|1	0,1,0
NA19171	0|0	1,0,0
NA19172	0|0	1,0,0
NA19189	0|0	0.75,0.25,0
NA19200	0|0	1,0,0
NA19201	0|0	1,0,0
NA19204	0|1	0.00400001,0.996,0
NA19206	0|1	0.00199797,0.997004,0.000998
NA19207	1|1	0,0.023,0.977
NA19209	0|0	1,0,0
NA19210	0|1	0.000998987,0.998002,0.000999
NA19213	0|1	0.00199597,0.996008,0.001996
NA19222	0|0	1,0,0
NA19223	0|0	1,0,0
NA19240	0|0	1,0,0
NA06985	0|0	1,0,0
NA06994	0|0	1,0,0
NA07000	0|0	1,0,0
NA07048	0|0	1,0,0
NA07056	0|0	1,0,0
NA07357	0|0	1,0,0
NA10847	1|0	0,1,0
NA10851	0|0	1,0,0
NA11829	0|0	1,0,0
NA11830	0|0	1,0,0
NA11831	0|0	1,0,0
NA11832	0|0	0.961,0.039,0
NA11840	0|0	1,0,0
NA11881	0|0	1,0,0
NA11992	0|0	1,0,0
NA11994	0|0	1,0,0
NA11995	0|0	1,0,0
NA12003	0|0	1,0,0
NA12004	0|0	1,0,0
NA12005	0|0	1,0,0
NA12006	0|1	0,1,0
NA12043	0|0	0.999,0.001,0
NA12044	0|0	1,0,0
NA12144	0|0	1,0,0
NA12154	0|0	1,0,0
NA12155	0|0	1,0,0
NA12156	0|0	1,0,0
NA12234	0|0	1,0,0
NA12249	0|0	1,0,0
NA12716	0|0	1,0,0
NA12717	0|0	1,0,0
NA12750	0|0	0.999,0.001,0
NA12751	0|0	1,0,0
NA12760	0|0	1,0,0
NA12761	0|0	1,0,0
NA12762	0|0	1,0,0
NA12763	0|0	1,0,0
NA12812	0|0	1,0,0
NA12813	0|0	1,0,0
NA12814	0|0	0.977,0.023,0
NA12815	0|0	1,0,0
NA12872	0|0	1,0,0
NA12873	0|0	1,0,0
NA12874	0|0	1,0,0
NA12878	0|0	1,0,0
NA20502	0|0	1,0,0
NA20504	0|0	0.999,0.001,0
NA20505	0|0	1,0,0
NA20506	0|0	1,0,0
NA20508	0|0	1,0,0
NA20509	0|0	1,0,0
NA20510	0|0	1,0,0
NA20512	0|0	1,0,0
NA20515	0|0	1,0,0
NA20516	0|0	1,0,0
NA20517	0|0	1,0,0
NA20518	0|0	1,0,0
NA20519	0|0	1,0,0
NA20520	0|0	1,0,0
NA20521	1|0	0,1,0
NA20522	0|0	1,0,0
NA20524	0|1	0,1,0
NA20525	1|0	0.00300002,0.997,0
NA20527	0|0	1,0,0
NA20528	0|0	1,0,0
NA20529	0|0	1,0,0
NA20530	0|0	1,0,0
NA20531	0|0	1,0,0
NA20534	0|0	1,0,0
NA20535	0|0	1,0,0
NA20538	0|0	1,0,0
NA20539	0|0	1,0,0
NA20541	0|1	0.000999987,0.999,0
NA20542	0|0	1,0,0
NA20543	0|0	1,0,0
NA20544	0|0	1,0,0
NA20581	0|0	1,0,0
NA20582	0|0	1,0,0
NA20585	0|0	1,0,0
NA20586	0|0	1,0,0
NA20588	0|0	1,0,0
NA20589	0|0	1,0,0
NA20752	0|0	1,0,0
NA20753	0|0	1,0,0
NA20754	0|0	1,0,0
NA20755	0|0	1,0,0
NA20756	0|1	0.000999987,0.999,0
NA20757	0|0	1,0,0
NA20758	0|0	1,0,0
NA20759	0|0	1,0,0
NA20760	0|0	1,0,0
NA20761	0|0	1,0,0
NA20765	0|0	1,0,0
NA20766	0|0	1,0,0
NA20768	0|0	1,0,0
NA20769	0|0	1,0,0
NA20770	0|0	1,0,0
NA20771	0|0	1,0,0
NA20772	0|0	1,0,0
NA20773	0|0	1,0,0
NA20774	0|0	1,0,0
NA20775	0|0	1,0,0
NA20778	0|0	1,0,0
NA20783	0|0	1,0,0
NA20785	0|0	1,0,0
NA20786	0|0	0.982,0.018,0
NA20790	0|0	1,0,0
NA20792	0|0	1,0,0
NA20795	0|0	1,0,0
NA20796	1|1	0,0.00199997,0.998
NA20797	0|0	1,0,0
NA20798	0|0	0.999,0.001,0
NA20799	0|0	1,0,0
NA20800	0|0	1,0,0
NA20801	0|0	1,0,0
NA20802	0|0	1,0,0
NA20803	0|0	1,0,0
NA20804	0|0	1,0,0
NA20805	0|0	1,0,0
NA20806	0|0	1,0,0
NA20807	0|0	1,0,0
NA20808	0|0	1,0,0
NA20809	1|0	0,1,0
NA20810	0|0	1,0,0
NA20811	0|0	1,0,0
NA20812	0|0	1,0,0
NA20813	0|0	1,0,0
NA20815	0|0	0.999,0.001,0
NA20819	0|0	1,0,0
NA20826	0|0	1,0,0
NA20828	0|0	1,0,0
NA18526	0|0	1,0,0
NA18532	0|0	1,0,0
NA18537	0|0	1,0,0
NA18547	0|0	1,0,0
NA18550	0|0	1,0,0
NA18555	0|0	1,0,0
NA18561	0|1	0.029,0.971,0
NA18562	0|0	1,0,0
NA18563	0|0	1,0,0
NA18566	0|0	1,0,0
NA18572	0|0	1,0,0
NA18577	0|0	1,0,0
NA18582	0|0	1,0,0
NA18603	0|0	1,0,0
NA18605	0|0	1,0,0
NA18606	0|0	1,0,0
NA18621	0|1	0.00300002,0.997,0
NA18622	0|0	1,0,0
NA18628	0|0	1,0,0
NA18632	0|0	1,0,0
NA18636	0|0	1,0,0
NA18647	0|0	1,0,0
NA18942	0|0	1,0,0
NA18943	0|1	0.00199997,0.998,0
NA18945	1|0	0.121,0.879,0
NA18947	0|0	1,0,0
NA18949	1|0	0.178,0.822,0
NA18951	0|0	1,0,0
NA18952	0|0	1,0,0
NA18953	0|0	1,0,0
NA18956	0|0	1,0,0
NA18964	0|0	1,0,0
NA18965	1|0	0.235,0.765,0
NA18970	0|0	1,0,0
NA18973	0|0	1,0,0
NA18974	0|0	1,0,0
NA18977	0|0	1,0,0
NA18980	1|0	0.457,0.543,0
NA18987	0|0	1,0,0
NA18990	0|0	1,0,0
NA18994	0|0	1,0,0
NA18995	0|0	1,0,0
NA19000	0|0	1,0,0
NA19003	0|0	1,0,0
NA19010	0|0	1,0,0
