NA18498	1	1	0,1
NA18502	0|0	0	1,0,0
NA18505	0|1	1	0,1,0
NA18507	1	1	0,1
NA18508	1|1	2	0,0,1
NA18517	1|0	1	0,1,0
NA18519	0	0	1,0
NA18867	0|0	0	1,0,0
NA18870	1|1	2	0,0,1
NA18910	0	0	1,0
NA19092	0	0	1,0
NA19098	0	0	1,0
NA19099	1|0	1	0,1,0
NA19102	1|1	2	0,0,1
NA19108	0|0	0	1,0,0
NA19118	0|0	0	1,0,0
NA19119	0	0	1,0
NA19129	1|1	2	0,0,1
NA19130	0	0	1,0
NA19141	0	0	1,0
NA19146	1	1	0,1
NA19150	1	1	0,1
NA19152	1|0	1	0,1,0
NA19160	1	1	0,1
NA19171	0	0	1,0
NA19204	1|0	1	0,1,0
NA19206	0|0	0	1,0,0
NA19207	0	0	1,0
NA19209	0|1	1	0,1,0
NA19213	0	0	1,0
NA19240	0|1	0.91	0.09,0.91,0
NA11829	1	0.85	0.15,0.85
NA11830	1|0	1	0,1,0
NA11831	0	0	1,0
NA11832	1|0	1	0,1,0
NA11840	0|0	0	1,0,0
NA11881	0	0	1,0
NA11994	0	0	1,0
NA11995	1|1	2	0,0,1
NA12004	1|0	1	0,1,0
NA12005	1	1	0,1
NA12043	1	1	0,1
NA12044	0|0	0	1,0,0
NA12144	1	1	0,1
NA12154	0	0.06	0.94,0.06
NA12155	0	0	1,0
NA12156	0|0	0	1,0,0
NA12234	0|0	0	1,0,0
NA12717	1|1	2	0,0,1
NA12750	0	0	1,0
NA12760	0	0	1,0
NA12761	1|0	1	0,1,0
NA12762	1	1	0,1
NA12763	0|0	0	1,0,0
NA12812	1	1	0,1
NA12813	0|0	0	1,0,0
NA12814	0	0	1,0
NA12815	1|0	1	0,1,0
NA12872	0	0	1,0
NA12873	0|0	0	1,0,0
NA12874	1	1	0,1
NA12878	0|0	0.05	0.95,0.04,0.01
NA18526	0|1	1.09	0,0.91,0.09
NA18537	0|1	1	0,1,0
NA18550	1|0	0.83	0.18,0.81,0.01
NA18555	0|1	1	0,1,0
NA18562	1	0	0.01,0
NA18563	1	0.02	0.01,0.02
NA18582	1|0	1.01	0,0.99,0.01
NA18603	1	1	0,1
NA18606	1	0	0.01,0
NA18621	1	0.33	0.01,0.34
NA18622	1	0	0.01,0
NA18628	1|1	2	0,0,1
NA18632	1	0	0.01,0
NA18636	1	1	0,1
NA18647	1	0	0.01,0
NA18942	0|1	1	0,1,0
NA18945	1	1	0,1
NA18947	0|0	0.31	0.71,0.27,0.02
NA18951	1|1	1.66	0.01,0.32,0.67
NA18952	1	0	0.01,0
NA18953	1	1	0,1
NA18956	0|0	0.01	0.99,0.01,0
NA18965	1	0	0.01,0
NA18970	1	0	0.01,0
NA18973	0|1	1	0,1,0
NA18977	1	0.01	0.01,0.01
NA18987	1|1	2	0,0,1
NA18990	1	0.56	0.01,0.57
NA18995	1	1	0,1
NA19003	0|0	0	1,0,0
NA19010	1|0	1	0,1,0
