NA18526	1|0	0.93	0.08,0.91,0.01
NA18532	0|1	0.63	0.39,0.6,0.01
NA18537	0|0	0.18	0.82,0.18,0
NA18542	0|0	0.15	0.85,0.15,0
NA18545	0|0	0.19	0.81,0.18,0.01
NA18547	0|1	1.14	0.18,0.49,0.33
NA18550	0|0	0.17	0.83,0.17,0
NA18552	0|1	1	0,1,0
NA18555	0|0	0.1	0.9,0.1,0
NA18558	1|0	1	0,1,0
NA18561	0|0	0.09	0.91,0.09,0
NA18562	1|0	0.66	0.36,0.62,0.02
NA18563	0|0	0.15	0.86,0.14,0
NA18564	0|0	0	1,0,0
NA18566	0|1	1	0,1,0
NA18570	0|0	0.18	0.83,0.17,0
NA18571	1|1	1.56	0.03,0.38,0.59
NA18572	0|0	0.14	0.86,0.13,0.01
NA18573	0|0	0.33	0.69,0.3,0.01
NA18577	0|0	0.15	0.85,0.15,0
NA18579	1|0	0.87	0.13,0.87,0
NA18582	1|0	0.69	0.4,0.51,0.09
NA18592	0|0	0.36	0.67,0.31,0.02
NA18593	0|0	0.24	0.76,0.24,0
NA18603	0|0	0.02	0.98,0.02,0
NA18605	1|1	1.94	0,0.06,0.94
NA18608	0|0	0.32	0.69,0.31,0
NA18609	0|0	0.03	0.97,0.03,0
NA18611	0|0	0	1,0,0
NA18612	0|0	0.01	0.99,0.01,0
NA18620	1|0	1.07	0,0.93,0.07
NA18621	0|0	0.27	0.73,0.27,0
NA18622	0|0	0.01	0.99,0.01,0
NA18623	0|1	1	0,1,0
NA18624	1|0	0.97	0.04,0.96,0
NA18632	0|0	0.03	0.97,0.03,0
NA18633	0|0	0	1,0,0
NA18635	0|0	0.07	0.93,0.07,0
NA18636	0|0	0.08	0.92,0.08,0
NA18637	1|0	1.27	0.05,0.63,0.32
NA18940	0|0	0.01	0.99,0.01,0
NA18942	0|1	0.97	0.05,0.94,0.01
NA18943	0|1	0.9	0.15,0.81,0.04
NA18944	1|1	1.88	0,0.12,0.88
NA18945	0|0	0.09	0.92,0.08,0
NA18947	0|1	1.04	0,0.96,0.04
NA18948	1|0	1	0.01,0.99,0
NA18949	0|1	0.8	0.2,0.8,0
NA18951	1|0	1.39	0.01,0.6,0.39
NA18952	0|0	0.15	0.86,0.14,0
NA18953	0|0	0.09	0.91,0.09,0
NA18956	0|0	0.29	0.71,0.29,0
NA18959	0|0	0.05	0.95,0.05,0
NA18960	0|0	0.02	0.98,0.02,0
NA18961	0|0	0.46	0.54,0.46,0
NA18964	0|0	0.27	0.73,0.27,0
NA18965	0|0	0.13	0.88,0.12,0
NA18966	1|1	1.58	0,0.41,0.59
NA18967	1|1	2	0,0,1
NA18968	0|1	0.6	0.46,0.47,0.07
NA18969	0|0	0.24	0.76,0.24,0
NA18970	0|0	0.15	0.85,0.15,0
NA18971	1|0	1	0,1,0
NA18972	0|1	0.67	0.33,0.67,0
NA18973	0|0	0.01	0.99,0.01,0
NA18974	0|1	0.97	0.04,0.96,0
NA18975	1|0	1	0,1,0
NA18976	1|1	1.92	0,0.08,0.92
NA18978	1|0	1	0.01,0.99,0
NA18980	0|0	0.44	0.57,0.43,0
NA18981	0|0	0.05	0.95,0.05,0
NA18987	0|0	0	1,0,0
NA18990	0|0	0.2	0.8,0.2,0
NA18991	0|0	0.01	0.99,0.01,0
NA18992	0|0	0.44	0.6,0.36,0.04
NA18994	1|0	1.01	0,0.99,0.01
NA18995	1|0	0.93	0.07,0.93,0
NA18997	0|0	0.14	0.86,0.14,0
NA18998	0|1	1.01	0,0.99,0.01
NA18999	0|0	0.01	0.99,0.01,0
NA19000	1|1	2	0,0,1
NA19003	1|1	1.98	0,0.02,0.98
NA19005	0|0	0.01	0.99,0.01,0
NA19007	0|0	0.38	0.62,0.38,0
NA19012	1|1	1.56	0,0.43,0.57
