NA18498	1	1	0,1
NA18502	1|1	2	0,0,1
NA18505	1|0	1	0,1,0
NA18507	1	1	0,1
NA18508	1|1	2	0,0,1
NA18517	0|1	0.99	0.01,0.99,0
NA18519	1	0	0.01,0
NA18858	0|0	0.01	0.99,0.01,0
NA18861	0|0	0	1,0,0
NA18867	1|0	1	0,1,0
NA18870	1|0	1.39	0,0.61,0.39
NA18910	1	0	0.01,0
NA18912	0|1	1	0,1,0
NA19092	1	0	0.01,0
NA19093	0|1	1	0,1,0
NA19098	1	0.4	0.01,0.4
NA19099	0|1	0.99	0.01,0.99,0
NA19102	0|0	0.12	0.88,0.12,0
NA19108	1|1	2	0,0,1
NA19116	1|0	0.96	0.05,0.94,0.01
NA19118	1|0	1	0,1,0
NA19119	1	0	0.01,0
NA19129	1|0	1	0,1,0
NA19130	1	0	0.01,0
NA19131	1|1	2	0,0,1
NA19137	1|1	2	0,0,1
NA19138	1	0	0.01,0
NA19141	1	0	0.01,0
NA19143	1|0	1.13	0,0.87,0.13
NA19144	1	0.35	0.01,0.36
NA19146	1	0	0.01,0
NA19150	1	0	0.01,0
NA19152	0|0	0	1,0,0
NA19153	1	0	0.01,0
NA19159	1|0	1	0,1,0
NA19160	1	0	0.01,0
NA19171	1	0	0.01,0
NA19172	1|0	1.01	0,0.99,0.01
NA19189	1	0	0.01,0
NA19200	1	0	0.01,0
NA19201	0|0	0.04	0.96,0.04,0
NA19204	1|1	1.98	0,0.02,0.98
NA19206	1|1	2	0,0,1
NA19207	1	0.83	0.01,0.83
NA19209	1|1	2	0,0,1
NA19210	1	1	0,1
NA19213	1	0	0.01,0
NA19222	1|0	1	0,1,0
NA19223	1	0	0.01,0
NA19240	0|1	0.96	0.27,0.5,0.23
