NA18498	1|0	1.44	0,0.56,0.44
NA18502	1|1	2	0,0,1
NA18505	1|0	0.59	0.46,0.5,0.04
NA18507	1|1	1.74	0,0.26,0.74
NA18508	0|1	1	0,1,0
NA18517	1|0	1.36	0,0.64,0.36
NA18519	1|1	2	0,0,1
NA18867	1|1	2	0,0,1
NA18870	0|1	1.22	0,0.78,0.22
NA18910	1|0	1	0,1,0
NA19092	0|0	0.27	0.73,0.27,0
NA19098	1|1	2	0,0,1
NA19099	1|0	1	0,1,0
NA19102	0|1	1	0,1,0
NA19108	1|1	2	0,0,1
NA19118	1|0	1	0,1,0
NA19119	1|1	2	0,0,1
NA19129	1|1	2	0,0,1
NA19130	1|1	2	0,0,1
NA19141	1|1	2	0,0,1
NA19146	1|0	1	0,1,0
NA19150	1|0	0.65	0.35,0.65,0
NA19152	0|1	1	0,1,0
NA19160	1|1	1.73	0,0.27,0.73
NA19171	1|1	2	0,0,1
NA19189	0|0	0	1,0,0
NA19204	1|1	2	0,0,1
NA19206	1|1	2	0,0,1
NA19207	0|1	1.02	0,0.98,0.02
NA19209	1|0	1.33	0,0.67,0.33
NA19213	0|1	0.5	0.5,0.5,0
NA19240	0|0	0	1,0,0
