NA18498	1|1	1.98	0,0.02,0.98
NA18502	1|1	2	0,0,1
NA18505	1|0	1.09	0,0.91,0.09
NA18507	1|1	2	0,0,1
NA18508	0|1	1	0,1,0
NA18517	1|0	1	0,1,0
NA18519	1|1	2	0,0,1
NA18858	1|1	2	0,0,1
NA18861	0|1	1	0,1,0
NA18867	0|1	1	0,1,0
NA18870	0|1	1	0,1,0
NA18910	1|1	2	0,0,1
NA18912	0|1	1.13	0,0.87,0.13
NA19093	1|0	1	0,1,0
NA19098	0|1	1	0,1,0
NA19099	0|1	1	0,1,0
NA19102	0|0	0	1,0,0
NA19108	0|1	1	0,1,0
NA19116	1|1	2	0,0,1
NA19118	0|0	0	1,0,0
NA19119	1|1	2	0,0,1
NA19129	0|0	0	1,0,0
NA19130	0|1	1	0,1,0
NA19131	1|1	2	0,0,1
NA19138	0|1	1	0,1,0
NA19141	1|0	1	0,1,0
NA19143	1|1	2	0,0,1
NA19144	1|1	2	0,0,1
NA19146	0|1	1	0,1,0
NA19152	1|1	2	0,0,1
NA19153	1|1	2	0,0,1
NA19159	1|0	1	0,1,0
NA19160	1|0	1.34	0,0.66,0.34
NA19171	1|1	2	0,0,1
NA19189	1|0	1	0,1,0
NA19200	1|0	1	0,1,0
NA19201	0|1	1	0,1,0
NA19204	0|0	0	1,0,0
NA19206	0|0	0	1,0,0
NA19207	0|1	1	0,1,0
NA19209	0|1	1	0,1,0
NA19210	1|1	2	0,0,1
NA19213	0|1	1	0,1,0
NA19222	1|0	1	0,1,0
NA19223	1|1	2	0,0,1
NA19240	0|0	0.01	0.99,0.01,0
NA06985	1|0	1	0,1,0
NA06991	1|0	1	0,1,0
NA06993	0|1	1	0,1,0
NA06994	1|0	1	0,1,0
NA07000	1|0	1	0,1,0
NA07022	0|0	0	1,0,0
NA07048	0|1	1	0,1,0
NA07056	0|1	1	0,1,0
NA07345	1|0	1	0,1,0
NA07348	0|0	0	1,0,0
NA07357	0|0	0	1,0,0
NA10830	1|1	2	0,0,1
NA10835	0|0	0	1,0,0
NA10838	1|1	2	0,0,1
NA10839	1|0	1	0,1,0
NA10847	0|1	1	0,1,0
NA10851	1|1	2	0,0,1
NA10857	0|1	1	0,1,0
NA10859	0|1	1	0,1,0
NA10860	0|1	1	0,1,0
NA11829	0|0	0	1,0,0
NA11830	1|1	2	0,0,1
NA11831	1|1	2	0,0,1
NA11832	0|0	0	1,0,0
NA11840	1|1	2	0,0,1
NA11881	0|0	0	1,0,0
NA11992	1|0	1	0,1,0
NA11994	1|1	2	0,0,1
NA11995	0|0	0	1,0,0
NA12003	1|0	1	0,1,0
NA12004	1|1	2	0,0,1
NA12005	1|0	1	0,1,0
NA12006	0|0	0	1,0,0
NA12043	0|1	1	0,1,0
NA12044	0|1	1	0,1,0
NA12056	1|1	2	0,0,1
NA12144	0|1	1	0,1,0
NA12145	0|1	1	0,1,0
NA12146	0|0	0	1,0,0
NA12154	1|1	2	0,0,1
NA12155	1|1	2	0,0,1
NA12156	0|0	0	1,0,0
NA12234	1|1	2	0,0,1
NA12249	0|0	0	1,0,0
NA12716	0|1	1	0,1,0
NA12717	1|1	2	0,0,1
NA12740	1|1	2	0,0,1
NA12750	1|1	2	0,0,1
NA12751	1|1	2	0,0,1
NA12752	0|1	1	0,1,0
NA12760	1|1	2	0,0,1
NA12761	0|1	1	0,1,0
NA12762	0|1	1	0,1,0
NA12763	0|1	1	0,1,0
NA12802	0|1	1	0,1,0
NA12812	0|1	1	0,1,0
NA12813	0|1	1	0,1,0
NA12815	0|1	1	0,1,0
NA12864	0|0	0	1,0,0
NA12872	0|0	0	1,0,0
NA12873	0|0	0	1,0,0
NA12874	0|0	0	1,0,0
NA12878	1|1	2	0,0,1
NA12891	1|1	2	0,0,1
NA20502	1|0	1	0,1,0
NA20504	0|0	0	1,0,0
NA20505	1|0	1	0,1,0
NA20506	0|0	0	1,0,0
NA20508	1|1	2	0,0,1
NA20509	0|1	1	0,1,0
NA20510	0|1	1	0,1,0
NA20512	0|1	1	0,1,0
NA20515	1|0	1	0,1,0
NA20516	1|0	1	0,1,0
NA20517	0|1	1	0,1,0
NA20518	0|1	1	0,1,0
NA20519	0|0	0	1,0,0
NA20520	0|0	0	1,0,0
NA20521	0|0	0	1,0,0
NA20522	1|0	1	0,1,0
NA20525	0|1	1	0,1,0
NA20527	1|0	1	0,1,0
NA20528	0|1	1	0,1,0
NA20529	1|0	1	0,1,0
NA20530	0|1	1.29	0,0.71,0.29
NA20531	1|0	1	0,1,0
NA20534	0|0	0	1,0,0
NA20535	0|0	0	1,0,0
NA20538	0|1	1	0,1,0
NA20539	0|1	1	0,1,0
NA20540	0|0	0	1,0,0
NA20541	1|1	2	0,0,1
NA20542	1|1	2	0,0,1
NA20543	0|0	0	1,0,0
NA20544	0|0	0	1,0,0
NA20581	1|1	2	0,0,1
NA20582	0|0	0	1,0,0
NA20585	1|0	1	0,1,0
NA20586	0|1	1	0,1,0
NA20588	0|1	1	0,1,0
NA20589	1|0	1	0,1,0
NA20752	0|0	0	1,0,0
NA20753	1|0	1	0,1,0
NA20754	1|0	1	0,1,0
NA20755	0|1	1	0,1,0
NA20756	0|0	0	1,0,0
NA20757	0|1	1	0,1,0
NA20758	1|1	2	0,0,1
NA20759	1|1	2	0,0,1
NA20760	0|1	1	0,1,0
NA20761	1|1	2	0,0,1
NA20765	1|1	2	0,0,1
NA20766	0|0	0	1,0,0
NA20768	1|0	1	0,1,0
NA20769	0|1	1	0,1,0
NA20770	1|0	1	0,1,0
NA20771	1|1	2	0,0,1
NA20772	1|1	2	0,0,1
NA20773	1|1	2	0,0,1
NA20774	1|1	2	0,0,1
NA20775	0|1	1	0,1,0
NA20778	1|0	1	0,1,0
NA20783	1|1	2	0,0,1
NA20785	0|1	1	0,1,0
NA20786	1|0	1	0,1,0
NA20790	0|0	0	1,0,0
NA20792	0|1	1	0,1,0
NA20795	0|1	1	0,1,0
NA20796	1|0	1	0,1,0
NA20797	0|0	0	1,0,0
NA20798	1|1	2	0,0,1
NA20799	1|1	2	0,0,1
NA20800	0|1	1	0,1,0
NA20801	0|1	1	0,1,0
NA20802	1|0	1	0,1,0
NA20803	1|0	1	0,1,0
NA20804	0|1	1	0,1,0
NA20805	1|1	2	0,0,1
NA20806	1|1	2	0,0,1
NA20807	0|1	1	0,1,0
NA20808	0|1	1	0,1,0
NA20809	1|0	1	0,1,0
NA20810	0|0	0	1,0,0
NA20811	0|1	1	0,1,0
NA20812	1|0	1	0,1,0
NA20813	1|1	2	0,0,1
NA20815	1|1	2	0,0,1
NA20818	1|0	1	0,1,0
NA20819	1|0	1	0,1,0
NA20826	1|1	2	0,0,1
NA20828	1|1	2	0,0,1
NA18526	0|1	1	0,1,0
NA18532	0|0	0	1,0,0
NA18537	0|1	1	0,1,0
NA18547	1|1	2	0,0,1
NA18550	0|1	0.68	0.32,0.68,0
NA18555	1|1	2	0,0,1
NA18561	1|0	1	0,1,0
NA18562	1|1	2	0,0,1
NA18563	0|0	0	1,0,0
NA18566	1|1	1.67	0,0.33,0.67
NA18572	0|0	0	1,0,0
NA18577	0|0	0	1,0,0
NA18582	0|1	1	0,1,0
NA18603	1|0	1	0,1,0
NA18605	0|0	0.04	0.96,0.04,0
NA18606	1|0	1	0,1,0
NA18621	1|0	1	0,1,0
NA18622	1|1	2	0,0,1
NA18628	1|0	0.61	0.39,0.61,0
NA18632	1|1	1.94	0,0.06,0.94
NA18636	0|1	1	0,1,0
NA18647	1|1	1.99	0,0.01,0.99
NA18942	1|1	2	0,0,1
NA18943	1|1	2	0,0,1
NA18945	1|1	2	0,0,1
NA18947	1|1	2	0,0,1
NA18949	1|1	2	0,0,1
NA18951	0|0	0	1,0,0
NA18952	0|1	1	0,1,0
NA18953	1|1	2	0,0,1
NA18956	0|1	1	0,1,0
NA18964	0|0	0.07	0.93,0.07,0
NA18965	1|1	2	0,0,1
NA18973	0|0	0	1,0,0
NA18974	1|1	2	0,0,1
NA18977	1|0	1	0,1,0
NA18980	1|1	2	0,0,1
NA18987	1|1	2	0,0,1
NA18990	1|0	1	0,1,0
NA18994	0|1	1	0,1,0
NA18995	0|1	1.02	0,0.98,0.02
NA19000	1|1	2	0,0,1
NA19003	1|1	1.86	0,0.13,0.86
NA19010	1|0	1	0,1,0
