NA06985	0|0	0.999,0.001,0
NA06991	0|0	0.999,0.001,0
NA06993	0|0	1,0,0
NA06994	0|0	1,0,0
NA07000	0|0	1,0,0
NA07019	1|1	0,0,1
NA07022	1|1	0,0,1
NA07029	0|0	1,0,0
NA07034	0|0	1,0,0
NA07048	1|1	0,0,1
NA07055	0|1	0,1,0
NA07056	1|1	0,0.00300002,0.997
NA07345	0|1	0,1,0
NA07348	0|0	1,0,0
NA07357	0|0	1,0,0
NA10830	1|1	0,0,1
NA10831	0|0	1,0,0
NA10835	0|0	1,0,0
NA10838	0|0	1,0,0
NA10839	1|0	0,1,0
NA10846	0|0	1,0,0
NA10847	0|0	1,0,0
NA10851	0|0	1,0,0
NA10854	0|0	1,0,0
NA10855	1|0	0,1,0
NA10856	0|0	1,0,0
NA10857	1|1	2.5e-05,0.00994999,0.990025
NA10859	0|0	1,0,0
NA10860	0|0	1,0,0
NA10861	0|1	0.00199997,0.998,0
NA10863	0|0	1,0,0
NA11829	0|0	1,0,0
NA11830	0|0	1,0,0
NA11831	1|1	0,0,1
NA11832	0|0	1,0,0
NA11839	0|0	1,0,0
NA11840	1|0	0.00165398,0.825692,0.172654
NA11881	0|0	1,0,0
NA11882	0|0	1,0,0
NA11992	1|1	9.99998e-05,0.0198,0.9801
NA11993	1|0	0,1,0
NA11994	1|1	3.9999e-06,0.00399195,0.996004
NA11995	0|1	0.00300002,0.997,0
NA12003	1|1	6.40003e-05,0.015872,0.984064
NA12004	0|1	0,1,0
NA12005	0|0	1,0,0
NA12006	1|1	0,0,1
NA12043	1|1	0,0,1
NA12044	0|1	0,1,0
NA12056	0|0	1,0,0
NA12057	0|0	1,0,0
NA12144	0|0	1,0,0
NA12145	0|0	1,0,0
NA12146	0|0	1,0,0
NA12154	1|1	3.59998e-05,0.011928,0.988036
NA12155	0|0	1,0,0
NA12156	0|1	0.005,0.995,0
NA12234	0|1	0.00300002,0.997,0
NA12236	0|1	0,1,0
NA12239	0|1	0.012,0.988,0
NA12248	0|0	1,0,0
NA12249	0|1	0.005,0.995,0
NA12264	0|0	1,0,0
NA12707	1|1	0,0,1
NA12716	0|0	1,0,0
NA12717	0|0	0.955,0.045,0
NA12740	1|0	0,0.751,0.249
NA12750	0|0	1,0,0
NA12751	1|1	0,0,1
NA12752	1|1	0,0,1
NA12753	0|1	0,1,0
NA12760	0|0	1,0,0
NA12761	1|1	0,0,1
NA12762	0|0	1,0,0
NA12763	0|0	0.544,0.456,0
NA12801	1|1	0,0,1
NA12802	0|0	1,0,0
NA12812	0|0	1,0,0
NA12813	0|0	1,0,0
NA12814	0|0	1,0,0
NA12815	0|0	1,0,0
NA12864	0|0	1,0,0
NA12865	0|0	1,0,0
NA12872	0|0	1,0,0
NA12873	0|0	1,0,0
NA12874	0|0	1,0,0
NA12875	1|0	0.146,0.854,0
NA12878	0|1	0,1,0
NA12891	1|1	0,0,1
NA12892	0|1	0,0.964,0.036
NA20502	1|0	0.00599998,0.994,0
NA20504	0|0	1,0,0
NA20505	0|1	0.00300002,0.997,0
NA20506	0|0	1,0,0
NA20508	0|0	0.999,0.001,0
NA20509	1|1	0,0,1
NA20510	0|0	0.258064,0.499872,0.242064
NA20512	0|0	1,0,0
NA20515	0|0	1,0,0
NA20516	1|1	0,0,1
NA20517	0|0	1,0,0
NA20518	1|1	0,0,1
NA20519	0|0	0.363609,0.478782,0.157609
NA20520	0|0	1,0,0
NA20521	1|1	1.60001e-05,0.00796802,0.992016
NA20522	0|0	0.996,0.004,0
NA20524	0|0	1,0,0
NA20525	1|1	0,0,1
NA20527	0|0	1,0,0
NA20528	0|0	1,0,0
NA20529	0|1	0.000999987,0.999,0
NA20530	1|1	0.004389,0.157222,0.838389
NA20531	0|1	0.00136598,0.682268,0.316366
NA20534	0|0	0.998001,0.001998,1e-06
NA20535	1|0	0,1,0
NA20538	0|0	1,0,0
NA20539	0|0	1,0,0
NA20540	1|1	0,0.425,0.575
NA20541	1|0	0,1,0
NA20542	0|0	0.999,0.001,0
NA20543	1|1	0,0,1
NA20544	0|0	0.998001,0.001998,1e-06
NA20581	0|0	1,0,0
NA20582	0|0	1,0,0
NA20585	0|1	0,1,0
NA20586	0|0	1,0,0
NA20588	0|0	1,0,0
NA20589	1|0	0.00300002,0.997,0
NA20752	1|1	0.047089,0.339822,0.613089
NA20753	0|1	0.000999987,0.999,0
NA20754	1|1	6.40003e-05,0.015872,0.984064
NA20755	1|1	0,0,1
NA20756	1|1	0,0,1
NA20757	0|0	0.797,0.203,0
NA20758	0|0	0.444889,0.444222,0.110889
NA20759	0|0	1,0,0
NA20760	0|0	0.96628,0.03344,0.00028
NA20761	1|0	0.00748002,0.92804,0.06448
NA20765	0|0	0.994009,0.005982,9e-06
NA20766	1|0	0,1,0
NA20768	1|0	0,1,0
NA20769	1|1	0,0,1
NA20770	0|0	1,0,0
NA20771	1|0	0.013,0.987,0
NA20772	1|0	0,1,0
NA20773	1|0	0.00700003,0.993,0
NA20774	0|0	1,0,0
NA20778	0|0	1,0,0
NA20783	0|0	1,0,0
NA20785	0|0	1,0,0
NA20786	0|0	0.995,0.005,0
NA20787	0|0	1,0,0
NA20790	1|0	0.00300002,0.997,0
NA20792	0|0	1,0,0
NA20795	0|0	1,0,0
NA20796	0|0	1,0,0
NA20797	0|0	1,0,0
NA20798	0|0	1,0,0
NA20799	0|0	1,0,0
NA20800	1|0	0,0.985,0.015
NA20801	1|1	0.000484001,0.043032,0.956484
NA20802	0|1	0.00700003,0.993,0
NA20803	0|0	1,0,0
NA20804	1|1	0,0,1
NA20805	0|0	1,0,0
NA20806	0|0	1,0,0
NA20807	0|1	0.012,0.988,0
NA20808	1|0	0.00999999,0.99,0
NA20809	1|1	0,0,1
NA20810	1|1	3.59998e-05,0.011928,0.988036
NA20811	1|1	0.048841,0.344318,0.606841
NA20812	1|1	0,0,1
NA20813	0|0	1,0,0
NA20815	0|0	1,0,0
NA20818	1|1	0,0.012,0.988
NA20819	0|1	0.03,0.97,0
NA20826	1|1	0,0,1
NA20828	1|0	0,1,0
