NA06985	0|1	0.08,0.92,0
NA06994	0|0	1,0,0
NA07000	0|1	0,1,0
NA07048	1|1	1.60001e-05,0.00796802,0.992016
NA07056	1|0	0,1,0
NA07357	1|1	0,0,1
NA10847	1|0	0.00400001,0.996,0
NA10851	0|0	1,0,0
NA11829	0|0	1,0,0
NA11830	0|0	1,0,0
NA11831	0|0	1,0,0
NA11832	0|0	1,0,0
NA11840	0|0	1,0,0
NA11881	0|0	1,0,0
NA11992	1|1	0,0,1
NA11994	1|1	0,0,1
NA11995	0|0	1,0,0
NA12003	1|1	0.001089,0.063822,0.935089
NA12004	1|0	0,1,0
NA12005	1|1	0,0,1
NA12006	1|1	0,0,1
NA12043	0|0	1,0,0
NA12044	1|0	0,1,0
NA12144	1|1	0,0,1
NA12154	0|0	1,0,0
NA12155	0|0	1,0,0
NA12156	0|0	1,0,0
NA12234	0|1	0,1,0
NA12249	0|1	0,1,0
NA12716	0|0	1,0,0
NA12717	0|0	0.998001,0.001998,1e-06
NA12750	1|1	0,0,1
NA12751	0|0	1,0,0
NA12760	0|0	1,0,0
NA12761	1|0	0.00373201,0.929536,0.066732
NA12762	0|0	0.998001,0.001998,1e-06
NA12763	0|1	0.301,0.699,0
NA12812	1|1	0,0,1
NA12813	0|1	0.00400001,0.996,0
NA12814	0|0	0.418609,0.456782,0.124609
NA12815	0|0	1,0,0
NA12872	0|0	0.762129,0.221742,0.016129
NA12873	1|0	0.000999987,0.999,0
NA12874	1|1	0,0,1
NA12878	0|0	1,0,0
NA20502	1|0	0,1,0
NA20504	0|0	1,0,0
NA20505	1|0	0,1,0
NA20506	1|1	0,0,1
NA20508	0|0	0.903,0.097,0
NA20509	0|0	0.998001,0.001998,1e-06
NA20510	0|0	1,0,0
NA20512	1|1	0,0,1
NA20515	1|1	0,0,1
NA20516	1|1	3.59998e-05,0.011928,0.988036
NA20517	0|0	0.932,0.068,0
NA20518	0|0	1,0,0
NA20519	1|1	0,0,1
