NA18498	0|0	1,0,0
NA18502	1|1	4.4e-05,0.014912,0.985044
NA18505	1|0	0.00199997,0.998,0
NA18507	0|0	1,0,0
NA18508	1|1	0,0,1
NA18517	0|1	0,1,0
NA18519	1|1	0,0,1
NA18858	0|0	1,0,0
NA18861	0|0	1,0,0
NA18867	1|0	0.00199997,0.998,0
NA18870	1|0	0,0.999,0.001
NA18910	1|1	0,0,1
NA18912	0|0	0.95,0.05,0
NA19092	1|1	0,0,1
NA19093	0|1	0,1,0
NA19098	1|1	0.086436,0.415128,0.498436
NA19099	0|1	0,1,0
NA19102	0|1	0.00199997,0.998,0
NA19108	1|1	0,0.00700003,0.993
NA19116	1|0	0,1,0
NA19118	1|0	0,1,0
NA19119	0|0	0.664225,0.30155,0.034225
NA19129	1|0	0,1,0
NA19130	1|1	3.9999e-06,0.00399195,0.996004
NA19131	1|1	9.99974e-07,0.00199797,0.998001
NA19137	1|1	0,0.000999987,0.999
NA19138	1|1	3.9999e-06,0.00399195,0.996004
NA19141	1|1	0,0,1
NA19143	1|1	0.000305996,0.306388,0.693306
NA19144	0|0	1,0,0
NA19146	1|1	0,0,1
NA19150	1|1	2.5e-05,0.00994999,0.990025
NA19152	0|0	1,0,0
NA19153	1|1	2.5e-05,0.00994999,0.990025
NA19159	1|0	0.000998987,0.998002,0.000999
NA19160	1|1	0,0,1
NA19171	1|1	0,0,1
NA19172	1|0	0,1,0
NA19189	1|1	0,0,1
NA19200	1|1	9.99974e-07,0.00199797,0.998001
NA19201	0|0	0.86,0.14,0
NA19204	1|0	0.00146798,0.733064,0.265468
NA19206	1|1	0,0.000999987,0.999
NA19207	0|0	0.508369,0.409262,0.082369
NA19209	1|1	0,0,1
NA19210	0|0	1,0,0
NA19213	1|1	0,0,1
NA19222	1|0	0,1,0
NA19223	1|1	0,0,1
NA19240	1|1	0.000599999,0.0478,0.9516
