NA18526	0|0	0.833,0.167,0
NA18532	0|1	0,1,0
NA18537	0|0	0.999,0.001,0
NA18547	0|1	0.044,0.956,0
NA18550	0|1	0.2,0.8,0
NA18555	0|0	0.969,0.031,0
NA18561	0|0	1,0,0
NA18562	1|1	3.9999e-06,0.00399195,0.996004
NA18563	0|0	0.996004,0.003992,4e-06
NA18566	0|0	1,0,0
NA18577	0|0	1,0,0
NA18582	1|1	0.002637,0.296726,0.700637
NA18603	0|0	1,0,0
NA18605	0|0	1,0,0
NA18606	0|0	1,0,0
NA18621	1|1	0,0,1
NA18622	0|0	1,0,0
NA18628	1|1	0,0.02,0.98
NA18632	0|0	0.998001,0.001998,1e-06
NA18636	0|0	1,0,0
NA18647	0|0	1,0,0
NA18942	0|0	1,0,0
NA18943	0|0	1,0,0
NA18945	0|0	1,0,0
NA18947	0|1	0,1,0
NA18949	1|0	0.5,0.5,0
NA18951	0|1	0.005,0.995,0
NA18952	1|1	0,0,1
NA18953	0|0	0.998001,0.001998,1e-06
NA18956	0|0	1,0,0
NA18964	0|0	0.665,0.335,0
NA18965	1|1	0,0,1
NA18970	0|0	0.998001,0.001998,1e-06
NA18973	0|0	0.997,0.003,0
NA18974	0|0	1,0,0
NA18977	0|0	1,0,0
NA18980	0|0	1,0,0
NA18987	0|0	1,0,0
NA18990	0|0	1,0,0
NA18994	0|0	1,0,0
NA18995	0|0	1,0,0
NA19000	0|0	1,0,0
NA19003	1|0	0.097,0.903,0
NA19010	0|0	0.882,0.118,0
