NA07000	1	0	0
NA06993	0.958	0.042	0
NA07019	0.999	0.001	0
NA06985	1	0	0
NA07029	0.057	0.943	0
NA07022	0.999	0.001	0
NA10831	1	0	0
NA10839	0.087	0.893	0.020
NA10854	0.037	0.952	0.011
NA07357	0.983	0.017	0
NA07034	1	0	0
NA10860	0.986	0.014	0
NA10861	0.037	0.694	0.269
NA07348	1	0	0
NA11829	0.996	0.004	0
NA10855	1	0	0
NA10859	0	0.999	0
NA06994	0.014	0.986	0
NA10863	0	0.983	0.016
NA07056	1	0	0
NA11831	1	0	0
NA11882	0.998	0.002	0
NA11992	1	0	0
NA11840	0.017	0.966	0.017
NA11839	0.999	0.001	0
NA11994	0.172	0.828	0
NA12003	1	0	0
NA12006	0	0.997	0.002
NA12043	0.986	0.014	0
NA12044	0.021	0.979	0
NA12056	1	0	0
NA12005	0.999	0.001	0
NA12144	1	0	0
NA12004	0.578	0.422	0
NA12146	1	0	0
NA12156	0.014	0.978	0.008
NA12154	0.999	0.001	0
NA10847	0.003	0.960	0.038
NA12239	0.050	0.887	0.063
NA12248	0.999	0.001	0
NA10846	1	0	0
NA12707	0.950	0.050	0
NA12751	0.825	0.175	0
NA12155	0.973	0.027	0
NA12750	0.996	0.004	0
NA12057	0.006	0.963	0.031
NA12716	0.961	0.039	0
NA12752	0.999	0.001	0
NA12717	1	0	0
NA12145	1	0	0
NA12753	1	0	0
NA12762	1	0	0
NA12740	0.987	0.013	0
NA12763	0	0.999	0
NA12802	1	0	0
NA11995	0.068	0.931	0
NA12812	1	0	0
NA12801	1	0	0
NA12264	0	1	0
NA12813	0.999	0.001	0
NA07048	0.995	0.005	0
NA06991	0.985	0.015	0
NA07055	0.998	0.002	0
NA07345	1	0	0
NA10838	1	0	0
NA10857	0.099	0.901	0
NA10851	0.999	0.001	0
NA11830	0.813	0.187	0
NA11881	0.042	0.957	0
NA10830	1	0	0
NA11993	0.915	0.085	0
NA12234	0	0.365	0.634
NA12761	0.949	0.051	0
NA12814	0.973	0.027	0
NA12815	0.059	0.941	0
NA12864	0	0.114	0.886
NA20585	0.357	0.636	0.007
NA20589	0.998	0.002	0
NA20752	1	0	0
NA20586	0.996	0.004	0
NA20588	0.719	0.249	0.032
NA20753	1	0	0
NA20582	0.657	0.340	0.003
NA20756	1	0	0
NA20754	1	0	0
NA20758	0.909	0.091	0
NA20759	0.921	0.079	0
NA20761	0.754	0.246	0
NA20755	0.989	0.011	0
NA20769	1	0	0
NA20765	0.987	0.013	0
NA20760	0.057	0.864	0.079
NA20772	1	0	0
NA20773	1	0	0
NA20778	0	0.004	0.996
NA20768	0.002	0.998	0
NA20771	1	0	0
NA20766	0.715	0.285	0
NA20785	0.995	0.005	0
NA20774	0	1	0
NA20783	0.999	0.001	0
NA20790	0	0.134	0.866
NA20787	0.426	0.574	0
NA20792	0.036	0.961	0.003
NA20795	0.992	0.008	0
NA20786	0.998	0.002	0
NA20799	1	0	0
NA20801	0.994	0.006	0
NA20797	0.081	0.919	0
NA20798	0.990	0.010	0
NA20802	1	0	0
NA20805	0.870	0.130	0
NA20807	0.687	0.313	0
NA20757	0.053	0.936	0.011
NA20809	1	0	0
NA20811	0.057	0.932	0.012
NA20804	0.999	0.001	0
NA20815	1	0	0
NA20770	1	0	0
NA20819	0.444	0.553	0.003
NA20806	0	1	0
NA20826	0.005	0.993	0.002
NA20775	0.994	0.006	0
NA20803	0	1	0
NA20810	0	1	0
NA20813	0.018	0.970	0.012
NA20828	0.011	0.988	0
NA20812	1	0	0
NA20800	0.955	0.045	0
NA20796	1	0	0
NA20808	0.984	0.016	0
NA11832	0.999	0.001	0
NA12760	0.993	0.007	0
NA12865	0	1	0
NA12873	0.042	0.956	0.002
NA12874	0	0.984	0.016
NA12872	0.014	0.986	0
NA12878	0.728	0.272	0
NA12891	0.773	0.226	0
NA12892	1	0	0
NA20509	0.884	0.116	0
NA20502	1	0	0
NA20505	0.985	0.015	0
NA20510	0.358	0.642	0
NA20506	1	0	0
NA20504	0.453	0.522	0.025
NA20508	0.998	0.002	0
NA20512	0.928	0.072	0
NA20520	0.099	0.901	0
NA20517	1	0	0
NA20518	1	0	0
NA20515	1	0	0
NA20524	0.013	0.960	0.027
NA20519	0	1	0
NA20529	0.042	0.948	0.010
NA20528	0.796	0.204	0
NA20530	1	0	0
NA20525	0.941	0.058	0
NA20527	0.111	0.889	0
NA20531	0.069	0.929	0.003
NA20522	0.968	0.032	0
NA20535	0.039	0.959	0.002
NA20534	1	0	0
NA20539	0.998	0.002	0
NA20540	0.002	0.998	0
NA20538	0.009	0.990	0.001
NA20542	0.035	0.955	0.010
NA20541	0.004	0.893	0.103
NA20544	1	0	0
NA20543	0.988	0.012	0
NA20581	0.229	0.771	0
