NA18526	1|1	2	0,0,1
NA18532	1|1	2	0,0,1
NA18537	1|1	2	0,0,1
NA18542	1|1	2	0,0,1
NA18545	1|1	1.64	0,0.36,0.64
NA18547	1|1	2	0,0,1
NA18550	1|1	2	0,0,1
NA18552	0|1	1.15	0,0.85,0.15
NA18555	0|0	0	1,0,0
NA18558	1|1	2	0,0,1
NA18561	1|0	1.07	0,0.93,0.07
NA18562	1|1	2	0,0,1
NA18563	1|0	1	0,1,0
NA18564	1|1	2	0,0,1
NA18566	1|1	2	0,0,1
NA18570	1|1	2	0,0,1
NA18571	1|0	1	0,1,0
NA18572	1|1	2	0,0,1
NA18573	1|1	2	0,0,1
NA18577	1|1	2	0,0,1
NA18579	0|1	1	0,1,0
NA18582	1|1	2	0,0,1
NA18592	0|1	1	0,1,0
NA18593	1|1	1.98	0,0.02,0.98
NA18603	1|1	2	0,0,1
NA18605	1|1	2	0,0,1
NA18608	0|1	1	0,1,0
NA18609	1|1	2	0,0,1
NA18611	1|0	1	0,1,0
NA18612	1|1	2	0,0,1
NA18620	1|1	2	0,0,1
NA18621	1|1	2	0,0,1
NA18622	1|1	2	0,0,1
NA18623	1|1	2	0,0,1
NA18624	1|1	2	0,0,1
NA18632	0|1	1.1	0,0.9,0.1
NA18633	1|1	2	0,0,1
NA18635	1|1	2	0,0,1
NA18636	1|1	2	0,0,1
NA18637	1|1	2	0,0,1
NA18940	1|0	1	0,1,0
NA18942	1|1	2	0,0,1
NA18943	1|1	2	0,0,1
NA18944	1|1	2	0,0,1
NA18945	0|0	0	1,0,0
NA18947	1|0	1	0,1,0
NA18948	1|1	2	0,0,1
NA18949	1|0	1	0,1,0
NA18951	0|1	1	0,1,0
NA18952	1|0	1	0,1,0
NA18953	1|1	2	0,0,1
NA18956	1|0	1	0,1,0
NA18959	1|1	2	0,0,1
NA18960	1|0	1	0,1,0
NA18961	1|1	2	0,0,1
NA18964	1|1	2	0,0,1
NA18965	0|1	1	0,1,0
NA18966	1|1	2	0,0,1
NA18967	1|1	1.99	0,0.01,0.99
NA18968	1|1	2	0,0,1
NA18969	1|1	2	0,0,1
NA18970	1|1	2	0,0,1
NA18971	1|1	2	0,0,1
NA18972	1|1	2	0,0,1
NA18973	1|1	2	0,0,1
NA18974	1|1	2	0,0,1
NA18975	1|1	2	0,0,1
NA18976	1|1	2	0,0,1
NA18978	0|1	1	0,1,0
NA18980	1|1	2	0,0,1
NA18981	1|1	2	0,0,1
NA18987	1|1	2	0,0,1
NA18990	1|0	1	0,1,0
NA18991	1|1	2	0,0,1
NA18992	0|0	0	1,0,0
NA18994	1|1	2	0,0,1
NA18995	1|1	2	0,0,1
NA18997	1|1	2	0,0,1
NA18998	1|1	1.68	0,0.32,0.68
NA18999	1|0	1	0,1,0
NA19000	1|1	2	0,0,1
NA19003	1|1	2	0,0,1
NA19005	1|1	2	0,0,1
NA19007	1|1	2	0,0,1
NA19012	1|1	2	0,0,1
