NA11829	1|1	0,0,1
NA11830	0|1	0.00199997,0.998,0
NA11831	1|1	9.60004e-05,0.019808,0.980096
NA11832	1|1	0,0.00300002,0.997
NA11840	1|1	5.99996e-06,0.004988,0.995006
NA11881	1|1	0,0.000999987,0.999
NA11994	1|1	0,0.00199997,0.998
NA11995	1|1	0,0,1
NA12004	1|0	0.000999987,0.999,0
NA12005	1|1	0,0.009,0.991
NA12043	0|1	0.00400001,0.996,0
NA12044	1|0	0,1,0
NA12144	0|0	0.995004,0.004992,4e-06
NA12154	1|1	0,0.018,0.982
NA12155	1|0	0,1,0
NA12156	1|1	0,0.000999987,0.999
NA12234	1|1	0,0.00300002,0.997
NA12717	0|1	0.00298802,0.993024,0.003988
NA12750	1|1	0.000288,0.040424,0.959288
NA12760	0|1	0,1,0
NA12761	0|1	0,0.997,0.003
NA12762	1|0	0.00691603,0.981168,0.011916
NA12763	1|1	0,0.000999987,0.999
NA12812	1|1	0,0,1
NA12813	1|1	0,0.00800002,0.992
NA12814	1|1	0,0.011,0.989
NA12815	0|0	1,0,0
NA12872	1|1	1.19998e-05,0.00797596,0.992012
NA12873	1|0	0.008991,0.990018,0.000991
NA12874	0|1	0,1,0
NA12878	1|0	0,0.989,0.011
