NA18526	1|1	4e-05,0.01292,0.98704
NA18537	1|1	3.99996e-06,0.004992,0.995004
NA18550	0|1	0,0.998,0.002
NA18555	1|1	0,0.00199997,0.998
NA18562	1|1	5.99996e-06,0.004988,0.995006
NA18563	1|0	0.008991,0.990018,0.000991
NA18582	1|1	0,0.00199997,0.998
NA18603	1|1	0,0,1
NA18606	0|1	0.009,0.991,0
NA18621	1|0	0.00799202,0.991016,0.000992
NA18622	1|1	0.000293999,0.054412,0.945294
NA18628	1|1	0.000245999,0.046508,0.953246
NA18632	0|1	0.005,0.995,0
NA18636	1|1	0,0.018,0.982
NA18647	1|1	0,0.00400001,0.996
NA18942	1|0	0,1,0
NA18945	0|1	0,1,0
NA18947	1|0	0.00797602,0.989048,0.002976
NA18951	1|0	0.00399601,0.995008,0.000996
NA18952	1|0	0.00599998,0.994,0
NA18953	1|0	0,0.996,0.004
NA18956	1|0	0,1,0
NA18965	0|1	0,1,0
NA18970	0|1	0.005,0.995,0
NA18973	1|1	0,0.00199997,0.998
NA18977	1|1	1.79998e-05,0.018964,0.981018
NA18987	1|1	0,0.009,0.991
NA18990	1|0	0.029,0.971,0
NA18995	0|1	0.00800002,0.992,0
NA19003	1|1	0,0.00199997,0.998
NA19010	1|0	0,0.998,0.002
