NA18498	0|1	1	0,1,0
NA18500	0|0	0	1,0,0
NA18501	0|0	0	1,0,0
NA18502	0|0	0	1,0,0
NA18503	0|0	0	1,0,0
NA18504	0|0	0	1,0,0
NA18505	0|0	0	1,0,0
NA18506	0|0	0	1,0,0
NA18507	0|0	0	1,0,0
NA18508	0|0	0	1,0,0
NA18515	0|0	0	1,0,0
NA18516	0|0	0	1,0,0
NA18517	0|1	1	0,1,0
NA18519	1|0	0.81	0.33,0.53,0.14
NA18521	0|0	0	1,0,0
NA18522	0|0	0	1,0,0
NA18523	0|0	0	1,0,0
NA18852	0|0	0.42	0.58,0.42,0
NA18853	0|1	1	0,1,0
NA18854	0|0	0	1,0,0
NA18855	1|0	1	0,1,0
NA18856	0|0	0	1,0,0
NA18857	0|1	1	0,1,0
NA18858	1|1	2	0,0,1
NA18859	0|1	1	0,1,0
NA18860	0|1	1	0,1,0
NA18861	0|0	0	1,0,0
NA18862	1|0	1	0,1,0
NA18863	0|0	0	1,0,0
NA18867	0|1	1	0,1,0
NA18870	1|0	1	0,1,0
NA18871	0|0	0	1,0,0
NA18872	0|0	0	1,0,0
NA18910	1|0	1	0,1,0
NA18912	0|0	0	1,0,0
NA18913	0|1	1	0,1,0
NA18914	0|0	0	1,0,0
NA19027	1|0	1	0,1,0
NA19028	1|0	1	0,1,0
NA19031	0|0	0.15	0.85,0.15,0
NA19035	0|0	0	1,0,0
NA19036	0|1	1	0,1,0
NA19038	0|0	0	1,0,0
NA19041	0|0	0	1,0,0
NA19092	0|1	1.05	0,0.95,0.05
NA19093	1|0	1	0,1,0
NA19094	1|1	2	0,0,1
NA19098	1|0	1	0,1,0
NA19099	0|0	0	1,0,0
NA19100	0|1	1	0,1,0
NA19101	0|1	1	0,1,0
NA19102	0|0	0	1,0,0
NA19103	1|0	1	0,1,0
NA19108	0|0	0	1,0,0
NA19116	0|1	1	0,1,0
NA19118	0|0	0	1,0,0
NA19119	0|0	0	1,0,0
NA19120	0|0	0	1,0,0
NA19127	0|1	1.02	0,0.98,0.02
NA19128	0|1	1	0,1,0
NA19129	1|1	2	0,0,1
NA19130	1|0	1	0,1,0
NA19131	0|1	1.01	0,0.99,0.01
NA19132	1|1	2	0,0,1
NA19137	1|1	2	0,0,1
NA19138	0|0	0	1,0,0
NA19139	0|1	1	0,1,0
NA19140	0|0	0	1,0,0
NA19141	0|0	0	1,0,0
NA19142	0|0	0	1,0,0
NA19143	0|1	1.02	0,0.98,0.02
NA19144	0|0	0	1,0,0
NA19145	0|1	1	0,1,0
NA19146	1|0	1	0,1,0
NA19150	1|1	2	0,0,1
NA19152	0|0	0	1,0,0
NA19153	0|0	0	1,0,0
NA19154	0|0	0	1,0,0
NA19159	0|1	1	0,1,0
NA19160	0|0	0	1,0,0
NA19161	0|0	0	1,0,0
NA19171	0|0	0	1,0,0
NA19172	0|0	0	1,0,0
NA19173	0|0	0	1,0,0
NA19189	1|0	1	0,1,0
NA19200	0|0	0	1,0,0
NA19201	0|1	1	0,1,0
NA19202	1|0	1	0,1,0
NA19203	0|1	0.99	0.01,0.99,0
NA19204	1|0	1	0,1,0
NA19205	1|1	2	0,0,1
NA19206	0|1	1	0,1,0
NA19207	0|0	0	1,0,0
NA19208	0|1	1	0,1,0
NA19209	0|1	1	0,1,0
NA19210	0|0	0	1,0,0
NA19211	0|1	1	0,1,0
NA19213	0|0	0.19	0.81,0.19,0
NA19221	1|0	1	0,1,0
NA19222	0|0	0	1,0,0
NA19223	0|1	1	0,1,0
NA19238	0|1	1	0,1,0
NA19239	0|1	1	0,1,0
NA19240	1|1	2	0,0,1
NA19307	0|1	1.24	0,0.76,0.24
NA19308	0|1	1.23	0,0.77,0.23
NA19309	0|0	0	1,0,0
NA19310	0|0	0	1,0,0
NA19314	0|1	1.27	0,0.73,0.27
NA19315	1|0	1	0,1,0
NA19316	0|0	0.5	0.5,0.5,0
NA19317	0|1	1	0,1,0
NA19319	0|0	0	1,0,0
NA19321	0|1	1	0,1,0
NA19324	1|0	1	0,1,0
NA19327	1|0	1	0,1,0
NA19328	0|0	0	1,0,0
NA19332	0|0	0	1,0,0
NA19334	1|0	1	0,1,0
NA19346	0|0	0	1,0,0
NA19347	0|0	0	1,0,0
NA19350	1|0	1	0,1,0
NA19360	1|0	1	0,1,0
NA19372	0|0	0.03	0.97,0.03,0
NA19374	0|0	0	1,0,0
NA19375	1|1	2	0,0,1
NA19376	1|0	1	0,1,0
NA19377	0|1	1	0,1,0
NA19379	0|0	0	1,0,0
NA19380	1|0	1.43	0,0.57,0.43
NA19384	0|1	1	0,1,0
NA19385	1|0	1	0,1,0
NA19390	0|0	0	1,0,0
NA19391	1|0	1	0,1,0
NA19393	0|0	0.02	0.98,0.02,0
NA19394	0|0	0.47	0.53,0.47,0
NA19397	0|0	0.04	0.96,0.04,0
NA19399	0|1	1	0,1,0
NA19403	0|0	0	1,0,0
NA19404	0|0	0	1,0,0
NA19428	0|1	1	0,1,0
NA19429	0|0	0	1,0,0
NA19430	1|1	1.99	0,0.01,0.99
NA19431	0|1	1	0,1,0
NA19434	0|1	1	0,1,0
NA19435	0|0	0	1,0,0
NA19436	0|1	1	0,1,0
NA19437	1|1	2	0,0,1
NA19438	0|0	0	1,0,0
NA19439	0|0	0	1,0,0
NA19440	0|0	0.16	0.85,0.14,0.01
NA19443	0|0	0	1,0,0
NA19445	0|0	0	1,0,0
NA19446	0|1	1	0,1,0
NA19448	0|0	0	1,0,0
NA19449	0|0	0.06	0.94,0.06,0
NA19451	0|1	1	0,1,0
NA19452	0|0	0	1,0,0
NA19455	0|0	0	1,0,0
NA19456	0|0	0	1,0,0
NA19457	1|0	1	0,1,0
NA19462	0|0	0	1,0,0
NA19463	1|0	1	0,1,0
NA19466	0|0	0	1,0,0
NA19467	0|0	0	1,0,0
NA19468	0|0	0	1,0,0
NA19471	0|0	0	1,0,0
NA19472	1|0	1	0,1,0
NA19473	0|0	0	1,0,0
NA19474	0|0	0	1,0,0
