NA18526	1|1	1.78	0,0.22,0.78
NA18537	0|1	0.98	0.02,0.97,0.01
NA18550	0|0	0	1,0,0
NA18555	1|0	1	0,1,0
NA18562	0|1	1.33	0,0.67,0.33
NA18563	0|1	0.71	0.29,0.71,0
NA18582	0|1	0.94	0.06,0.94,0
NA18603	1|1	2	0,0,1
NA18606	0|0	0.04	0.96,0.04,0
NA18621	0|0	0.13	0.87,0.13,0
NA18622	0|0	0.11	0.89,0.11,0
NA18628	0|1	0.79	0.21,0.79,0
NA18632	0|0	0.01	0.99,0.01,0
NA18636	0|1	0.95	0.05,0.95,0
NA18647	0|0	0.5	0.51,0.49,0
NA18942	0|0	0.11	0.89,0.11,0
NA18945	1|0	0.61	0.39,0.61,0
NA18947	0|0	0.19	0.81,0.19,0
NA18951	0|1	1.11	0,0.89,0.11
NA18952	1|1	1.76	0,0.24,0.76
NA18953	1|0	0.58	0.42,0.58,0
NA18956	0|0	0.01	0.99,0.01,0
NA18965	1|0	0.9	0.1,0.9,0
NA18970	1|0	0.96	0.04,0.96,0
NA18973	0|1	0.63	0.37,0.63,0
NA18977	1|1	1.68	0,0.32,0.68
NA18987	0|1	1	0,1,0
NA18990	1|0	1.36	0,0.64,0.36
NA18995	1|1	2	0,0,1
NA19003	0|1	0.84	0.16,0.84,0
NA19010	0|0	0.14	0.86,0.14,0
