NA18498	1|0	1.44	0,0.56,0.44
NA18502	1|1	2	0,0,1
NA18505	1|0	0.59	0.46,0.5,0.04
NA18507	1|1	1.74	0,0.26,0.74
NA18508	0|1	1	0,1,0
NA18517	1|0	1.36	0,0.64,0.36
NA18519	1|1	2	0,0,1
NA18867	1|1	2	0,0,1
NA18870	0|1	1.22	0,0.78,0.22
NA18910	1|0	1	0,1,0
NA19092	0|0	0.27	0.73,0.27,0
NA19098	1|1	2	0,0,1
NA19099	1|0	1	0,1,0
NA19102	0|1	1	0,1,0
NA19108	1|1	2	0,0,1
NA19118	1|0	1	0,1,0
NA19119	1|1	2	0,0,1
NA19129	1|1	2	0,0,1
NA19130	1|1	2	0,0,1
NA19141	1|1	2	0,0,1
NA19146	1|0	1	0,1,0
NA19150	1|0	0.65	0.35,0.65,0
NA19152	0|1	1	0,1,0
NA19160	1|1	1.73	0,0.27,0.73
NA19171	1|1	2	0,0,1
NA19189	0|0	0	1,0,0
NA19204	1|1	2	0,0,1
NA19206	1|1	2	0,0,1
NA19207	0|1	1.02	0,0.98,0.02
NA19209	1|0	1.33	0,0.67,0.33
NA19213	0|1	0.5	0.5,0.5,0
NA19240	0|0	0	1,0,0
NA11829	0|0	0	1,0,0
NA11830	0|0	0	1,0,0
NA11831	1|0	0.97	0.03,0.97,0
NA11832	1|0	0.83	0.17,0.83,0
NA11840	0|0	0	1,0,0
NA11881	0|1	1.42	0,0.58,0.42
NA11994	1|0	1	0,1,0
NA11995	1|0	0.96	0.04,0.96,0
NA12004	1|1	1.64	0.01,0.34,0.65
NA12005	1|1	1.98	0,0.02,0.98
NA12043	1|0	0.98	0.02,0.98,0
NA12044	1|1	1.99	0,0.01,0.99
NA12144	0|0	0	1,0,0
NA12154	0|0	0	1,0,0
NA12155	1|0	0.93	0.07,0.93,0
NA12156	0|1	1.33	0,0.67,0.33
NA12234	0|0	0	1,0,0
NA12717	0|0	0.51	0.5,0.49,0.01
NA12750	1|0	0.71	0.29,0.71,0
NA12760	1|1	1.83	0,0.17,0.83
NA12761	1|1	1.98	0,0.02,0.98
NA12762	1|1	1.99	0,0.01,0.99
NA12763	1|0	1	0,1,0
NA12812	0|0	0	1,0,0
NA12813	0|0	0	1,0,0
NA12814	0|1	1	0,1,0
NA12815	1|0	0.96	0.04,0.96,0
NA12872	1|0	1	0,1,0
NA12873	1|1	1.78	0,0.22,0.78
NA12874	0|1	1	0,1,0
NA12878	0|0	0	1,0,0
NA18526	1|1	1.78	0,0.22,0.78
NA18537	0|1	0.98	0.02,0.97,0.01
NA18550	0|0	0	1,0,0
NA18555	1|0	1	0,1,0
NA18562	0|1	1.33	0,0.67,0.33
NA18563	0|1	0.71	0.29,0.71,0
NA18582	0|1	0.94	0.06,0.94,0
NA18603	1|1	2	0,0,1
NA18606	0|0	0.04	0.96,0.04,0
NA18621	0|0	0.13	0.87,0.13,0
NA18622	0|0	0.11	0.89,0.11,0
NA18628	0|1	0.79	0.21,0.79,0
NA18632	0|0	0.01	0.99,0.01,0
NA18636	0|1	0.95	0.05,0.95,0
NA18647	0|0	0.5	0.51,0.49,0
NA18942	0|0	0.11	0.89,0.11,0
NA18945	1|0	0.61	0.39,0.61,0
NA18947	0|0	0.19	0.81,0.19,0
NA18951	0|1	1.11	0,0.89,0.11
NA18952	1|1	1.76	0,0.24,0.76
NA18953	1|0	0.58	0.42,0.58,0
NA18956	0|0	0.01	0.99,0.01,0
NA18965	1|0	0.9	0.1,0.9,0
NA18970	1|0	0.96	0.04,0.96,0
NA18973	0|1	0.63	0.37,0.63,0
NA18977	1|1	1.68	0,0.32,0.68
NA18987	0|1	1	0,1,0
NA18990	1|0	1.36	0,0.64,0.36
NA18995	1|1	2	0,0,1
NA19003	0|1	0.84	0.16,0.84,0
NA19010	0|0	0.14	0.86,0.14,0
