NA18498	1|1	0,0,1
NA18500	1|1	0,0,1
NA18501	1|1	0,0.00400001,0.996
NA18502	1|1	0,0,1
NA18503	1|1	0,0.005,0.995
NA18504	1|1	0,0,1
NA18505	1|1	1.60001e-05,0.00796802,0.992016
NA18506	1|0	0.00299702,0.996006,0.000997
NA18507	1|1	1.39999e-05,0.008972,0.991014
NA18508	0|1	0.00398401,0.992032,0.003984
NA18515	1|1	0,0,1
NA18516	1|1	0,0.00800002,0.992
NA18517	0|1	0,0.998,0.002
NA18519	1|1	0,0.005,0.995
NA18521	0|1	0,1,0
NA18522	1|0	0.000999987,0.999,0
NA18523	1|1	0,0,1
NA18852	0|1	0,0.973,0.027
NA18853	1|1	0,0,1
NA18854	1|1	0,0,1
NA18855	1|1	0,0.024,0.976
NA18856	0|1	0,0.999,0.001
NA18857	1|0	0,0.995,0.005
NA18858	1|1	0,0.00599998,0.994
NA18859	1|0	0.00299402,0.995012,0.001994
NA18860	1|0	0,1,0
NA18861	1|1	0,0.00199997,0.998
NA18862	1|1	0,0.000999987,0.999
NA18863	1|1	0,0.000999987,0.999
NA18867	0|0	1,0,0
NA18870	1|1	0,0.00400001,0.996
NA18871	0|1	0,1,0
NA18872	0|1	0.000999987,0.999,0
NA18910	1|1	0,0,1
NA18912	1|1	0,0.000999987,0.999
NA18913	0|1	0.024,0.976,0
NA18914	0|1	0,1,0
NA19027	1|1	0,0.00400001,0.996
NA19028	1|1	3.79995e-05,0.038924,0.961038
NA19031	1|1	0,0,1
NA19035	1|1	0,0,1
NA19036	1|1	0,0.011,0.989
NA19038	1|0	0.00199997,0.998,0
NA19041	1|1	5.99991e-06,0.00698797,0.993006
NA19092	1|1	0,0.00599998,0.994
NA19093	1|1	0,0.081,0.919
NA19094	1|1	0,0,1
NA19098	1|1	0,0,1
NA19099	1|1	0,0.036,0.964
NA19100	1|1	0,0.00199997,0.998
NA19101	1|1	0,0.012,0.988
NA19102	0|1	0,0.994,0.006
NA19103	1|1	0,0.00199997,0.998
NA19108	1|1	0,0.014,0.986
NA19116	1|1	4.19995e-05,0.042916,0.957042
NA19118	0|1	0,1,0
NA19119	1|1	0.000105001,0.03779,0.962105
NA19120	1|1	2.59997e-05,0.014948,0.985026
NA19127	1|1	0,0.00999999,0.99
NA19128	1|1	0,0.00800002,0.992
NA19129	1|1	0,0,1
NA19130	1|1	0,0.000999987,0.999
NA19131	1|1	0,0,1
NA19132	1|1	0,0.00400001,0.996
NA19137	1|1	5.99991e-06,0.00698797,0.993006
NA19138	1|1	0,0,1
NA19139	1|1	0,0,1
NA19140	1|1	0,0.00700003,0.993
NA19141	1|1	0,0.019,0.981
NA19142	1|1	0,0,1
NA19143	1|1	0,0,1
NA19144	1|1	0,0.011,0.989
NA19145	1|1	0,0,1
NA19146	1|0	0.00197797,0.987044,0.010978
NA19150	1|1	0,0.005,0.995
NA19152	1|0	0,1,0
NA19153	1|1	0,0.000999987,0.999
NA19154	0|1	0,1,0
NA19159	1|1	0,0,1
NA19160	1|1	0,0,1
NA19161	1|1	0,0,1
NA19171	0|1	0,1,0
NA19172	1|1	0,0.000999987,0.999
NA19173	1|1	0,0.000999987,0.999
NA19189	1|1	0,0,1
NA19200	1|1	0,0,1
NA19201	1|1	0,0,1
NA19202	1|1	0,0,1
NA19203	1|1	0,0.018,0.982
NA19204	1|1	0,0,1
NA19205	1|1	0,0,1
NA19206	1|0	0,1,0
NA19207	1|1	0,0,1
NA19208	1|1	0,0,1
NA19209	1|1	0,0.013,0.987
NA19210	1|1	0,0,1
NA19211	1|1	0,0,1
NA19213	0|1	0.00800002,0.992,0
NA19221	1|1	0,0.015,0.985
NA19222	1|1	0,0,1
NA19223	1|1	3.00002e-05,0.01294,0.98703
NA19238	1|1	4.90004e-05,0.0139021,0.986049
NA19239	1|1	0,0,1
NA19240	1|1	0,0.000999987,0.999
NA19307	1|1	0,0.00199997,0.998
NA19308	1|1	0,0.00300002,0.997
NA19309	1|1	2.59997e-05,0.014948,0.985026
NA19310	1|0	0.000999987,0.999,0
NA19314	1|0	0.00199997,0.998,0
NA19315	1|0	0,0.993,0.007
NA19316	0|1	0,1,0
NA19317	1|1	0,0.023,0.977
NA19319	0|1	0,0.994,0.006
NA19321	1|1	1.20001e-05,0.00697603,0.993012
NA19324	1|1	7.00002e-05,0.01686,0.98307
NA19327	0|1	0.009,0.991,0
NA19328	1|1	0,0.012,0.988
NA19332	0|1	0.038,0.962,0
NA19334	1|1	0,0.016,0.984
NA19346	1|1	0,0.000999987,0.999
NA19347	1|1	0,0.00800002,0.992
NA19350	1|1	4.50003e-05,0.01791,0.982045
NA19360	0|1	0.00400001,0.996,0
NA19372	1|1	0,0.000999987,0.999
NA19374	1|1	5.99998e-05,0.01588,0.98406
NA19375	0|1	0,0.994,0.006
NA19376	1|1	1.19998e-05,0.00797596,0.992012
NA19377	1|1	0,0.009,0.991
NA19379	1|1	0,0.00199997,0.998
NA19380	1|1	5.20002e-05,0.016896,0.983052
NA19384	1|1	0,0.009,0.991
NA19385	1|1	0,0.000999987,0.999
NA19390	1|0	0.00599998,0.994,0
NA19391	0|1	0.013,0.987,0
NA19393	0|1	0,0.982,0.018
NA19394	1|1	0,0,1
NA19397	1|1	0,0,1
NA19399	1|1	0.000563993,0.282872,0.716564
NA19403	1|1	0,0.000999987,0.999
NA19404	1|1	0,0.009,0.991
NA19428	1|1	0,0.00199997,0.998
NA19429	1|0	0,1,0
NA19430	1|0	0,0.997,0.003
NA19431	1|1	2.10002e-05,0.00995805,0.990021
NA19434	1|1	0,0.00199997,0.998
NA19435	1|1	0,0,1
NA19436	1|1	9.00013e-06,0.00598204,0.994009
NA19437	1|1	0,0.00800002,0.992
NA19438	0|1	0.00300002,0.997,0
NA19439	1|1	1.39998e-05,0.014972,0.985014
NA19440	1|1	0,0,1
NA19443	1|1	0,0,1
NA19445	1|1	2e-05,0.00896,0.99102
NA19446	0|0	0.99,0.01,0
NA19448	1|0	0.00999999,0.99,0
NA19449	1|1	0,0.00199997,0.998
NA19451	1|0	0,1,0
NA19452	1|1	0.000108,0.023784,0.976108
NA19455	1|1	0,0,1
NA19456	1|1	0,0.00199997,0.998
NA19457	1|1	0,0.000999987,0.999
NA19462	1|0	0.02982,0.96436,0.00582
NA19463	1|1	0,0.005,0.995
NA19466	1|1	0,0,1
NA19467	1|1	6.30003e-05,0.015874,0.984063
NA19468	1|1	0,0.005,0.995
NA19471	1|0	0,1,0
NA19472	1|1	0,0.00599998,0.994
NA19473	1|1	7.50005e-05,0.02785,0.972075
NA19474	1|1	0,0.000999987,0.999
NA06985	1|0	0,1,0
NA06991	1|0	0,1,0
NA06993	0|0	1,0,0
NA06994	1|0	0.00800002,0.992,0
NA07000	1|1	0,0.00700003,0.993
NA07019	0|0	0.997,0.003,0
NA07022	0|0	1,0,0
NA07029	1|1	0,0.00199997,0.998
NA07034	0|0	0.999,0.001,0
NA07048	0|0	1,0,0
NA07055	0|0	1,0,0
NA07056	1|0	0,0.997,0.003
NA07345	1|1	0,0.00199997,0.998
NA07348	1|1	0,0.00199997,0.998
NA07357	0|1	0,0.998,0.002
NA10830	1|0	0,1,0
NA10831	0|0	1,0,0
NA10835	0|0	0.999,0.001,0
NA10838	0|0	0.998,0.002,0
NA10839	1|0	0.000999987,0.999,0
NA10846	1|1	0,0.00300002,0.997
NA10847	1|0	0,1,0
NA10851	0|0	1,0,0
NA10854	0|1	0,1,0
NA10855	0|1	0,1,0
NA10856	1|1	0,0,1
NA10857	1|0	0,0.999,0.001
NA10859	1|0	0,1,0
NA10860	0|1	0,1,0
NA10861	0|1	0,1,0
NA10863	0|0	1,0,0
NA11829	1|1	0,0.000999987,0.999
NA11830	1|1	0,0.00599998,0.994
NA11831	1|1	0,0.00599998,0.994
NA11832	0|1	0,1,0
NA11839	0|1	0,0.998,0.002
NA11840	0|0	1,0,0
NA11881	0|1	0,0.998,0.002
NA11882	1|0	0.019,0.981,0
NA11992	1|0	0,1,0
NA11993	0|1	0,1,0
NA11994	0|0	1,0,0
NA11995	1|0	0,0.999,0.001
NA12003	1|0	0.00199997,0.998,0
NA12004	0|0	1,0,0
NA12005	1|0	0.00999999,0.99,0
NA12006	0|0	0.584,0.416,0
NA12043	0|1	0,0.996,0.004
NA12044	1|0	0,1,0
NA12056	0|0	0.997,0.003,0
NA12057	1|0	0,1,0
NA12144	0|1	0,1,0
NA12145	0|1	0,1,0
NA12146	1|1	0,0.032,0.968
NA12154	1|0	0.005,0.995,0
NA12155	1|0	0.018,0.982,0
NA12156	1|0	0,1,0
NA12234	0|0	0.998,0.002,0
NA12236	0|1	0,0.997,0.003
NA12239	0|0	1,0,0
NA12248	0|0	1,0,0
NA12249	0|0	1,0,0
NA12264	0|0	1,0,0
NA12707	1|0	0,1,0
NA12716	0|1	0,1,0
NA12717	0|0	0.999,0.001,0
NA12740	1|0	0,1,0
NA12750	0|1	0,1,0
NA12751	1|1	0,0.00599998,0.994
NA12752	1|0	0,1,0
NA12753	0|0	0.998,0.002,0
NA12760	1|1	0,0,1
NA12761	1|0	0.000999987,0.999,0
NA12762	0|0	0.999,0.001,0
NA12763	1|0	0,1,0
NA12801	0|0	1,0,0
NA12802	1|0	0,1,0
NA12812	0|0	1,0,0
NA12813	0|0	0.998,0.002,0
NA12814	1|1	0,0.005,0.995
NA12815	0|0	1,0,0
NA12864	1|1	0,0,1
NA12865	0|0	1,0,0
NA12872	1|0	0.000999987,0.999,0
NA12873	1|1	0,0.00300002,0.997
NA12874	0|0	0.999,0.001,0
NA12875	0|0	1,0,0
NA12878	0|0	1,0,0
NA12891	0|0	1,0,0
NA12892	0|0	1,0,0
NA20502	1|0	0.00498,0.99104,0.00398
NA20504	1|1	0,0,1
NA20505	1|0	0.005,0.995,0
NA20506	0|0	0.776223,0.223554,0.000223
NA20508	1|1	5.60003e-05,0.014888,0.985056
NA20509	0|0	0.997,0.003,0
NA20510	0|1	0.012974,0.985052,0.001974
NA20512	0|0	0.996003,0.003994,3e-06
NA20515	1|1	3.99996e-06,0.004992,0.995004
NA20516	0|0	1,0,0
NA20517	1|0	0,1,0
NA20518	0|0	1,0,0
NA20519	0|1	0.00299702,0.996006,0.000997
NA20520	0|0	0.999,0.001,0
NA20521	0|0	1,0,0
NA20522	1|0	0.00199997,0.998,0
NA20524	1|1	0.000303999,0.034392,0.965304
NA20525	1|0	0.012,0.988,0
NA20527	0|1	0,0.998,0.002
NA20528	0|1	0.00399601,0.995008,0.000996
NA20529	0|1	0,1,0
NA20530	1|1	9.00013e-06,0.00598204,0.994009
NA20531	0|0	0.998,0.002,0
NA20534	0|0	0.998001,0.001998,1e-06
NA20535	1|0	0,1,0
NA20538	1|0	0,1,0
NA20539	1|1	0.00035,0.0383,0.96135
NA20540	0|1	0,0.997,0.003
NA20541	0|1	0.00598798,0.992024,0.001988
NA20542	0|0	0.996003,0.003994,3e-06
NA20543	1|1	6.00004e-05,0.02288,0.97706
NA20544	1|0	0.029,0.971,0
NA20581	0|0	0.996,0.004,0
NA20582	0|1	0.000998987,0.998002,0.000999
NA20585	0|0	1,0,0
NA20586	1|0	0,1,0
NA20588	0|0	1,0,0
NA20589	0|1	0.00496,0.98708,0.00796
NA20752	1|1	0,0.00400001,0.996
NA20753	0|0	0.999,0.001,0
NA20754	0|0	1,0,0
NA20755	0|0	0.998,0.002,0
NA20756	1|0	0.000997987,0.997004,0.001998
NA20757	1|1	5.60001e-05,0.017888,0.982056
NA20758	0|0	0.999,0.001,0
NA20759	0|0	1,0,0
NA20760	0|0	0.998,0.002,0
NA20761	1|0	0,1,0
NA20765	0|1	0.00700003,0.993,0
NA20766	0|0	0.999,0.001,0
NA20768	1|1	1.39998e-05,0.014972,0.985014
NA20769	1|1	1.20001e-05,0.00697603,0.993012
NA20770	0|1	0,1,0
NA20771	1|1	9.10005e-05,0.019818,0.980091
NA20772	0|0	0.998,0.002,0
NA20773	1|0	0.00199797,0.997004,0.000998
NA20774	0|0	0.999,0.001,0
NA20778	1|1	0,0.009,0.991
NA20783	0|0	1,0,0
NA20785	0|0	0.994005,0.00599,5e-06
NA20786	0|1	0,1,0
NA20787	0|1	0.00299702,0.996006,0.000997
NA20790	0|0	0.996,0.004,0
NA20792	1|1	0,0,1
NA20795	0|0	0.999,0.001,0
NA20796	0|1	0.00199997,0.998,0
NA20797	0|1	0.025,0.975,0
NA20798	1|0	0.00598198,0.991036,0.002982
NA20799	1|0	0.00599998,0.994,0
NA20800	0|0	0.996,0.004,0
NA20801	0|1	0.00599998,0.994,0
NA20802	0|1	0,1,0
NA20803	1|0	0,0.999,0.001
NA20804	1|0	0.00398801,0.993024,0.002988
NA20805	0|0	1,0,0
NA20806	0|0	0.998,0.002,0
NA20807	0|0	1,0,0
NA20808	1|1	7.70002e-05,0.017846,0.982077
NA20809	1|1	0,0.00199997,0.998
NA20810	1|0	0.00299402,0.995012,0.001994
NA20811	1|1	0,0,1
NA20812	1|1	0.00016,0.02568,0.97416
NA20813	1|1	0,0.00199997,0.998
NA20815	1|1	0,0,1
NA20818	1|0	0.00399601,0.995008,0.000996
NA20819	0|1	0.021,0.979,0
NA20826	0|1	0.013944,0.982112,0.003944
NA20828	1|0	0.00199997,0.998,0
NA18526	1|1	0,0,1
NA18532	1|1	1.39999e-05,0.008972,0.991014
NA18537	1|1	8.5e-05,0.02183,0.978085
NA18542	1|1	0,0.00300002,0.997
NA18545	1|1	3.19995e-05,0.0179359,0.982032
NA18547	1|1	5.99991e-06,0.00698797,0.993006
NA18550	1|1	1.29998e-05,0.013974,0.986013
NA18552	1|1	0,0.018,0.982
NA18555	1|1	1.19998e-05,0.00797596,0.992012
NA18558	1|1	4e-05,0.01292,0.98704
NA18561	1|1	2.4e-05,0.00995199,0.990024
NA18562	1|1	0.000695999,0.051608,0.947696
NA18563	1|1	8.99997e-05,0.02082,0.97909
NA18564	1|1	0.000196001,0.034608,0.965196
NA18566	1|1	4.8e-05,0.013904,0.986048
NA18570	1|1	3.99996e-06,0.004992,0.995004
NA18571	1|1	0,0.011,0.989
NA18572	1|1	0,0.013,0.987
NA18573	1|1	0,0.005,0.995
NA18577	1|1	3.90003e-05,0.015922,0.984039
NA18579	1|1	0.000203001,0.035594,0.964203
NA18582	1|1	1.50001e-05,0.00797002,0.992015
NA18592	1|1	0,0.00300002,0.997
NA18593	1|1	3.50001e-05,0.01193,0.988035
NA18603	1|1	0,0.024,0.976
NA18605	1|1	8.80002e-05,0.025824,0.974088
NA18608	1|1	8.40005e-05,0.0188321,0.981084
NA18609	1|1	1.20001e-05,0.00697603,0.993012
NA18611	1|1	4.99993e-06,0.00598998,0.994005
NA18612	1|1	0,0.021,0.979
NA18620	1|1	0.000205,0.04559,0.954205
NA18621	1|1	0,0,1
NA18622	0|1	0.000999987,0.999,0
NA18623	1|1	2.39997e-05,0.013952,0.986024
NA18624	1|1	0,0.031,0.969
NA18632	1|1	0,0,1
NA18633	1|1	7.19999e-05,0.017856,0.982072
NA18635	1|1	0.00013,0.02274,0.97713
NA18636	1|0	0.00197397,0.985052,0.012974
NA18637	1|1	0,0.012,0.988
NA18940	1|1	3.9999e-06,0.00399195,0.996004
NA18942	1|1	9.99986e-06,0.00697997,0.99301
NA18943	1|1	8.99989e-06,0.00998199,0.990009
NA18944	1|1	2.79996e-05,0.015944,0.984028
NA18945	1|1	2.10002e-05,0.00995805,0.990021
NA18947	1|1	2.19997e-05,0.022956,0.977022
NA18948	1|1	0,0.00800002,0.992
NA18949	1|1	0,0.009,0.991
NA18951	1|1	0.001078,0.088844,0.910078
NA18952	1|1	0.000117,0.021766,0.978117
NA18953	0|1	0,0.999,0.001
NA18956	1|1	8.10006e-05,0.029838,0.970081
NA18959	1|1	0,0.00300002,0.997
NA18960	1|1	0,0.005,0.995
NA18961	1|1	3.9999e-06,0.00399195,0.996004
NA18964	1|1	0.000279,0.039442,0.960279
NA18965	1|1	1.99997e-05,0.01196,0.98802
NA18966	1|1	0,0.022,0.978
NA18967	1|1	0.00011,0.02078,0.97911
NA18968	1|1	0,0.053,0.947
NA18969	1|1	0.000216001,0.034568,0.965216
NA18970	0|1	0.000999987,0.999,0
NA18971	1|1	4.20001e-05,0.012916,0.987042
NA18972	1|1	3.99996e-06,0.004992,0.995004
NA18973	1|1	5.49998e-05,0.01589,0.984055
NA18974	1|1	0,0,1
NA18975	1|1	0,0.024,0.976
NA18976	1|1	1.19998e-05,0.00797596,0.992012
NA18978	0|1	0,1,0
NA18980	1|1	0,0.00199997,0.998
NA18981	1|1	0,0.051,0.949
NA18987	1|1	0.000189,0.029622,0.970189
NA18990	0|1	0.00400001,0.996,0
NA18991	1|1	0,0.06,0.94
NA18992	1|0	0.00598798,0.992024,0.001988
NA18994	1|1	2.39997e-05,0.013952,0.986024
NA18995	1|1	4.4e-05,0.014912,0.985044
NA18997	1|1	1.80001e-05,0.008964,0.991018
NA18998	1|1	9.99986e-06,0.01098,0.98901
NA18999	1|1	3.30002e-05,0.013934,0.986033
NA19000	1|1	2.99996e-05,0.01694,0.98303
NA19003	1|1	1.99995e-06,0.00299596,0.997002
NA19005	1|1	0,0,1
NA19007	1|1	0,0,1
NA19012	1|1	0.000105,0.02579,0.974105
