NA06985	1|0	0,1,0
NA06991	1|0	0,1,0
NA06993	0|0	1,0,0
NA06994	1|0	0.00800002,0.992,0
NA07000	1|1	0,0.00700003,0.993
NA07019	0|0	0.997,0.003,0
NA07022	0|0	1,0,0
NA07029	1|1	0,0.00199997,0.998
NA07034	0|0	0.999,0.001,0
NA07048	0|0	1,0,0
NA07055	0|0	1,0,0
NA07056	1|0	0,0.997,0.003
NA07345	1|1	0,0.00199997,0.998
NA07348	1|1	0,0.00199997,0.998
NA07357	0|1	0,0.998,0.002
NA10830	1|0	0,1,0
NA10831	0|0	1,0,0
NA10835	0|0	0.999,0.001,0
NA10838	0|0	0.998,0.002,0
NA10839	1|0	0.000999987,0.999,0
NA10846	1|1	0,0.00300002,0.997
NA10847	1|0	0,1,0
NA10851	0|0	1,0,0
NA10854	0|1	0,1,0
NA10855	0|1	0,1,0
NA10856	1|1	0,0,1
NA10857	1|0	0,0.999,0.001
NA10859	1|0	0,1,0
NA10860	0|1	0,1,0
NA10861	0|1	0,1,0
NA10863	0|0	1,0,0
NA11829	1|1	0,0.000999987,0.999
NA11830	1|1	0,0.00599998,0.994
NA11831	1|1	0,0.00599998,0.994
NA11832	0|1	0,1,0
NA11839	0|1	0,0.998,0.002
NA11840	0|0	1,0,0
NA11881	0|1	0,0.998,0.002
NA11882	1|0	0.019,0.981,0
NA11992	1|0	0,1,0
NA11993	0|1	0,1,0
NA11994	0|0	1,0,0
NA11995	1|0	0,0.999,0.001
NA12003	1|0	0.00199997,0.998,0
NA12004	0|0	1,0,0
NA12005	1|0	0.00999999,0.99,0
NA12006	0|0	0.584,0.416,0
NA12043	0|1	0,0.996,0.004
NA12044	1|0	0,1,0
NA12056	0|0	0.997,0.003,0
NA12057	1|0	0,1,0
NA12144	0|1	0,1,0
NA12145	0|1	0,1,0
NA12146	1|1	0,0.032,0.968
NA12154	1|0	0.005,0.995,0
NA12155	1|0	0.018,0.982,0
NA12156	1|0	0,1,0
NA12234	0|0	0.998,0.002,0
NA12236	0|1	0,0.997,0.003
NA12239	0|0	1,0,0
NA12248	0|0	1,0,0
NA12249	0|0	1,0,0
NA12264	0|0	1,0,0
NA12707	1|0	0,1,0
NA12716	0|1	0,1,0
NA12717	0|0	0.999,0.001,0
NA12740	1|0	0,1,0
NA12750	0|1	0,1,0
NA12751	1|1	0,0.00599998,0.994
NA12752	1|0	0,1,0
NA12753	0|0	0.998,0.002,0
NA12760	1|1	0,0,1
NA12761	1|0	0.000999987,0.999,0
NA12762	0|0	0.999,0.001,0
NA12763	1|0	0,1,0
NA12801	0|0	1,0,0
NA12802	1|0	0,1,0
NA12812	0|0	1,0,0
NA12813	0|0	0.998,0.002,0
NA12814	1|1	0,0.005,0.995
NA12815	0|0	1,0,0
NA12864	1|1	0,0,1
NA12865	0|0	1,0,0
NA12872	1|0	0.000999987,0.999,0
NA12873	1|1	0,0.00300002,0.997
NA12874	0|0	0.999,0.001,0
NA12875	0|0	1,0,0
NA12878	0|0	1,0,0
NA12891	0|0	1,0,0
NA12892	0|0	1,0,0
NA20502	1|0	0.00498,0.99104,0.00398
NA20504	1|1	0,0,1
NA20505	1|0	0.005,0.995,0
NA20506	0|0	0.776223,0.223554,0.000223
NA20508	1|1	5.60003e-05,0.014888,0.985056
NA20509	0|0	0.997,0.003,0
NA20510	0|1	0.012974,0.985052,0.001974
NA20512	0|0	0.996003,0.003994,3e-06
NA20515	1|1	3.99996e-06,0.004992,0.995004
NA20516	0|0	1,0,0
NA20517	1|0	0,1,0
NA20518	0|0	1,0,0
NA20519	0|1	0.00299702,0.996006,0.000997
NA20520	0|0	0.999,0.001,0
NA20521	0|0	1,0,0
NA20522	1|0	0.00199997,0.998,0
NA20524	1|1	0.000303999,0.034392,0.965304
NA20525	1|0	0.012,0.988,0
NA20527	0|1	0,0.998,0.002
NA20528	0|1	0.00399601,0.995008,0.000996
NA20529	0|1	0,1,0
NA20530	1|1	9.00013e-06,0.00598204,0.994009
NA20531	0|0	0.998,0.002,0
NA20534	0|0	0.998001,0.001998,1e-06
NA20535	1|0	0,1,0
NA20538	1|0	0,1,0
NA20539	1|1	0.00035,0.0383,0.96135
NA20540	0|1	0,0.997,0.003
NA20541	0|1	0.00598798,0.992024,0.001988
NA20542	0|0	0.996003,0.003994,3e-06
NA20543	1|1	6.00004e-05,0.02288,0.97706
NA20544	1|0	0.029,0.971,0
NA20581	0|0	0.996,0.004,0
NA20582	0|1	0.000998987,0.998002,0.000999
NA20585	0|0	1,0,0
NA20586	1|0	0,1,0
NA20588	0|0	1,0,0
NA20589	0|1	0.00496,0.98708,0.00796
NA20752	1|1	0,0.00400001,0.996
NA20753	0|0	0.999,0.001,0
NA20754	0|0	1,0,0
NA20755	0|0	0.998,0.002,0
NA20756	1|0	0.000997987,0.997004,0.001998
NA20757	1|1	5.60001e-05,0.017888,0.982056
NA20758	0|0	0.999,0.001,0
NA20759	0|0	1,0,0
NA20760	0|0	0.998,0.002,0
NA20761	1|0	0,1,0
NA20765	0|1	0.00700003,0.993,0
NA20766	0|0	0.999,0.001,0
NA20768	1|1	1.39998e-05,0.014972,0.985014
NA20769	1|1	1.20001e-05,0.00697603,0.993012
NA20770	0|1	0,1,0
NA20771	1|1	9.10005e-05,0.019818,0.980091
NA20772	0|0	0.998,0.002,0
NA20773	1|0	0.00199797,0.997004,0.000998
NA20774	0|0	0.999,0.001,0
NA20778	1|1	0,0.009,0.991
NA20783	0|0	1,0,0
NA20785	0|0	0.994005,0.00599,5e-06
NA20786	0|1	0,1,0
NA20787	0|1	0.00299702,0.996006,0.000997
NA20790	0|0	0.996,0.004,0
NA20792	1|1	0,0,1
NA20795	0|0	0.999,0.001,0
NA20796	0|1	0.00199997,0.998,0
NA20797	0|1	0.025,0.975,0
NA20798	1|0	0.00598198,0.991036,0.002982
NA20799	1|0	0.00599998,0.994,0
NA20800	0|0	0.996,0.004,0
NA20801	0|1	0.00599998,0.994,0
NA20802	0|1	0,1,0
NA20803	1|0	0,0.999,0.001
NA20804	1|0	0.00398801,0.993024,0.002988
NA20805	0|0	1,0,0
NA20806	0|0	0.998,0.002,0
NA20807	0|0	1,0,0
NA20808	1|1	7.70002e-05,0.017846,0.982077
NA20809	1|1	0,0.00199997,0.998
NA20810	1|0	0.00299402,0.995012,0.001994
NA20811	1|1	0,0,1
NA20812	1|1	0.00016,0.02568,0.97416
NA20813	1|1	0,0.00199997,0.998
NA20815	1|1	0,0,1
NA20818	1|0	0.00399601,0.995008,0.000996
NA20819	0|1	0.021,0.979,0
NA20826	0|1	0.013944,0.982112,0.003944
NA20828	1|0	0.00199997,0.998,0
