NA18526	0|0	0.06	0.94,0.06,0
NA18532	0|1	1	0,1,0
NA18537	0|0	0.37	0.63,0.37,0
NA18542	0|1	1.04	0,0.96,0.04
NA18545	1|0	1	0,1,0
NA18547	0|1	0.8	0.2,0.8,0
NA18550	0|0	0	1,0,0
NA18552	0|0	0	1,0,0
NA18555	0|0	0	1,0,0
NA18558	0|0	0	1,0,0
NA18561	1|1	1.89	0,0.1,0.9
NA18562	0|0	0	1,0,0
NA18563	1|1	2	0,0,1
NA18564	1|1	2	0,0,1
NA18566	0|0	0	1,0,0
NA18570	0|0	0	1,0,0
NA18571	1|1	2	0,0,1
NA18572	1|1	2	0,0,1
NA18573	1|1	1.67	0,0.33,0.67
NA18577	0|1	1.31	0,0.69,0.31
NA18579	1|0	0.99	0.01,0.99,0
NA18582	1|0	1	0,1,0
NA18592	0|1	1	0,1,0
NA18593	0|1	0.94	0.06,0.94,0
NA18603	0|0	0	1,0,0
NA18605	1|1	2	0,0,1
NA18608	1|1	1.98	0,0.02,0.98
NA18609	1|1	2	0,0,1
NA18611	0|0	0	1,0,0
NA18612	0|0	0	1,0,0
NA18620	1|1	2	0,0,1
NA18621	0|0	0	1,0,0
NA18622	1|1	2	0,0,1
NA18623	0|0	0	1,0,0
NA18624	1|0	1	0,1,0
NA18632	0|0	0	1,0,0
NA18633	1|1	2	0,0,1
NA18635	1|1	2	0,0,1
NA18636	0|0	0	1,0,0
NA18637	1|1	2	0,0,1
NA18940	1|1	2	0,0,1
NA18942	1|1	2	0,0,1
NA18943	1|1	1.92	0,0.08,0.92
NA18944	0|0	0.24	0.77,0.22,0.01
NA18945	1|1	2	0,0,1
NA18947	1|1	1.93	0,0.07,0.93
NA18948	1|1	1.02	0.24,0.5,0.26
NA18949	1|1	2	0,0,1
NA18951	1|0	0.97	0.03,0.97,0
NA18952	0|0	0	1,0,0
NA18953	0|0	0	1,0,0
NA18956	1|1	1.99	0,0.01,0.99
NA18959	1|1	2	0,0,1
NA18960	1|1	2	0,0,1
NA18961	0|0	0.12	0.88,0.12,0
NA18964	1|1	2	0,0,1
NA18965	0|0	0	1,0,0
NA18966	0|0	0	1,0,0
NA18967	1|1	2	0,0,1
NA18968	1|1	1.88	0,0.12,0.88
NA18969	1|1	2	0,0,1
NA18970	1|1	2	0,0,1
NA18971	1|1	2	0,0,1
NA18972	0|1	1	0,1,0
NA18973	0|1	1	0,1,0
NA18974	1|1	2	0,0,1
NA18975	0|1	1	0,1,0
NA18976	0|1	1	0,1,0
NA18978	1|1	1.91	0,0.09,0.91
NA18980	0|1	0.87	0.26,0.6,0.14
NA18981	1|1	2	0,0,1
NA18987	0|1	1	0,1,0
NA18990	1|1	1.43	0.08,0.41,0.51
NA18991	1|1	1.99	0,0.01,0.99
NA18992	1|1	1.56	0,0.44,0.56
NA18994	1|1	2	0,0,1
NA18995	0|0	0.13	0.87,0.12,0
NA18997	1|0	1.32	0,0.68,0.32
NA18998	1|0	1	0,1,0
NA18999	1|1	2	0,0,1
NA19000	1|1	2	0,0,1
NA19003	0|1	1	0,1,0
NA19005	1|1	1.98	0,0.02,0.98
NA19007	1|1	1.98	0,0.02,0.98
NA19012	1|1	2	0,0,1
