NA18526	1|1	1.99	0,0.01,0.99
NA18532	1|1	2	0,0,1
NA18537	1|0	1	0,1,0
NA18542	1|1	2	0,0,1
NA18545	0|1	1	0,1,0
NA18547	1|0	1	0,1,0
NA18550	0|1	1.07	0.13,0.68,0.2
NA18552	1|0	1	0,1,0
NA18555	0|1	1	0,1,0
NA18558	0|0	0	1,0,0
NA18561	1|1	2	0,0,1
NA18562	1|1	2	0,0,1
NA18563	1|1	2	0,0,1
NA18564	0|0	0	1,0,0
NA18566	1|0	1	0,1,0
NA18570	0|1	1	0,1,0
NA18571	1|0	1	0,1,0
NA18572	1|1	2	0,0,1
NA18573	1|0	1	0,1,0
NA18577	0|0	0	1,0,0
NA18579	1|0	1	0,1,0
NA18582	0|1	1.02	0,0.98,0.02
NA18592	0|1	1.02	0,0.98,0.02
NA18593	1|1	2	0,0,1
NA18603	0|0	0	1,0,0
NA18605	0|0	0	1,0,0
NA18608	1|1	2	0,0,1
NA18609	1|1	2	0,0,1
NA18611	0|0	0	1,0,0
NA18612	0|0	0	1,0,0
NA18620	1|1	2	0,0,1
NA18621	1|1	2	0,0,1
NA18622	1|1	2	0,0,1
NA18623	1|1	2	0,0,1
NA18624	1|1	2	0,0,1
NA18632	0|0	0	1,0,0
NA18633	1|1	1.83	0,0.17,0.83
NA18635	1|1	2	0,0,1
NA18636	1|1	2	0,0,1
NA18637	1|1	2	0,0,1
NA18940	1|1	2	0,0,1
NA18942	1|1	1.88	0,0.12,0.88
NA18943	0|0	0	1,0,0
NA18944	0|0	0.51	0.55,0.39,0.06
NA18945	1|1	2	0,0,1
NA18947	1|1	2	0,0,1
NA18948	0|0	0	1,0,0
NA18949	0|1	0.89	0.11,0.89,0
NA18951	1|0	1	0,1,0
NA18952	0|0	0	1,0,0
NA18953	1|1	2	0,0,1
NA18956	1|1	2	0,0,1
NA18959	1|1	2	0,0,1
NA18960	1|1	2	0,0,1
NA18961	1|1	2	0,0,1
NA18964	1|1	2	0,0,1
NA18965	0|0	0.95	0.27,0.5,0.23
NA18966	1|1	2	0,0,1
NA18967	1|1	2	0,0,1
NA18968	1|0	1	0,1,0
NA18969	0|1	0.91	0.09,0.91,0
NA18970	1|1	2	0,0,1
NA18971	0|0	0	1,0,0
NA18972	1|0	0.62	0.38,0.62,0
NA18973	1|1	2	0,0,1
NA18974	0|0	0	1,0,0
NA18975	0|1	1	0,1,0
NA18976	1|0	1	0,1,0
NA18978	1|0	1.49	0,0.51,0.49
NA18980	1|1	2	0,0,1
NA18981	1|1	1.86	0,0.14,0.86
NA18987	1|0	1	0,1,0
NA18990	1|1	2	0,0,1
NA18991	0|1	0.62	0.38,0.62,0
NA18992	1|0	1	0,1,0
NA18994	1|1	2	0,0,1
NA18995	1|1	2	0,0,1
NA18997	1|1	2	0,0,1
NA18998	0|1	1	0,1,0
NA18999	0|1	1	0,1,0
NA19000	1|1	1.87	0,0.12,0.88
NA19003	1|1	2	0,0,1
NA19005	1|1	2	0,0,1
NA19007	0|0	0	1,0,0
NA19012	1|1	2	0,0,1
