NA06985	0|0	1,0,0
NA06994	0|0	1,0,0
NA07000	0|0	1,0,0
NA07048	1|0	0.135,0.865,0
NA07056	0|0	1,0,0
NA07348	0|0	1,0,0
NA07357	0|0	1,0,0
NA10847	0|0	1,0,0
NA10851	0|0	1,0,0
NA11829	0|0	1,0,0
NA11830	0|0	1,0,0
NA11831	0|0	1,0,0
NA11832	0|0	1,0,0
NA11840	0|1	0.016,0.984,0
NA11881	0|0	0.993,0.007,0
NA11992	0|0	1,0,0
NA11994	0|1	0,1,0
NA11995	0|0	1,0,0
NA12003	0|0	1,0,0
NA12004	0|0	0.619,0.381,0
NA12005	0|0	1,0,0
NA12006	0|0	1,0,0
NA12043	0|0	0.589,0.411,0
NA12044	0|0	1,0,0
NA12144	1|0	0.000999987,0.999,0
NA12154	0|0	0.976,0.024,0
NA12155	1|0	0.000999987,0.999,0
NA12156	0|0	1,0,0
NA12234	0|1	0.17,0.83,0
NA12249	0|0	1,0,0
NA12716	0|0	1,0,0
NA12717	0|0	1,0,0
NA12750	0|0	1,0,0
NA12751	1|0	0.033,0.967,0
NA12760	0|0	1,0,0
NA12761	0|0	0.979,0.021,0
NA12762	0|0	1,0,0
NA12763	0|0	1,0,0
NA12812	0|0	1,0,0
NA12813	0|0	1,0,0
NA12814	0|0	0.806,0.194,0
NA12815	0|0	1,0,0
NA12872	1|0	0.00800002,0.992,0
NA12873	0|0	1,0,0
NA12874	0|0	1,0,0
NA12878	0|1	0.414,0.586,0
NA20502	0|0	1,0,0
NA20504	0|0	0.999,0.001,0
NA20505	0|0	1,0,0
NA20506	0|0	1,0,0
NA20508	0|0	0.999,0.001,0
NA20509	0|0	0.961,0.039,0
NA20510	0|0	1,0,0
NA20512	0|0	1,0,0
NA20515	0|0	1,0,0
NA20516	0|0	1,0,0
NA20517	0|0	1,0,0
NA20518	0|0	0.84,0.16,0
NA20519	0|0	0.992,0.008,0
NA20520	0|0	1,0,0
NA20521	0|1	0.166,0.834,0
NA20522	0|0	1,0,0
NA20524	0|0	1,0,0
NA20525	0|0	1,0,0
NA20527	0|0	0.999,0.001,0
NA20528	1|0	0,0.992,0.008
NA20529	0|0	1,0,0
NA20530	0|0	0.987,0.013,0
NA20531	0|0	1,0,0
NA20534	0|0	0.999,0.001,0
NA20535	0|0	1,0,0
NA20538	1|0	0.00199997,0.998,0
NA20539	0|0	1,0,0
NA20540	0|0	1,0,0
NA20541	0|0	1,0,0
NA20542	0|0	1,0,0
NA20543	0|0	1,0,0
NA20544	0|0	0.996,0.004,0
NA20581	0|0	1,0,0
NA20582	1|0	0.285,0.715,0
NA20585	0|0	0.864,0.136,0
NA20586	0|0	1,0,0
NA20588	0|0	0.903,0.097,0
NA20589	0|0	1,0,0
NA20752	0|0	1,0,0
NA20753	0|0	0.647,0.353,0
NA20754	0|0	1,0,0
NA20755	0|0	1,0,0
NA20756	1|0	0.468,0.532,0
NA20757	0|0	1,0,0
NA20758	0|0	0.991,0.009,0
NA20759	0|0	1,0,0
NA20760	0|0	0.688469,0.297062,0.014469
NA20761	0|0	1,0,0
NA20765	0|0	1,0,0
NA20766	0|1	0,1,0
NA20768	0|0	1,0,0
NA20769	0|0	1,0,0
NA20770	0|0	1,0,0
NA20771	0|0	1,0,0
NA20772	0|0	1,0,0
NA20773	1|0	0.046,0.954,0
NA20774	0|0	1,0,0
NA20775	0|0	0.507,0.493,0
NA20778	0|0	1,0,0
NA20783	0|0	1,0,0
NA20785	0|0	1,0,0
NA20786	0|0	1,0,0
NA20787	0|0	0.987,0.013,0
NA20790	0|0	0.97,0.03,0
NA20792	0|0	0.98,0.02,0
NA20795	0|0	0.882456,0.117088,0.000456
NA20796	0|0	1,0,0
NA20797	0|0	1,0,0
NA20798	0|1	0,1,0
NA20799	0|0	1,0,0
NA20800	0|0	1,0,0
NA20801	0|0	1,0,0
NA20802	0|0	1,0,0
NA20803	0|0	1,0,0
NA20804	0|1	0.086,0.914,0
NA20805	0|0	1,0,0
NA20806	0|0	1,0,0
NA20807	0|0	1,0,0
NA20808	0|0	1,0,0
NA20809	0|0	1,0,0
NA20810	0|0	0.999,0.001,0
NA20811	0|0	1,0,0
NA20812	0|0	1,0,0
NA20813	0|0	0.999,0.001,0
NA20815	0|0	1,0,0
NA20818	0|0	1,0,0
NA20819	0|0	0.709,0.291,0
NA20826	0|0	1,0,0
NA20828	0|0	1,0,0
