NA18498	1|1	2	0,0,1
NA18502	1|1	2	0,0,1
NA18505	1|1	2	0,0,1
NA18507	0|1	1	0,1,0
NA18508	0|1	1	0,1,0
NA18517	1|1	2	0,0,1
NA18519	0|1	1	0,1,0
NA18867	1|0	1	0,1,0
NA18870	0|0	0	1,0,0
NA18910	0|0	0	1,0,0
NA19092	0|0	0	1,0,0
NA19098	0|1	1	0,1,0
NA19099	1|0	1	0,1,0
NA19102	1|1	2	0,0,1
NA19108	1|0	1	0,1,0
NA19118	0|1	1	0,1,0
NA19119	1|0	1	0,1,0
NA19129	0|0	0	1,0,0
NA19130	0|1	1	0,1,0
NA19141	1|0	1	0,1,0
NA19146	1|1	1.98	0,0.02,0.98
NA19150	0|1	1	0,1,0
NA19152	0|1	1	0,1,0
NA19160	1|1	2	0,0,1
NA19171	1|0	1	0,1,0
NA19189	0|1	1	0,1,0
NA19204	0|1	1	0,1,0
NA19206	1|1	2	0,0,1
NA19207	0|1	1	0,1,0
NA19209	0|1	1	0,1,0
NA19213	1|1	2	0,0,1
NA19240	1|1	2	0,0,1
