NA18498	1|1	0,0.012,0.988
NA18502	1|0	0.00400001,0.996,0
NA18505	0|0	1,0,0
NA18507	1|1	3.99996e-06,0.004992,0.995004
NA18508	1|0	0,1,0
NA18517	0|0	1,0,0
NA18519	1|1	0,0.00599998,0.994
NA18858	0|1	0.019,0.981,0
NA18861	1|1	3.99996e-06,0.004992,0.995004
NA18867	0|1	0,1,0
NA18870	0|1	0,1,0
NA18910	1|0	0,1,0
NA18912	0|1	0,1,0
NA19092	1|1	0,0,1
NA19093	1|1	0,0,1
NA19098	1|1	0,0.000999987,0.999
NA19099	0|0	1,0,0
NA19102	1|0	0,0.996,0.004
NA19108	1|1	3.9999e-06,0.00399195,0.996004
NA19116	1|1	5.99998e-05,0.01588,0.98406
NA19118	0|1	0.00400001,0.996,0
NA19119	1|0	0,1,0
NA19129	1|0	0,0.999,0.001
NA19130	1|1	0,0,1
NA19131	1|1	0,0,1
NA19137	0|0	0.504,0.496,0
NA19138	1|0	0,0.999,0.001
NA19141	0|1	0.000998987,0.998002,0.000999
NA19143	0|1	0,1,0
NA19144	0|1	0,0.999,0.001
NA19146	0|1	0.004995,0.99401,0.000995
NA19150	1|1	0,0.00199997,0.998
NA19152	1|0	0.00199997,0.998,0
NA19153	1|0	0,0.997,0.003
NA19159	1|1	0,0.000999987,0.999
NA19160	0|1	0.000999987,0.999,0
NA19171	0|0	1,0,0
NA19172	1|0	0,0.997,0.003
NA19189	1|1	0,0,1
NA19200	0|1	0.00399201,0.994016,0.001992
NA19201	0|1	0.000999987,0.999,0
NA19204	1|1	0,0,1
NA19206	1|0	0,1,0
NA19207	0|1	0,1,0
NA19209	1|1	0,0.016,0.984
NA19210	1|0	0.000999987,0.999,0
NA19213	1|0	0.00598798,0.992024,0.001988
NA19222	0|1	0,1,0
NA19223	0|1	0.000999987,0.999,0
NA19240	1|0	0,0.986,0.014
