NA18498	0|0	0	1,0,0
NA18500	0|0	0	1,0,0
NA18501	0|0	0	1,0,0
NA18502	0|0	0	1,0,0
NA18503	1|0	1	0,1,0
NA18504	0|1	1	0,1,0
NA18505	0|0	0	1,0,0
NA18506	0|0	0	1,0,0
NA18507	0|0	0	1,0,0
NA18508	0|0	0	1,0,0
NA18515	0|0	0	1,0,0
NA18516	0|0	0	1,0,0
NA18517	0|0	0	1,0,0
NA18519	0|0	0	1,0,0
NA18521	0|0	0	1,0,0
NA18522	0|0	0	1,0,0
NA18523	0|0	0	1,0,0
NA18852	0|0	0	1,0,0
NA18853	0|0	0	1,0,0
NA18854	0|0	0	1,0,0
NA18855	0|0	0	1,0,0
NA18856	0|0	0	1,0,0
NA18857	0|0	0	1,0,0
NA18858	0|0	0	1,0,0
NA18859	0|1	1	0,1,0
NA18860	0|0	0	1,0,0
NA18861	0|1	1	0,1,0
NA18862	0|0	0	1,0,0
NA18863	0|0	0	1,0,0
NA18867	0|0	0	1,0,0
NA18870	0|1	1	0,1,0
NA18871	0|0	0	1,0,0
NA18872	0|1	1	0,1,0
NA18910	0|0	0	1,0,0
NA18912	0|0	0	1,0,0
NA18913	0|0	0	1,0,0
NA18914	0|0	0	1,0,0
NA19092	0|0	0	1,0,0
NA19093	0|0	0	1,0,0
NA19094	0|0	0	1,0,0
NA19098	0|0	0	1,0,0
NA19099	0|0	0	1,0,0
NA19100	0|0	0	1,0,0
NA19101	0|0	0	1,0,0
NA19102	0|0	0	1,0,0
NA19103	0|0	0	1,0,0
NA19108	0|0	0	1,0,0
NA19116	0|0	0	1,0,0
NA19118	0|0	0	1,0,0
NA19119	0|0	0	1,0,0
NA19120	0|0	0	1,0,0
NA19127	0|1	1	0,1,0
NA19128	0|0	0	1,0,0
NA19129	0|0	0	1,0,0
NA19130	0|0	0	1,0,0
NA19131	0|0	0	1,0,0
NA19132	0|0	0	1,0,0
NA19137	0|0	0	1,0,0
NA19138	1|0	1	0,1,0
NA19139	1|0	1	0,1,0
NA19140	0|0	0	1,0,0
NA19141	0|0	0	1,0,0
NA19142	0|0	0	1,0,0
NA19143	0|0	0	1,0,0
NA19144	0|0	0	1,0,0
NA19145	0|0	0	1,0,0
NA19146	0|0	0	1,0,0
NA19150	1|1	2	0,0,1
NA19152	0|0	0	1,0,0
NA19153	1|0	1	0,1,0
NA19154	0|1	1	0,1,0
NA19159	0|0	0	1,0,0
NA19160	0|0	0	1,0,0
NA19161	0|0	0	1,0,0
NA19171	0|1	1	0,1,0
NA19172	0|1	1	0,1,0
NA19173	0|1	1	0,1,0
NA19189	0|0	0	1,0,0
NA19200	0|0	0	1,0,0
NA19201	0|0	0	1,0,0
NA19202	0|0	0	1,0,0
NA19203	1|0	1	0,1,0
NA19204	0|0	0	1,0,0
NA19205	0|0	0	1,0,0
NA19206	0|0	0	1,0,0
NA19207	0|0	0	1,0,0
NA19208	0|0	0	1,0,0
NA19209	0|0	0	1,0,0
NA19210	0|0	0	1,0,0
NA19211	0|0	0	1,0,0
NA19213	0|0	0	1,0,0
NA19221	0|0	0	1,0,0
NA19222	0|0	0	1,0,0
NA19223	0|0	0	1,0,0
NA19238	0|0	0	1,0,0
NA19239	0|0	0	1,0,0
NA19240	0|0	0	1,0,0
NA07357	1|0	1	0,1,0
NA11829	0|1	1	0,1,0
NA11830	0|0	0	1,0,0
NA11831	0|0	0	1,0,0
NA11832	0|0	0	1,0,0
NA11840	0|0	0	1,0,0
NA11881	0|0	0	1,0,0
NA11994	0|0	0	1,0,0
NA11995	0|1	1	0,1,0
NA12004	0|0	0.08	0.92,0.08,0
NA12005	0|0	0	1,0,0
NA12043	0|0	0	1,0,0
NA12044	0|0	0	1,0,0
NA12144	0|0	0	1,0,0
NA12154	0|0	0	1,0,0
NA12155	0|0	0	1,0,0
NA12156	0|0	0	1,0,0
NA12234	0|0	0	1,0,0
NA12717	0|0	0	1,0,0
NA12750	0|0	0	1,0,0
NA12760	0|0	0	1,0,0
NA12761	0|0	0	1,0,0
NA12762	0|0	0	1,0,0
NA12763	0|0	0	1,0,0
NA12812	0|0	0	1,0,0
NA12813	0|0	0	1,0,0
NA12814	0|0	0	1,0,0
NA12815	0|0	0	1,0,0
NA12872	0|0	0	1,0,0
NA12873	0|0	0	1,0,0
NA12874	0|0	0	1,0,0
NA12878	0|0	0	1,0,0
NA18526	0|1	1	0,1,0
NA18537	0|1	1	0,1,0
NA18555	0|0	0	1,0,0
NA18562	1|0	1	0,1,0
NA18563	0|0	0	1,0,0
NA18582	0|0	0	1,0,0
NA18606	1|1	2	0,0,1
NA18621	0|0	0	1,0,0
NA18622	1|0	1	0,1,0
NA18628	0|1	1	0,1,0
NA18632	0|0	0	1,0,0
NA18636	1|1	2	0,0,1
NA18647	0|0	0	1,0,0
NA18942	0|0	0	1,0,0
NA18945	1|0	1	0,1,0
NA18947	1|1	2	0,0,1
NA18951	0|0	0	1,0,0
NA18952	0|0	0	1,0,0
NA18953	1|0	1	0,1,0
NA18956	0|0	0	1,0,0
NA18965	1|0	1	0,1,0
NA18970	0|0	0	1,0,0
NA18973	0|0	0	1,0,0
NA18977	0|1	1	0,1,0
NA18987	1|1	2	0,0,1
NA18990	0|1	1	0,1,0
NA18995	0|1	1	0,1,0
NA19003	1|0	1	0,1,0
NA19010	0|1	1	0,1,0
