NA11829	1|0	0.75	0.25,0.75,0
NA11830	0|0	0.61	0.47,0.45,0.08
NA11831	1|0	0.92	0.08,0.92,0
NA11832	0|1	0.85	0.19,0.78,0.03
NA11840	1|0	0.77	0.24,0.76,0
NA11881	1|1	1.36	0.1,0.44,0.46
NA11994	0|0	0.2	0.8,0.2,0
NA11995	1|1	1.81	0,0.18,0.82
NA12004	0|0	0.1	0.9,0.1,0
NA12005	0|0	0.35	0.66,0.32,0.02
NA12043	0|0	0.41	0.6,0.39,0.01
NA12044	0|0	0.01	0.99,0.01,0
NA12144	0|0	0.06	0.95,0.05,0
NA12154	0|0	0.47	0.53,0.47,0
NA12155	0|0	0.09	0.91,0.09,0
NA12156	1|0	1.09	0,0.9,0.1
NA12234	1|0	1.19	0.02,0.77,0.21
NA12717	0|1	0.85	0.15,0.85,0
NA12750	0|1	1.03	0.02,0.93,0.05
NA12760	1|0	1.05	0.07,0.81,0.12
NA12762	0|0	0.05	0.95,0.05,0
NA12763	0|0	0.52	0.5,0.48,0.02
NA12812	0|0	0.07	0.93,0.07,0
NA12813	0|1	0.89	0.14,0.82,0.04
NA12814	0|0	0.26	0.74,0.25,0.01
NA12815	1|0	0.75	0.27,0.71,0.02
NA12872	1|0	0.97	0.08,0.86,0.06
NA12873	0|1	1.14	0,0.85,0.15
NA12874	1|1	1.78	0.01,0.2,0.79
NA12878	0|0	0.01	0.99,0.01,0
