NA18526	1|1	1.99997e-05,0.02096,0.97902
NA18532	1|1	0,0,1
NA18537	1|1	0,0.00599998,0.994
NA18542	1|1	5.99991e-06,0.00698797,0.993006
NA18545	1|1	0,0,1
NA18547	1|1	4e-05,0.01392,0.98604
NA18550	1|1	0,0,1
NA18552	1|1	0,0.101,0.899
NA18555	1|1	0,0,1
NA18558	1|1	0,0.00199997,0.998
NA18561	1|1	1.80001e-05,0.008964,0.991018
NA18562	1|1	0,0.000999987,0.999
NA18563	1|1	0,0.005,0.995
NA18564	1|1	0,0.005,0.995
NA18566	1|1	0,0.000999987,0.999
NA18570	1|1	0,0,1
NA18571	1|1	1.59998e-05,0.00996799,0.990016
NA18572	1|1	7.99991e-06,0.00598398,0.994008
NA18573	1|1	7.99991e-06,0.008984,0.991008
NA18577	1|1	0,0.00700003,0.993
NA18579	1|1	0,0.000999987,0.999
NA18582	1|1	0,0.011,0.989
NA18592	1|1	1.20001e-05,0.00697603,0.993012
NA18593	1|1	0,0.00999999,0.99
NA18603	1|1	0.000196001,0.034608,0.965196
NA18605	1|1	0,0.000999987,0.999
NA18608	1|1	2.99998e-06,0.00399401,0.996003
NA18609	1|1	0,0.00700003,0.993
NA18611	1|1	0,0,1
NA18612	1|1	1.60001e-05,0.00796802,0.992016
NA18620	1|1	0,0.00199997,0.998
NA18621	1|1	3.19995e-05,0.0179359,0.982032
NA18622	1|1	2.99998e-06,0.00399401,0.996003
NA18623	1|1	7.99991e-06,0.008984,0.991008
NA18624	1|1	0,0.016,0.984
NA18632	1|1	3.00002e-05,0.01294,0.98703
NA18633	1|1	3.59996e-05,0.036928,0.963036
NA18635	1|1	0,0.00199997,0.998
NA18636	1|1	6.40003e-05,0.015872,0.984064
NA18637	1|1	0,0,1
NA18940	1|1	0,0.00300002,0.997
NA18942	1|1	3.20001e-05,0.011936,0.988032
NA18943	1|1	0,0,1
NA18944	1|1	0,0.00400001,0.996
NA18945	1|1	0,0,1
NA18947	1|1	0,0.00199997,0.998
NA18948	1|1	0,0.00300002,0.997
NA18949	1|1	0,0.00700003,0.993
NA18951	1|1	0,0.00300002,0.997
NA18952	1|1	0,0.00300002,0.997
NA18953	1|1	1.39999e-05,0.008972,0.991014
NA18956	1|1	0,0.011,0.989
NA18959	1|1	0,0.015,0.985
NA18960	1|1	0,0.005,0.995
NA18961	1|1	0,0.00400001,0.996
NA18964	1|1	0.004116,0.124768,0.871116
NA18965	1|1	0,0,1
NA18966	1|1	0,0.00400001,0.996
NA18967	1|1	0,0.005,0.995
NA18968	1|1	0,0.026,0.974
NA18969	1|1	1.50001e-05,0.00797002,0.992015
NA18970	1|1	0,0.000999987,0.999
NA18971	1|1	0,0.00300002,0.997
NA18972	1|1	0,0,1
NA18973	1|1	0,0.00300002,0.997
NA18974	1|1	0,0.000999987,0.999
NA18975	1|1	0.00016,0.04368,0.95616
NA18976	1|1	0,0.000999987,0.999
NA18978	1|1	1.49998e-05,0.01597,0.984015
NA18980	1|1	0,0.00300002,0.997
NA18981	1|1	2.99998e-06,0.00399401,0.996003
NA18987	1|1	0,0,1
NA18990	1|1	0,0,1
NA18991	1|1	4.90004e-05,0.0139021,0.986049
NA18992	1|1	2.5e-05,0.00994999,0.990025
NA18994	1|1	0,0.00300002,0.997
NA18995	1|1	0,0,1
NA18997	1|1	1.50001e-05,0.00797002,0.992015
NA18998	1|1	0,0.00300002,0.997
NA18999	1|1	0,0.005,0.995
NA19000	1|1	0,0.00300002,0.997
NA19003	1|1	3.99996e-06,0.004992,0.995004
NA19005	1|1	9.99986e-06,0.00697997,0.99301
NA19007	1|1	0,0,1
NA19012	1|1	0,0,1
