NA18526	1|1	2.5e-05,0.00994999,0.990025
NA18532	1|1	0,0.000999987,0.999
NA18537	0|1	0,1,0
NA18542	1|1	0.00026,0.05648,0.94326
NA18545	1|0	0.027,0.973,0
NA18547	0|0	0.951,0.049,0
NA18550	0|1	0.040768,0.799464,0.159768
NA18552	1|0	0.000999987,0.999,0
NA18555	1|0	0.005,0.995,0
NA18558	0|0	0.289444,0.497112,0.213444
NA18561	1|1	9.99998e-05,0.0198,0.9801
NA18562	1|1	3.9999e-06,0.00399195,0.996004
NA18563	1|1	0.000144001,0.023712,0.976144
NA18564	0|0	1,0,0
NA18566	0|1	0.027,0.973,0
NA18570	0|1	0,1,0
NA18571	1|0	0,1,0
NA18572	1|1	9.99974e-07,0.00199797,0.998001
NA18573	1|0	0,1,0
NA18577	0|0	0.984,0.016,0
NA18579	0|1	0,1,0
NA18582	1|1	0,0.000999987,0.999
NA18592	1|1	0.001104,0.101792,0.897104
NA18593	1|1	0,0.00300002,0.997
NA18603	0|0	1,0,0
NA18605	0|0	1,0,0
NA18608	1|1	0,0,1
NA18609	1|1	0,0,1
NA18611	0|0	1,0,0
NA18612	0|0	1,0,0
NA18620	1|1	0,0,1
NA18621	1|1	0,0,1
NA18622	1|1	0,0,1
NA18623	1|1	0,0,1
NA18624	1|1	0,0,1
NA18632	0|0	0.998001,0.001998,1e-06
NA18633	1|1	1.60001e-05,0.00796802,0.992016
NA18635	1|1	0,0,1
NA18636	1|1	0,0,1
NA18637	1|1	0,0,1
NA18940	1|1	9.00013e-06,0.00598204,0.994009
NA18942	1|1	0,0.07,0.93
NA18943	0|0	1,0,0
NA18944	1|1	0.068121,0.385758,0.546121
NA18945	1|1	0,0,1
NA18947	1|1	0,0.00700003,0.993
NA18948	0|0	1,0,0
NA18949	0|1	0,1,0
NA18951	1|0	0,1,0
NA18952	0|0	0.998001,0.001998,1e-06
NA18953	1|1	0,0,1
NA18956	1|1	0,0,1
NA18959	1|1	0,0,1
NA18960	1|1	3.9999e-06,0.00399195,0.996004
NA18961	1|1	9.99998e-05,0.0198,0.9801
NA18964	1|1	0,0.097,0.903
NA18965	0|0	1,0,0
NA18966	1|1	3.9999e-06,0.00399195,0.996004
NA18967	1|1	2.5e-05,0.00994999,0.990025
NA18968	0|1	0.022954,0.975092,0.001954
NA18969	0|1	0,1,0
NA18970	1|1	9.99998e-05,0.0198,0.9801
NA18971	0|0	1,0,0
NA18972	1|0	0.022,0.978,0
NA18973	1|1	0,0.00400001,0.996
NA18974	0|0	0.976144,0.023712,0.000144
NA18975	1|1	0,0,1
NA18976	1|0	0.012,0.988,0
NA18978	1|1	5.99991e-06,0.00698797,0.993006
NA18980	1|1	0,0.000999987,0.999
NA18981	1|1	0,0.00199997,0.998
NA18987	1|0	0.00800002,0.992,0
NA18990	1|1	0,0,1
NA18991	0|1	0.4,0.6,0
NA18992	0|0	1,0,0
NA18994	1|1	9.00013e-06,0.00598204,0.994009
NA18995	1|1	0,0,1
NA18997	1|1	0,0,1
NA18998	1|0	0,1,0
NA18999	1|0	0.00199997,0.998,0
NA19000	1|1	4.90004e-05,0.0139021,0.986049
NA19003	1|1	0,0,1
NA19005	1|1	0,0,1
NA19007	0|0	1,0,0
NA19012	1|1	0,0,1
