NA06985	0|0	0	1,0,0
NA06991	0|0	0	1,0,0
NA06993	0|0	0	1,0,0
NA06994	1|1	2	0,0,1
NA07000	0|0	0	1,0,0
NA07019	1|1	2	0,0,1
NA07022	1|1	2	0,0,1
NA07029	0|0	0	1,0,0
NA07034	0|0	0	1,0,0
NA07048	0|0	0	1,0,0
NA07055	0|1	1	0,1,0
NA07056	1|0	1	0,1,0
NA07345	0|1	1	0,1,0
NA07348	1|1	2	0,0,1
NA07357	1|1	2	0,0,1
NA10830	0|0	0	1,0,0
NA10831	1|0	1	0,1,0
NA10835	0|0	0	1,0,0
NA10838	0|0	0	1,0,0
NA10839	0|0	0	1,0,0
NA10846	0|0	0	1,0,0
NA10847	0|0	0	1,0,0
NA10851	0|0	0	1,0,0
NA10854	0|0	0.02	0.98,0.02,0
NA10855	0|0	0	1,0,0
NA10856	0|0	0	1,0,0
NA10857	0|0	0	1,0,0
NA10859	1|0	1	0,1,0
NA10860	0|0	0	1,0,0
NA10861	0|0	0	1,0,0
NA10863	0|0	0	1,0,0
NA11829	0|0	0	1,0,0
NA11830	1|0	0.97	0.03,0.97,0
NA11831	0|0	0	1,0,0
NA11832	0|1	1	0,1,0
NA11839	0|0	0	1,0,0
NA11840	0|0	0	1,0,0
NA11881	1|1	2	0,0,1
NA11882	0|0	0	1,0,0
NA11992	0|0	0	1,0,0
NA11993	0|0	0	1,0,0
NA11994	0|0	0	1,0,0
NA11995	0|0	0	1,0,0
NA12003	0|0	0	1,0,0
NA12004	0|0	0	1,0,0
NA12005	0|0	0	1,0,0
NA12006	0|0	0	1,0,0
NA12043	1|1	2	0,0,1
NA12044	1|0	1	0,1,0
NA12056	1|1	2	0,0,1
NA12057	1|0	1	0,1,0
NA12144	0|0	0	1,0,0
NA12145	0|0	0	1,0,0
NA12146	0|0	0	1,0,0
NA12154	0|0	0	1,0,0
NA12155	0|0	0	1,0,0
NA12156	0|0	0	1,0,0
NA12234	0|0	0	1,0,0
NA12236	0|0	0	1,0,0
NA12239	0|0	0	1,0,0
NA12248	0|0	0	1,0,0
NA12249	0|0	0	1,0,0
NA12264	0|0	0	1,0,0
NA12707	0|0	0	1,0,0
NA12716	0|0	0	1,0,0
NA12717	0|0	0	1,0,0
NA12740	0|0	0	1,0,0
NA12750	0|0	0	1,0,0
NA12751	0|0	0	1,0,0
NA12752	0|0	0	1,0,0
NA12753	0|0	0	1,0,0
NA12760	0|0	0	1,0,0
NA12761	0|0	0	1,0,0
NA12762	0|0	0	1,0,0
NA12763	0|1	0.57	0.43,0.57,0
NA12801	0|0	0	1,0,0
NA12802	0|0	0.04	0.96,0.04,0
NA12812	0|0	0	1,0,0
NA12813	0|0	0	1,0,0
NA12814	0|0	0	1,0,0
NA12815	0|0	0	1,0,0
NA12864	0|0	0	1,0,0
NA12865	0|0	0	1,0,0
NA12872	0|0	0	1,0,0
NA12873	0|0	0	1,0,0
NA12874	0|0	0	1,0,0
NA12875	0|0	0	1,0,0
NA12878	0|0	0	1,0,0
NA12891	0|0	0	1,0,0
NA12892	0|0	0	1,0,0
NA20502	0|0	0.27	0.73,0.27,0
NA20504	0|1	1	0,1,0
NA20505	0|0	0	1,0,0
NA20506	0|0	0	1,0,0
NA20508	0|0	0	1,0,0
NA20509	0|0	0	1,0,0
NA20510	0|0	0	1,0,0
NA20512	0|0	0	1,0,0
NA20515	0|0	0.44	0.61,0.34,0.05
NA20516	0|0	0	1,0,0
NA20517	0|0	0	1,0,0
NA20518	0|0	0	1,0,0
NA20519	1|1	2	0,0,1
NA20520	0|0	0	1,0,0
NA20521	0|0	0	1,0,0
NA20522	0|0	0.01	0.99,0.01,0
NA20524	0|0	0.07	0.93,0.06,0
NA20525	0|0	0	1,0,0
NA20527	0|0	0	1,0,0
NA20528	0|0	0	1,0,0
NA20529	0|0	0	1,0,0
NA20530	0|0	0.01	0.99,0.01,0
NA20531	0|0	0	1,0,0
NA20534	0|0	0.9	0.3,0.5,0.2
NA20535	0|0	0	1,0,0
NA20538	0|0	0	1,0,0
NA20539	0|0	0	1,0,0
NA20540	0|0	0.01	0.99,0.01,0
NA20541	0|0	0	1,0,0
NA20542	1|0	0.95	0.05,0.95,0
NA20543	1|0	1.02	0.12,0.74,0.14
NA20544	0|0	0	1,0,0
NA20581	0|0	0	1,0,0
NA20582	0|0	0	1,0,0
NA20585	0|0	0.04	0.96,0.04,0
NA20586	1|1	2	0,0,1
NA20588	1|1	2	0,0,1
NA20589	0|1	1	0,1,0
NA20752	0|0	0	1,0,0
NA20753	0|0	0	1,0,0
NA20754	0|0	0	1,0,0
NA20755	0|0	0	1,0,0
NA20756	0|1	0.98	0.02,0.98,0
NA20757	0|0	0	1,0,0
NA20758	1|1	2	0,0,1
NA20759	0|0	0	1,0,0
NA20760	0|0	0	1,0,0
NA20761	0|1	0.6	0.4,0.6,0
NA20765	1|1	1.3	0.12,0.45,0.42
NA20766	1|0	0.75	0.25,0.75,0
NA20768	0|0	0	1,0,0
NA20769	0|1	1	0,1,0
NA20770	0|0	0	1,0,0
NA20771	0|0	0	1,0,0
NA20772	1|0	1	0,1,0
NA20773	0|0	0	1,0,0
NA20774	0|0	0	1,0,0
NA20778	1|1	2	0,0,1
NA20783	0|0	0.01	0.99,0.01,0
NA20785	0|0	0	1,0,0
NA20786	0|1	1	0,1,0
NA20787	0|0	0	1,0,0
NA20790	0|0	0	1,0,0
NA20792	0|0	0	1,0,0
NA20795	1|0	1	0,1,0
NA20796	1|1	2	0,0,1
NA20797	0|0	0	1,0,0
NA20798	0|0	0.08	0.92,0.08,0
NA20799	0|0	0	1,0,0
NA20800	0|0	0	1,0,0
NA20801	0|0	0	1,0,0
NA20802	0|0	0	1,0,0
NA20803	0|0	0	1,0,0
NA20804	0|0	0	1,0,0
NA20805	0|0	0	1,0,0
NA20806	0|0	0	1,0,0
NA20807	1|0	1	0,1,0
NA20808	0|0	0	1,0,0
NA20809	0|0	0	1,0,0
NA20810	0|0	0	1,0,0
NA20811	0|0	0.23	0.78,0.21,0.01
NA20812	0|0	0	1,0,0
NA20813	0|0	0	1,0,0
NA20815	1|1	1.86	0,0.14,0.86
NA20818	0|0	0	1,0,0
NA20819	0|0	0	1,0,0
NA20826	0|0	0	1,0,0
NA20828	0|0	0	1,0,0
