NA18498	0|0	0	1,0,0
NA18500	1|1	2	0,0,1
NA18501	1|1	2	0,0,1
NA18502	1|1	2	0,0,1
NA18503	1|1	2	0,0,1
NA18504	1|1	2	0,0,1
NA18505	1|1	2	0,0,1
NA18506	1|1	2	0,0,1
NA18507	1|0	0.73	0.27,0.73,0
NA18508	1|1	2	0,0,1
NA18515	0|0	0	1,0,0
NA18516	1|1	1.98	0,0.02,0.98
NA18517	0|1	1	0,1,0
NA18519	0|0	0	1,0,0
NA18521	1|1	2	0,0,1
NA18522	0|0	0	1,0,0
NA18523	1|0	1	0,1,0
NA18852	1|1	2	0,0,1
NA18853	1|1	2	0,0,1
NA18854	1|1	2	0,0,1
NA18855	0|0	0	1,0,0
NA18856	1|1	2	0,0,1
NA18857	0|0	0	1,0,0
NA18858	1|1	2	0,0,1
NA18859	0|0	0	1,0,0
NA18860	1|1	2	0,0,1
NA18861	1|0	1.3	0,0.7,0.3
NA18862	0|0	0	1,0,0
NA18863	1|1	2	0,0,1
NA18867	0|1	1	0,1,0
NA18870	0|1	1	0,1,0
NA18871	0|0	0	1,0,0
NA18872	0|0	0	1,0,0
NA18910	1|1	2	0,0,1
NA18912	1|1	2	0,0,1
NA18913	1|1	2	0,0,1
NA18914	1|1	2	0,0,1
NA19027	1|1	2	0,0,1
NA19028	0|0	0	1,0,0
NA19031	1|1	2	0,0,1
NA19035	0|0	0.69	0.42,0.46,0.11
NA19036	1|1	2	0,0,1
NA19038	1|1	1.82	0.01,0.17,0.82
NA19041	0|0	0	1,0,0
NA19092	0|0	0	1,0,0
NA19093	1|1	2	0,0,1
NA19094	1|0	1	0,1,0
NA19098	1|0	1	0,1,0
NA19099	1|1	2	0,0,1
NA19100	0|1	1	0,1,0
NA19101	1|1	2	0,0,1
NA19102	0|0	0	1,0,0
NA19103	0|0	0	1,0,0
NA19108	0|0	0.43	0.57,0.43,0
NA19116	1|0	1	0,1,0
NA19118	0|1	1	0,1,0
NA19119	1|1	2	0,0,1
NA19120	0|0	0	1,0,0
NA19127	0|1	1	0,1,0
NA19128	0|0	0	1,0,0
NA19129	0|0	0	1,0,0
NA19130	0|0	0	1,0,0
NA19131	0|1	1	0,1,0
NA19132	1|0	1	0,1,0
NA19137	0|0	0.02	0.98,0.02,0
NA19138	1|1	2	0,0,1
NA19139	0|0	0	1,0,0
NA19140	1|0	1	0,1,0
NA19141	1|1	2	0,0,1
NA19142	0|0	0	1,0,0
NA19143	1|1	2	0,0,1
NA19144	0|0	0.05	0.95,0.05,0
NA19145	1|1	2	0,0,1
NA19146	0|0	0	1,0,0
NA19150	1|1	1.6	0.01,0.38,0.61
NA19152	1|1	2	0,0,1
NA19153	1|1	2	0,0,1
NA19154	1|1	2	0,0,1
NA19159	1|1	2	0,0,1
NA19160	0|0	0	1,0,0
NA19161	1|1	2	0,0,1
NA19171	1|1	2	0,0,1
NA19172	1|1	2	0,0,1
NA19173	1|1	2	0,0,1
NA19189	0|0	0	1,0,0
NA19200	0|0	0	1,0,0
NA19201	1|0	1	0,1,0
NA19202	1|0	1	0,1,0
NA19203	1|1	2	0,0,1
NA19204	0|1	1	0,1,0
NA19205	0|0	0	1,0,0
NA19206	0|1	1	0,1,0
NA19207	1|1	2	0,0,1
NA19208	1|1	2	0,0,1
NA19209	0|1	1	0,1,0
NA19210	0|0	0	1,0,0
NA19211	0|0	0	1,0,0
NA19213	0|0	0	1,0,0
NA19221	1|1	2	0,0,1
NA19222	1|1	2	0,0,1
NA19223	1|1	2	0,0,1
NA19238	1|1	2	0,0,1
NA19239	1|1	2	0,0,1
NA19240	1|1	2	0,0,1
NA19307	0|1	1	0,1,0
NA19308	1|1	2	0,0,1
NA19309	0|0	0	1,0,0
NA19310	1|1	2	0,0,1
NA19314	1|1	2	0,0,1
NA19315	1|0	1.02	0,0.98,0.02
NA19316	1|1	2	0,0,1
NA19317	1|1	2	0,0,1
NA19319	0|0	0.38	0.65,0.32,0.03
NA19321	0|0	0.21	0.79,0.21,0
NA19324	1|1	2	0,0,1
NA19327	1|1	2	0,0,1
NA19328	1|1	1.81	0,0.19,0.81
NA19332	1|1	2	0,0,1
NA19334	1|1	2	0,0,1
NA19346	1|1	2	0,0,1
NA19347	1|1	2	0,0,1
NA19350	0|0	0	1,0,0
NA19360	1|1	2	0,0,1
NA19372	1|1	2	0,0,1
NA19374	1|1	2	0,0,1
NA19375	0|0	0	1,0,0
NA19376	1|1	2	0,0,1
NA19377	1|1	2	0,0,1
NA19379	1|0	1.01	0.01,0.97,0.02
NA19380	0|0	0	1,0,0
NA19384	0|0	0	1,0,0
NA19385	0|0	0	1,0,0
NA19390	1|1	2	0,0,1
NA19391	0|1	1	0,1,0
NA19393	0|0	0	1,0,0
NA19394	1|1	2	0,0,1
NA19397	0|0	0.27	0.73,0.27,0
NA19399	1|0	0.82	0.18,0.82,0
NA19403	0|0	0.01	0.99,0.01,0
NA19404	1|1	2	0,0,1
NA19428	0|0	0	1,0,0
NA19429	0|0	0	1,0,0
NA19430	0|0	0	1,0,0
NA19431	0|1	1	0,1,0
NA19434	0|1	1	0,1,0
NA19435	0|0	0	1,0,0
NA19436	0|1	0.7	0.3,0.7,0
NA19437	0|1	1	0,1,0
NA19438	1|1	2	0,0,1
NA19439	0|1	1	0,1,0
NA19440	1|1	2	0,0,1
NA19443	1|1	2	0,0,1
NA19445	0|1	1	0,1,0
NA19446	1|0	1.01	0,0.99,0.01
NA19448	1|1	1.94	0,0.06,0.94
NA19449	1|1	1.68	0,0.32,0.68
NA19451	1|1	2	0,0,1
NA19452	1|1	1.72	0.02,0.24,0.74
NA19455	0|0	0.01	0.99,0.01,0
NA19456	1|1	2	0,0,1
NA19457	0|1	1	0,1,0
NA19462	1|0	1	0,1,0
NA19463	1|0	1.01	0,0.99,0.01
NA19466	0|0	0	1,0,0
NA19467	1|1	1.95	0,0.05,0.95
NA19468	0|0	0	1,0,0
NA19471	1|0	0.52	0.48,0.52,0
NA19472	0|1	1	0,1,0
NA19473	0|1	1	0,1,0
NA19474	1|0	1.03	0,0.97,0.03
NA06985	0|0	0	1,0,0
NA06991	0|0	0	1,0,0
NA06993	0|0	0	1,0,0
NA06994	1|1	2	0,0,1
NA07000	0|0	0	1,0,0
NA07019	1|1	2	0,0,1
NA07022	1|1	2	0,0,1
NA07029	0|0	0	1,0,0
NA07034	0|0	0	1,0,0
NA07048	0|0	0	1,0,0
NA07055	0|1	1	0,1,0
NA07056	1|0	1	0,1,0
NA07345	0|1	1	0,1,0
NA07348	1|1	2	0,0,1
NA07357	1|1	2	0,0,1
NA10830	0|0	0	1,0,0
NA10831	1|0	1	0,1,0
NA10835	0|0	0	1,0,0
NA10838	0|0	0	1,0,0
NA10839	0|0	0	1,0,0
NA10846	0|0	0	1,0,0
NA10847	0|0	0	1,0,0
NA10851	0|0	0	1,0,0
NA10854	0|0	0.02	0.98,0.02,0
NA10855	0|0	0	1,0,0
NA10856	0|0	0	1,0,0
NA10857	0|0	0	1,0,0
NA10859	1|0	1	0,1,0
NA10860	0|0	0	1,0,0
NA10861	0|0	0	1,0,0
NA10863	0|0	0	1,0,0
NA11829	0|0	0	1,0,0
NA11830	1|0	0.97	0.03,0.97,0
NA11831	0|0	0	1,0,0
NA11832	0|1	1	0,1,0
NA11839	0|0	0	1,0,0
NA11840	0|0	0	1,0,0
NA11881	1|1	2	0,0,1
NA11882	0|0	0	1,0,0
NA11992	0|0	0	1,0,0
NA11993	0|0	0	1,0,0
NA11994	0|0	0	1,0,0
NA11995	0|0	0	1,0,0
NA12003	0|0	0	1,0,0
NA12004	0|0	0	1,0,0
NA12005	0|0	0	1,0,0
NA12006	0|0	0	1,0,0
NA12043	1|1	2	0,0,1
NA12044	1|0	1	0,1,0
NA12056	1|1	2	0,0,1
NA12057	1|0	1	0,1,0
NA12144	0|0	0	1,0,0
NA12145	0|0	0	1,0,0
NA12146	0|0	0	1,0,0
NA12154	0|0	0	1,0,0
NA12155	0|0	0	1,0,0
NA12156	0|0	0	1,0,0
NA12234	0|0	0	1,0,0
NA12236	0|0	0	1,0,0
NA12239	0|0	0	1,0,0
NA12248	0|0	0	1,0,0
NA12249	0|0	0	1,0,0
NA12264	0|0	0	1,0,0
NA12707	0|0	0	1,0,0
NA12716	0|0	0	1,0,0
NA12717	0|0	0	1,0,0
NA12740	0|0	0	1,0,0
NA12750	0|0	0	1,0,0
NA12751	0|0	0	1,0,0
NA12752	0|0	0	1,0,0
NA12753	0|0	0	1,0,0
NA12760	0|0	0	1,0,0
NA12761	0|0	0	1,0,0
NA12762	0|0	0	1,0,0
NA12763	0|1	0.57	0.43,0.57,0
NA12801	0|0	0	1,0,0
NA12802	0|0	0.04	0.96,0.04,0
NA12812	0|0	0	1,0,0
NA12813	0|0	0	1,0,0
NA12814	0|0	0	1,0,0
NA12815	0|0	0	1,0,0
NA12864	0|0	0	1,0,0
NA12865	0|0	0	1,0,0
NA12872	0|0	0	1,0,0
NA12873	0|0	0	1,0,0
NA12874	0|0	0	1,0,0
NA12875	0|0	0	1,0,0
NA12878	0|0	0	1,0,0
NA12891	0|0	0	1,0,0
NA12892	0|0	0	1,0,0
NA20502	0|0	0.27	0.73,0.27,0
NA20504	0|1	1	0,1,0
NA20505	0|0	0	1,0,0
NA20506	0|0	0	1,0,0
NA20508	0|0	0	1,0,0
NA20509	0|0	0	1,0,0
NA20510	0|0	0	1,0,0
NA20512	0|0	0	1,0,0
NA20515	0|0	0.44	0.61,0.34,0.05
NA20516	0|0	0	1,0,0
NA20517	0|0	0	1,0,0
NA20518	0|0	0	1,0,0
NA20519	1|1	2	0,0,1
NA20520	0|0	0	1,0,0
NA20521	0|0	0	1,0,0
NA20522	0|0	0.01	0.99,0.01,0
NA20524	0|0	0.07	0.93,0.06,0
NA20525	0|0	0	1,0,0
NA20527	0|0	0	1,0,0
NA20528	0|0	0	1,0,0
NA20529	0|0	0	1,0,0
NA20530	0|0	0.01	0.99,0.01,0
NA20531	0|0	0	1,0,0
NA20534	0|0	0.9	0.3,0.5,0.2
NA20535	0|0	0	1,0,0
NA20538	0|0	0	1,0,0
NA20539	0|0	0	1,0,0
NA20540	0|0	0.01	0.99,0.01,0
NA20541	0|0	0	1,0,0
NA20542	1|0	0.95	0.05,0.95,0
NA20543	1|0	1.02	0.12,0.74,0.14
NA20544	0|0	0	1,0,0
NA20581	0|0	0	1,0,0
NA20582	0|0	0	1,0,0
NA20585	0|0	0.04	0.96,0.04,0
NA20586	1|1	2	0,0,1
NA20588	1|1	2	0,0,1
NA20589	0|1	1	0,1,0
NA20752	0|0	0	1,0,0
NA20753	0|0	0	1,0,0
NA20754	0|0	0	1,0,0
NA20755	0|0	0	1,0,0
NA20756	0|1	0.98	0.02,0.98,0
NA20757	0|0	0	1,0,0
NA20758	1|1	2	0,0,1
NA20759	0|0	0	1,0,0
NA20760	0|0	0	1,0,0
NA20761	0|1	0.6	0.4,0.6,0
NA20765	1|1	1.3	0.12,0.45,0.42
NA20766	1|0	0.75	0.25,0.75,0
NA20768	0|0	0	1,0,0
NA20769	0|1	1	0,1,0
NA20770	0|0	0	1,0,0
NA20771	0|0	0	1,0,0
NA20772	1|0	1	0,1,0
NA20773	0|0	0	1,0,0
NA20774	0|0	0	1,0,0
NA20778	1|1	2	0,0,1
NA20783	0|0	0.01	0.99,0.01,0
NA20785	0|0	0	1,0,0
NA20786	0|1	1	0,1,0
NA20787	0|0	0	1,0,0
NA20790	0|0	0	1,0,0
NA20792	0|0	0	1,0,0
NA20795	1|0	1	0,1,0
NA20796	1|1	2	0,0,1
NA20797	0|0	0	1,0,0
NA20798	0|0	0.08	0.92,0.08,0
NA20799	0|0	0	1,0,0
NA20800	0|0	0	1,0,0
NA20801	0|0	0	1,0,0
NA20802	0|0	0	1,0,0
NA20803	0|0	0	1,0,0
NA20804	0|0	0	1,0,0
NA20805	0|0	0	1,0,0
NA20806	0|0	0	1,0,0
NA20807	1|0	1	0,1,0
NA20808	0|0	0	1,0,0
NA20809	0|0	0	1,0,0
NA20810	0|0	0	1,0,0
NA20811	0|0	0.23	0.78,0.21,0.01
NA20812	0|0	0	1,0,0
NA20813	0|0	0	1,0,0
NA20815	1|1	1.86	0,0.14,0.86
NA20818	0|0	0	1,0,0
NA20819	0|0	0	1,0,0
NA20826	0|0	0	1,0,0
NA20828	0|0	0	1,0,0
NA18526	0|0	0.06	0.94,0.06,0
NA18532	0|1	1	0,1,0
NA18537	0|0	0.37	0.63,0.37,0
NA18542	0|1	1.04	0,0.96,0.04
NA18545	1|0	1	0,1,0
NA18547	0|1	0.8	0.2,0.8,0
NA18550	0|0	0	1,0,0
NA18552	0|0	0	1,0,0
NA18555	0|0	0	1,0,0
NA18558	0|0	0	1,0,0
NA18561	1|1	1.89	0,0.1,0.9
NA18562	0|0	0	1,0,0
NA18563	1|1	2	0,0,1
NA18564	1|1	2	0,0,1
NA18566	0|0	0	1,0,0
NA18570	0|0	0	1,0,0
NA18571	1|1	2	0,0,1
NA18572	1|1	2	0,0,1
NA18573	1|1	1.67	0,0.33,0.67
NA18577	0|1	1.31	0,0.69,0.31
NA18579	1|0	0.99	0.01,0.99,0
NA18582	1|0	1	0,1,0
NA18592	0|1	1	0,1,0
NA18593	0|1	0.94	0.06,0.94,0
NA18603	0|0	0	1,0,0
NA18605	1|1	2	0,0,1
NA18608	1|1	1.98	0,0.02,0.98
NA18609	1|1	2	0,0,1
NA18611	0|0	0	1,0,0
NA18612	0|0	0	1,0,0
NA18620	1|1	2	0,0,1
NA18621	0|0	0	1,0,0
NA18622	1|1	2	0,0,1
NA18623	0|0	0	1,0,0
NA18624	1|0	1	0,1,0
NA18632	0|0	0	1,0,0
NA18633	1|1	2	0,0,1
NA18635	1|1	2	0,0,1
NA18636	0|0	0	1,0,0
NA18637	1|1	2	0,0,1
NA18940	1|1	2	0,0,1
NA18942	1|1	2	0,0,1
NA18943	1|1	1.92	0,0.08,0.92
NA18944	0|0	0.24	0.77,0.22,0.01
NA18945	1|1	2	0,0,1
NA18947	1|1	1.93	0,0.07,0.93
NA18948	1|1	1.02	0.24,0.5,0.26
NA18949	1|1	2	0,0,1
NA18951	1|0	0.97	0.03,0.97,0
NA18952	0|0	0	1,0,0
NA18953	0|0	0	1,0,0
NA18956	1|1	1.99	0,0.01,0.99
NA18959	1|1	2	0,0,1
NA18960	1|1	2	0,0,1
NA18961	0|0	0.12	0.88,0.12,0
NA18964	1|1	2	0,0,1
NA18965	0|0	0	1,0,0
NA18966	0|0	0	1,0,0
NA18967	1|1	2	0,0,1
NA18968	1|1	1.88	0,0.12,0.88
NA18969	1|1	2	0,0,1
NA18970	1|1	2	0,0,1
NA18971	1|1	2	0,0,1
NA18972	0|1	1	0,1,0
NA18973	0|1	1	0,1,0
NA18974	1|1	2	0,0,1
NA18975	0|1	1	0,1,0
NA18976	0|1	1	0,1,0
NA18978	1|1	1.91	0,0.09,0.91
NA18980	0|1	0.87	0.26,0.6,0.14
NA18981	1|1	2	0,0,1
NA18987	0|1	1	0,1,0
NA18990	1|1	1.43	0.08,0.41,0.51
NA18991	1|1	1.99	0,0.01,0.99
NA18992	1|1	1.56	0,0.44,0.56
NA18994	1|1	2	0,0,1
NA18995	0|0	0.13	0.87,0.12,0
NA18997	1|0	1.32	0,0.68,0.32
NA18998	1|0	1	0,1,0
NA18999	1|1	2	0,0,1
NA19000	1|1	2	0,0,1
NA19003	0|1	1	0,1,0
NA19005	1|1	1.98	0,0.02,0.98
NA19007	1|1	1.98	0,0.02,0.98
NA19012	1|1	2	0,0,1
