NA18498	1|1	2	0,0,1
NA18502	0|0	0	1,0,0
NA18505	1|0	1.04	0,0.96,0.04
NA18507	1|1	2	0,0,1
NA18508	1|1	2	0,0,1
NA18517	1|1	2	0,0,1
NA18519	1|1	2	0,0,1
NA18867	0|1	1	0,1,0
NA18870	0|1	1	0,1,0
NA18910	1|1	2	0,0,1
NA19092	1|1	2	0,0,1
NA19098	1|1	2	0,0,1
NA19099	1|1	2	0,0,1
NA19102	0|0	0	1,0,0
NA19108	1|1	2	0,0,1
NA19118	0|0	0.21	0.79,0.21,0
NA19119	1|1	2	0,0,1
NA19129	0|1	1	0,1,0
NA19130	0|0	0	1,0,0
NA19141	1|1	2	0,0,1
NA19146	1|1	2	0,0,1
NA19150	1|1	2	0,0,1
NA19152	1|0	1	0,1,0
NA19160	1|1	2	0,0,1
NA19171	0|0	0	1,0,0
NA19189	0|0	0	1,0,0
NA19204	0|1	1	0,1,0
NA19206	0|0	0	1,0,0
NA19207	1|1	2	0,0,1
NA19209	0|1	1.1	0,0.9,0.1
NA19213	0|0	0	1,0,0
NA19240	1|0	1.18	0,0.82,0.18
