NA06985	1|1	2	0,0,1
NA06991	1|1	2	0,0,1
NA06993	1|0	1	0,1,0
NA06994	0|0	0	1,0,0
NA07000	0|0	0	1,0,0
NA07019	0|0	0	1,0,0
NA07022	0|0	0.02	0.98,0.02,0
NA07029	0|0	0	1,0,0
NA07034	0|1	1	0,1,0
NA07048	0|1	1	0,1,0
NA07055	0|1	1	0,1,0
NA07056	0|1	1	0,1,0
NA07345	1|0	1	0,1,0
NA07348	0|1	1	0,1,0
NA07357	1|1	2	0,0,1
NA10830	1|0	1	0,1,0
NA10831	0|1	1	0,1,0
NA10835	1|0	1	0,1,0
NA10838	1|1	2	0,0,1
NA10839	0|0	0	1,0,0
NA10846	0|1	0.97	0.03,0.97,0
NA10847	1|0	1	0,1,0
NA10851	0|1	1	0,1,0
NA10854	0|0	0	1,0,0
NA10855	0|1	1	0,1,0
NA10856	0|1	1	0,1,0
NA10857	1|1	2	0,0,1
NA10859	1|0	1	0,1,0
NA10860	1|1	2	0,0,1
NA10861	1|1	2	0,0,1
NA10863	0|0	0	1,0,0
NA11829	0|1	0.98	0.02,0.98,0
NA11830	1|1	1.99	0,0.01,0.99
NA11831	1|0	1	0,1,0
NA11832	1|0	1	0,1,0
NA11839	1|0	1	0,1,0
NA11840	0|0	0.11	0.89,0.11,0
NA11881	0|0	0	1,0,0
NA11882	0|1	1.19	0,0.81,0.19
NA11992	1|1	2	0,0,1
NA11993	1|1	2	0,0,1
NA11994	1|1	2	0,0,1
NA11995	1|0	1	0,1,0
NA12003	1|1	2	0,0,1
NA12004	1|0	1	0,1,0
NA12005	0|1	0.8	0.2,0.8,0
NA12006	1|0	0.93	0.07,0.93,0
NA12043	1|1	2	0,0,1
NA12044	1|1	2	0,0,1
NA12056	1|0	1	0,1,0
NA12057	0|1	1	0,1,0
NA12144	1|1	2	0,0,1
NA12145	0|1	1	0,1,0
NA12146	1|0	1	0,1,0
NA12154	1|0	0.65	0.35,0.65,0
NA12155	0|1	1	0,1,0
NA12156	0|0	0	1,0,0
NA12234	0|0	0	1,0,0
NA12236	0|1	1	0,1,0
NA12239	0|1	0.92	0.08,0.92,0
NA12248	1|1	2	0,0,1
NA12249	0|0	0.18	0.82,0.18,0
NA12264	0|0	0	1,0,0
NA12707	0|1	1	0,1,0
NA12716	0|0	0	1,0,0
NA12717	1|1	2	0,0,1
NA12740	0|0	0	1,0,0
NA12750	0|0	0	1,0,0
NA12751	1|0	1	0,1,0
NA12752	0|1	1	0,1,0
NA12753	1|0	1	0,1,0
NA12760	0|0	0	1,0,0
NA12761	1|0	1.49	0,0.51,0.49
NA12762	1|0	1.14	0,0.86,0.14
NA12763	0|0	0.01	0.99,0.01,0
NA12801	0|0	0	1,0,0
NA12802	0|1	1	0,1,0
NA12812	0|0	0	1,0,0
NA12813	0|1	1	0,1,0
NA12814	0|1	1	0,1,0
NA12815	1|1	2	0,0,1
NA12864	1|0	1	0,1,0
NA12865	1|0	1	0,1,0
NA12872	0|0	0	1,0,0
NA12873	1|0	1.02	0,0.98,0.02
NA12874	1|0	1	0,1,0
NA12875	0|0	0	1,0,0
NA12878	0|0	0	1,0,0
NA12891	0|1	1	0,1,0
NA12892	0|1	0.97	0.03,0.97,0
NA20502	1|1	1.79	0.01,0.19,0.8
NA20504	1|0	1	0,1,0
NA20505	0|0	0.35	0.65,0.35,0
NA20506	0|1	1	0,1,0
NA20508	1|0	1	0,1,0
NA20509	0|1	1	0,1,0
NA20510	1|1	2	0,0,1
NA20512	0|1	1	0,1,0
NA20515	0|1	1	0,1,0
NA20516	1|1	1.69	0,0.31,0.69
NA20517	1|0	1	0,1,0
NA20518	0|0	0.01	0.99,0.01,0
NA20519	0|0	0	1,0,0
NA20520	0|0	0.02	0.98,0.02,0
NA20521	0|1	0.98	0.03,0.96,0.01
NA20522	0|0	0.01	0.99,0.01,0
NA20524	1|1	2	0,0,1
NA20525	0|0	0.4	0.6,0.4,0
NA20527	0|0	0	1,0,0
NA20528	0|0	0	1,0,0
NA20529	0|0	0.22	0.78,0.22,0
NA20530	1|1	2	0,0,1
NA20531	1|0	1	0,1,0
NA20534	0|0	0	1,0,0
NA20535	1|1	2	0,0,1
NA20538	0|0	0	1,0,0
NA20539	1|1	2	0,0,1
NA20540	1|0	1	0,1,0
NA20541	0|1	1.05	0,0.95,0.05
NA20542	0|1	0.98	0.02,0.98,0
NA20543	1|0	0.74	0.26,0.74,0
NA20544	0|0	0	1,0,0
NA20581	0|1	0.6	0.4,0.6,0
NA20582	0|1	1.01	0,0.99,0.01
NA20585	1|0	1	0,1,0
NA20586	0|0	0	1,0,0
NA20588	0|1	1	0,1,0
NA20589	1|1	2	0,0,1
NA20752	0|1	1	0,1,0
NA20753	1|0	1	0,1,0
NA20754	1|1	1.9	0,0.1,0.9
NA20755	0|0	0.17	0.83,0.17,0
NA20756	1|0	1.25	0,0.75,0.25
NA20757	0|0	0	1,0,0
NA20758	1|0	1	0,1,0
NA20759	1|1	2	0,0,1
NA20760	0|1	1	0,1,0
NA20761	1|0	1	0,1,0
NA20765	0|0	0	1,0,0
NA20766	0|0	0	1,0,0
NA20768	0|1	1	0,1,0
NA20769	1|1	2	0,0,1
NA20770	1|1	2	0,0,1
NA20771	0|0	0	1,0,0
NA20772	1|1	2	0,0,1
NA20773	1|1	2	0,0,1
NA20774	0|1	1	0,1,0
NA20778	1|0	1	0,1,0
NA20783	1|0	1.02	0,0.98,0.02
NA20785	0|1	1	0,1,0
NA20786	0|0	0	1,0,0
NA20787	1|0	0.89	0.3,0.51,0.19
NA20790	0|0	0	1,0,0
NA20792	1|0	1	0,1,0
NA20795	1|0	1	0,1,0
NA20796	1|0	1.18	0.04,0.75,0.21
NA20797	1|0	1	0,1,0
NA20798	0|0	0	1,0,0
NA20799	0|0	0	1,0,0
NA20800	0|0	0	1,0,0
NA20801	0|0	0	1,0,0
NA20802	0|1	0.76	0.24,0.76,0
NA20803	0|1	1	0,1,0
NA20804	0|1	1	0,1,0
NA20805	1|0	1	0,1,0
NA20806	1|1	2	0,0,1
NA20807	1|1	2	0,0,1
NA20808	1|1	2	0,0,1
NA20809	1|0	0.98	0.02,0.98,0
NA20810	0|1	0.93	0.07,0.93,0
NA20811	1|0	1	0,1,0
NA20812	0|1	0.82	0.18,0.82,0
NA20813	0|1	1	0,1,0
NA20815	0|1	1	0,1,0
NA20818	0|0	0	1,0,0
NA20819	0|1	1	0,1,0
NA20826	0|1	1	0,1,0
NA20828	1|0	1	0,1,0
