NA18498	1|1	2	0,0,1
NA18502	1|0	1	0,1,0
NA18505	0|0	0.01	0.99,0.01,0
NA18507	1|1	2	0,0,1
NA18508	1|1	2	0,0,1
NA18517	0|0	0	1,0,0
NA18519	0|0	0	1,0,0
NA18867	0|1	1	0,1,0
NA18870	0|1	1	0,1,0
NA18910	1|1	2	0,0,1
NA19092	0|1	0.84	0.16,0.84,0
NA19098	0|0	0	1,0,0
NA19099	1|0	1	0,1,0
NA19102	1|0	0.55	0.47,0.51,0.02
NA19108	0|0	0.05	0.95,0.05,0
NA19118	0|0	0	1,0,0
NA19119	0|0	0	1,0,0
NA19129	1|1	2	0,0,1
NA19130	0|0	0	1,0,0
NA19141	0|0	0	1,0,0
NA19146	1|1	1.92	0,0.08,0.92
NA19150	1|1	2	0,0,1
NA19152	0|1	1	0,1,0
NA19160	1|1	2	0,0,1
NA19171	0|0	0	1,0,0
NA19204	1|1	2	0,0,1
NA19206	0|1	1	0,1,0
NA19207	0|0	0	1,0,0
NA19209	0|1	0.87	0.13,0.87,0
NA19213	0|0	0	1,0,0
NA19240	0|0	0	1,0,0
NA11829	0|0	0.4	0.6,0.4,0
NA11830	1|0	1.02	0,0.98,0.02
NA11831	0|0	0	1,0,0
NA11832	1|1	2	0,0,1
NA11840	0|0	0	1,0,0
NA11881	0|0	0	1,0,0
NA11994	0|0	0	1,0,0
NA11995	1|0	1	0,1,0
NA12004	0|1	1	0,1,0
NA12005	1|1	2	0,0,1
NA12043	1|1	2	0,0,1
NA12044	0|0	0.1	0.9,0.1,0
NA12144	1|1	2	0,0,1
NA12154	0|0	0	1,0,0
NA12155	0|0	0	1,0,0
NA12156	0|0	0.01	0.99,0.01,0
NA12234	0|0	0	1,0,0
NA12717	1|1	1.97	0,0.03,0.97
NA12750	0|0	0	1,0,0
NA12760	0|0	0	1,0,0
NA12761	0|1	1	0,1,0
NA12762	1|1	1.82	0.01,0.17,0.83
NA12763	1|0	0.69	0.31,0.69,0
NA12812	1|1	2	0,0,1
NA12813	0|0	0	1,0,0
NA12814	0|0	0	1,0,0
NA12815	0|1	1	0,1,0
NA12872	0|0	0	1,0,0
NA12873	0|0	0	1,0,0
NA12874	1|1	2	0,0,1
NA12878	0|0	0	1,0,0
NA18526	1|0	0.86	0.14,0.85,0
NA18537	1|1	1.99	0,0.01,0.99
NA18550	0|1	1.26	0.12,0.5,0.38
NA18555	1|1	1.98	0,0.02,0.98
NA18562	0|0	0	1,0,0
NA18563	0|0	0	1,0,0
NA18582	1|1	1.84	0,0.15,0.85
NA18603	0|0	0	1,0,0
NA18606	1|1	2	0,0,1
NA18621	1|1	1.67	0.03,0.28,0.7
NA18622	1|1	1.7	0.02,0.25,0.72
NA18628	1|1	1.97	0,0.03,0.97
NA18632	0|0	0	1,0,0
NA18636	0|1	0.77	0.24,0.75,0.01
NA18647	1|1	2	0,0,1
NA18942	0|1	1	0,1,0
NA18945	1|1	1.88	0,0.11,0.88
NA18947	1|0	0.96	0.04,0.96,0
NA18951	1|0	1.32	0,0.68,0.32
NA18952	1|1	2	0,0,1
NA18953	0|0	0.35	0.66,0.33,0.01
NA18956	1|0	1	0,1,0
NA18965	1|1	2	0,0,1
NA18970	1|1	2	0,0,1
NA18973	1|0	0.99	0.01,0.99,0
NA18977	1|1	1.95	0,0.05,0.95
NA18987	1|1	1.99	0,0.01,0.99
NA18990	1|1	1.87	0,0.12,0.88
NA18995	0|0	0	1,0,0
NA19003	0|0	0	1,0,0
NA19010	1|0	1	0,1,0
