NA06985	1|1	0,0,1
NA06991	1|0	0,1,0
NA06993	0|1	0,1,0
NA06994	1|0	0,1,0
NA07000	1|1	0,0.00199997,0.998
NA07019	1|1	0,0.00300002,0.997
NA07022	1|1	0,0.000999987,0.999
NA07029	1|1	0,0,1
NA07034	1|1	0,0.000999987,0.999
NA07048	1|0	0,1,0
NA07055	1|0	0.00199997,0.998,0
NA07056	1|1	0,0.000999987,0.999
NA07345	1|0	0,1,0
NA07348	1|1	0,0,1
NA07357	0|1	0,1,0
NA10830	1|1	0,0.000999987,0.999
NA10831	1|1	0,0,1
NA10835	1|1	0,0.005,0.995
NA10838	0|0	0.998001,0.001998,1e-06
NA10839	1|0	0.000999987,0.999,0
NA10846	1|0	0,1,0
NA10847	1|0	0,1,0
NA10851	1|0	0,1,0
NA10854	0|1	0,1,0
NA10855	0|0	1,0,0
NA10856	1|0	0,1,0
NA10857	1|0	0,1,0
NA10859	0|1	0,1,0
NA10860	1|0	0,1,0
NA10861	0|1	0,1,0
NA10863	1|0	0,1,0
NA11829	0|0	1,0,0
NA11830	1|0	0,1,0
NA11831	1|0	0,1,0
NA11832	0|0	1,0,0
NA11839	0|0	1,0,0
NA11840	0|1	0,0.999,0.001
NA11881	1|0	0,1,0
NA11882	0|0	1,0,0
NA11992	1|1	0,0.00300002,0.997
NA11993	0|0	1,0,0
NA11994	1|1	0,0.00199997,0.998
NA11995	1|0	0,1,0
NA12003	0|1	0.00300002,0.997,0
NA12004	0|0	1,0,0
NA12005	0|0	1,0,0
NA12006	1|0	0,1,0
NA12043	1|0	0.00199997,0.998,0
NA12044	1|1	0,0,1
NA12056	0|1	0,1,0
NA12057	0|0	1,0,0
NA12144	0|1	0.000999987,0.999,0
NA12145	0|1	0,1,0
NA12146	0|0	1,0,0
NA12154	0|1	0.00300002,0.997,0
NA12155	1|1	0,0.00300002,0.997
NA12156	1|1	0,0.00400001,0.996
NA12234	0|1	0.000999987,0.999,0
NA12236	1|0	0.000999987,0.999,0
NA12239	1|1	0,0,1
NA12248	1|1	0,0,1
NA12249	1|0	0,1,0
NA12264	1|0	0,1,0
NA12707	1|1	0,0,1
NA12716	1|0	0,1,0
NA12717	0|1	0,0.999,0.001
NA12740	1|0	0.00300002,0.997,0
NA12750	1|0	0,1,0
NA12751	0|0	1,0,0
NA12752	0|0	1,0,0
NA12753	1|1	0,0,1
NA12760	0|0	1,0,0
NA12761	0|0	1,0,0
NA12762	1|1	0,0.000999987,0.999
NA12763	1|0	0,0.999,0.001
NA12801	0|0	1,0,0
NA12802	0|1	0,1,0
NA12812	0|0	0.998,0.002,0
NA12813	0|0	1,0,0
NA12814	0|1	0,1,0
NA12815	0|0	1,0,0
NA12864	1|0	0,1,0
NA12865	1|0	0,1,0
NA12872	1|1	0,0,1
NA12873	0|0	1,0,0
NA12874	1|1	0,0,1
NA12875	0|0	1,0,0
NA12878	0|1	0.000999987,0.999,0
NA12891	1|0	0.00999999,0.99,0
NA12892	1|0	0,0.996,0.004
NA20502	0|0	1,0,0
NA20504	0|1	0.012,0.988,0
NA20505	0|0	1,0,0
NA20506	0|1	0.004985,0.99203,0.002985
NA20508	1|0	0.019,0.981,0
NA20509	0|0	0.998,0.002,0
NA20510	0|0	1,0,0
NA20512	1|1	3.99996e-06,0.004992,0.995004
NA20515	0|1	0.00400001,0.996,0
NA20516	1|0	0,1,0
NA20517	1|0	0.012,0.988,0
NA20518	1|1	8.99989e-06,0.00998199,0.990009
NA20519	1|0	0,1,0
NA20520	0|0	0.997,0.003,0
NA20521	0|1	0.00300002,0.997,0
NA20522	0|0	0.999,0.001,0
NA20524	0|1	0.00300002,0.997,0
NA20525	0|1	0,0.999,0.001
NA20527	0|1	0,1,0
NA20528	0|0	1,0,0
NA20529	0|0	1,0,0
NA20530	0|0	0.998,0.002,0
NA20531	0|0	1,0,0
NA20534	0|1	0.000999987,0.999,0
NA20535	0|1	0.00199997,0.998,0
NA20538	0|0	0.998,0.002,0
NA20539	1|0	0,1,0
NA20540	1|0	0.045,0.955,0
NA20541	0|0	0.997002,0.002996,2e-06
NA20542	0|1	0,1,0
NA20543	0|0	0.999,0.001,0
NA20544	0|0	0.998001,0.001998,1e-06
NA20581	1|0	0,1,0
NA20582	0|0	0.999,0.001,0
NA20585	0|0	1,0,0
NA20586	0|1	0.02,0.98,0
NA20588	1|1	2.99998e-06,0.00399401,0.996003
NA20589	0|0	0.998,0.002,0
NA20752	0|1	0,1,0
NA20753	0|0	1,0,0
NA20754	0|0	1,0,0
NA20755	0|0	0.998001,0.001998,1e-06
NA20756	0|0	1,0,0
NA20757	0|0	1,0,0
NA20758	0|1	0.000999987,0.999,0
NA20759	0|1	0,1,0
NA20760	1|0	0.011,0.989,0
NA20761	1|0	0.00399601,0.995008,0.000996
NA20765	0|0	1,0,0
NA20766	0|0	1,0,0
NA20768	0|0	0.999,0.001,0
NA20769	0|1	0.00700003,0.993,0
NA20770	1|0	0,1,0
NA20771	1|0	0,1,0
NA20772	1|0	0,1,0
NA20773	1|0	0.012,0.988,0
NA20774	1|1	0,0,1
NA20775	0|1	0.00599998,0.994,0
NA20778	0|1	0.00398401,0.992032,0.003984
NA20783	1|1	2.99998e-06,0.00399401,0.996003
NA20785	0|1	0,1,0
NA20786	0|0	1,0,0
NA20787	0|0	1,0,0
NA20790	0|0	1,0,0
NA20792	1|0	0,0.999,0.001
NA20795	1|1	0,0,1
NA20796	1|0	0.00999999,0.99,0
NA20797	1|1	0,0.00599998,0.994
NA20798	0|0	1,0,0
NA20799	0|0	0.999,0.001,0
NA20800	0|0	0.998001,0.001998,1e-06
NA20801	0|0	0.999,0.001,0
NA20802	1|0	0.00300002,0.997,0
NA20803	1|0	0,1,0
NA20804	1|1	0,0.00300002,0.997
NA20805	0|1	0.00400001,0.996,0
NA20806	0|1	0.00199997,0.998,0
NA20807	0|0	1,0,0
NA20808	1|1	9.99974e-07,0.00199797,0.998001
NA20809	0|0	1,0,0
NA20810	0|1	0.000999987,0.999,0
NA20811	1|0	0.016966,0.981068,0.001966
NA20812	1|0	0,1,0
NA20813	1|1	0,0.00400001,0.996
NA20815	0|1	0.00299402,0.995012,0.001994
NA20818	1|0	0,1,0
NA20819	0|1	0,1,0
NA20826	0|0	0.999,0.001,0
NA20828	0|1	0.00300002,0.997,0
