NA06985	0|0	1,0,0
NA06991	0|1	0,1,0
NA06993	1|1	0,0,1
NA06994	0|0	1,0,0
NA07000	0|0	1,0,0
NA07019	0|0	1,0,0
NA07022	0|0	1,0,0
NA07029	0|0	1,0,0
NA07034	0|0	1,0,0
NA07048	0|0	1,0,0
NA07055	0|1	0.00199997,0.998,0
NA07056	0|0	1,0,0
NA07345	0|0	1,0,0
NA07348	0|0	1,0,0
NA07357	0|0	1,0,0
NA10830	0|0	1,0,0
NA10831	0|0	1,0,0
NA10835	1|1	0,0,1
NA10838	0|0	1,0,0
NA10839	0|1	0,1,0
NA10846	0|0	1,0,0
NA10847	0|0	1,0,0
NA10851	0|0	1,0,0
NA10854	0|0	0.999,0.001,0
NA10855	0|0	1,0,0
NA10856	0|0	1,0,0
NA10857	0|0	1,0,0
NA10859	0|0	1,0,0
NA10860	0|0	1,0,0
NA10861	0|1	0.000999987,0.999,0
NA10863	1|1	0,0,1
NA11829	1|1	0,0,1
NA11830	0|0	1,0,0
NA11831	0|0	1,0,0
NA11832	0|0	1,0,0
NA11839	0|0	1,0,0
NA11840	1|0	0,1,0
NA11881	0|0	1,0,0
NA11882	0|0	1,0,0
NA11992	0|0	1,0,0
NA11993	0|0	1,0,0
NA11994	1|1	9.99974e-07,0.00199797,0.998001
NA11995	0|0	1,0,0
NA12003	0|0	1,0,0
NA12004	0|0	1,0,0
NA12005	0|0	1,0,0
NA12006	0|1	0,1,0
NA12043	1|1	0,0,1
NA12044	0|0	1,0,0
NA12056	0|0	0.998001,0.001998,1e-06
NA12057	0|0	1,0,0
NA12144	1|1	9.99974e-07,0.00199797,0.998001
NA12145	0|1	0,1,0
NA12146	0|0	1,0,0
NA12154	1|1	0.018496,0.235008,0.746496
NA12155	0|0	1,0,0
NA12156	0|0	1,0,0
NA12234	0|1	0,1,0
NA12236	0|0	1,0,0
NA12239	0|0	1,0,0
NA12248	0|0	1,0,0
NA12249	0|1	0,1,0
NA12264	1|1	0,0,1
NA12707	0|0	1,0,0
NA12716	0|0	1,0,0
NA12717	0|0	1,0,0
NA12740	0|0	1,0,0
NA12750	0|0	1,0,0
NA12751	0|0	1,0,0
NA12752	1|1	0,0,1
NA12753	0|0	1,0,0
NA12760	0|0	1,0,0
NA12761	1|1	0,0,1
NA12762	0|0	1,0,0
NA12763	0|0	1,0,0
NA12801	0|0	1,0,0
NA12802	0|0	1,0,0
NA12812	0|0	1,0,0
NA12813	0|0	1,0,0
NA12814	0|0	1,0,0
NA12815	0|0	1,0,0
NA12864	0|0	1,0,0
NA12865	0|0	1,0,0
NA12872	0|0	1,0,0
NA12873	0|0	1,0,0
NA12874	0|0	1,0,0
NA12875	0|0	0.914,0.086,0
NA12878	0|0	1,0,0
NA12891	0|0	1,0,0
NA12892	0|0	1,0,0
NA20502	0|0	1,0,0
NA20504	1|0	0.00199997,0.998,0
NA20505	0|0	1,0,0
NA20506	0|0	1,0,0
NA20508	0|0	1,0,0
NA20509	0|0	1,0,0
NA20510	0|0	1,0,0
NA20512	0|0	1,0,0
NA20515	1|1	1.60001e-05,0.00796802,0.992016
NA20516	0|0	1,0,0
NA20517	0|0	1,0,0
NA20518	0|0	1,0,0
NA20519	0|0	1,0,0
NA20520	0|0	1,0,0
NA20521	0|0	1,0,0
NA20522	1|0	0,1,0
NA20524	0|0	1,0,0
NA20525	0|0	1,0,0
NA20527	0|0	1,0,0
NA20528	0|0	0.998001,0.001998,1e-06
NA20529	0|0	1,0,0
NA20530	0|0	1,0,0
NA20531	0|0	1,0,0
NA20534	1|1	4.90004e-05,0.0139021,0.986049
NA20535	0|0	1,0,0
NA20538	0|0	1,0,0
NA20539	0|0	1,0,0
NA20540	0|1	0.000999987,0.999,0
NA20541	0|0	1,0,0
NA20542	0|0	1,0,0
NA20543	0|0	1,0,0
NA20544	0|0	1,0,0
NA20581	1|1	0,0,1
NA20582	1|0	0.00399601,0.995008,0.000996
NA20585	0|0	1,0,0
NA20586	0|0	1,0,0
NA20588	1|1	0,0,1
NA20589	0|0	1,0,0
NA20752	0|0	0.954529,0.044942,0.000529
NA20753	0|0	1,0,0
NA20754	0|0	1,0,0
NA20755	1|1	0,0,1
NA20756	0|0	1,0,0
NA20757	0|0	0.999,0.001,0
NA20758	0|0	1,0,0
NA20759	0|0	1,0,0
NA20760	0|0	1,0,0
NA20761	0|0	1,0,0
NA20765	0|0	1,0,0
NA20766	0|1	0.038532,0.949936,0.011532
NA20768	0|0	1,0,0
NA20769	0|0	1,0,0
NA20770	0|0	1,0,0
NA20771	0|1	0,1,0
NA20772	0|0	1,0,0
NA20773	0|0	0.999,0.001,0
NA20774	0|0	1,0,0
NA20778	0|0	1,0,0
NA20783	0|0	1,0,0
NA20785	0|0	1,0,0
NA20786	1|1	0,0,1
NA20787	0|0	1,0,0
NA20790	1|0	0,1,0
NA20792	1|1	0,0,1
NA20795	0|1	0,1,0
NA20796	0|0	1,0,0
NA20797	0|0	1,0,0
NA20798	0|0	1,0,0
NA20799	0|1	0.00400001,0.996,0
NA20800	0|0	1,0,0
NA20801	0|0	1,0,0
NA20802	0|1	0,1,0
NA20803	0|0	1,0,0
NA20804	0|0	0.620403,0.363194,0.016403
NA20805	0|0	1,0,0
NA20806	0|0	1,0,0
NA20807	0|0	1,0,0
NA20808	1|0	0.00400001,0.996,0
NA20809	0|0	1,0,0
NA20810	0|0	1,0,0
NA20811	0|0	1,0,0
NA20812	0|0	1,0,0
NA20813	0|0	1,0,0
NA20815	1|1	9.99974e-07,0.00199797,0.998001
NA20818	0|0	1,0,0
NA20819	0|0	1,0,0
NA20826	1|1	9.99974e-07,0.00199797,0.998001
NA20828	0|0	1,0,0
