NA06985	1|0	0,1,0
NA06991	1|0	0,1,0
NA06993	0|0	1,0,0
NA06994	1|0	0.000999987,0.999,0
NA07000	1|1	0,0.00300002,0.997
NA07019	0|0	1,0,0
NA07022	0|0	1,0,0
NA07029	1|1	0,0.000999987,0.999
NA07034	0|0	1,0,0
NA07048	0|0	1,0,0
NA07055	0|0	1,0,0
NA07056	0|1	0.000999987,0.999,0
NA07345	1|1	0,0,1
NA07348	1|1	0,0.00199997,0.998
NA07357	0|1	0,0.999,0.001
NA10830	0|1	0,1,0
NA10831	0|0	1,0,0
NA10835	0|0	1,0,0
NA10838	0|0	0.999,0.001,0
NA10839	1|0	0.00599998,0.994,0
NA10846	1|1	0,0,1
NA10847	0|1	0,1,0
NA10851	0|0	0.999,0.001,0
NA10854	1|0	0,1,0
NA10855	0|1	0,1,0
NA10856	1|1	0,0,1
NA10857	1|0	0,1,0
NA10859	1|0	0,1,0
NA10860	1|0	0,1,0
NA10861	1|0	0,1,0
NA10863	0|0	1,0,0
NA11829	1|1	0,0,1
NA11830	1|1	0,0,1
NA11831	1|1	0,0.000999987,0.999
NA11832	0|1	0,1,0
NA11839	1|0	0,1,0
NA11840	0|0	0.999,0.001,0
NA11881	0|1	0,0.998,0.002
NA11882	0|1	0.00400001,0.996,0
NA11992	1|0	0.00199997,0.998,0
NA11993	0|1	0,1,0
NA11994	0|0	1,0,0
NA11995	0|1	0.000999987,0.999,0
NA12003	0|1	0.00700003,0.993,0
NA12004	0|0	0.999,0.001,0
NA12005	0|1	0.00599998,0.994,0
NA12006	0|0	1,0,0
NA12043	0|1	0,1,0
NA12044	0|1	0.00199997,0.998,0
NA12056	0|0	0.998,0.002,0
NA12057	0|1	0,1,0
NA12144	1|0	0.013986,0.985028,0.000986
NA12145	0|1	0,0.999,0.001
NA12146	1|1	0,0.009,0.991
NA12154	0|1	0,1,0
NA12155	0|1	0.00699303,0.992014,0.000993
NA12156	0|1	0,0.999,0.001
NA12234	0|0	0.999,0.001,0
NA12236	0|1	0,1,0
NA12239	0|0	1,0,0
NA12248	0|0	1,0,0
NA12249	0|0	0.999,0.001,0
NA12264	0|0	1,0,0
NA12707	1|0	0,1,0
NA12716	1|0	0,0.998,0.002
NA12717	0|0	1,0,0
NA12740	1|0	0,1,0
NA12750	0|1	0,1,0
NA12751	1|1	0,0.00599998,0.994
NA12752	0|1	0,1,0
NA12753	0|0	1,0,0
NA12760	1|1	0,0.005,0.995
NA12761	0|1	0,1,0
NA12762	0|0	0.997,0.003,0
NA12763	0|1	0,1,0
NA12801	0|0	1,0,0
NA12802	1|0	0,1,0
NA12812	0|0	0.998,0.002,0
NA12813	0|0	0.999,0.001,0
NA12814	1|1	0,0.016,0.984
NA12815	0|0	0.995,0.005,0
NA12864	1|1	0,0,1
NA12865	0|0	1,0,0
NA12872	1|0	0,1,0
NA12873	1|1	0,0.000999987,0.999
NA12874	0|0	1,0,0
NA12875	0|0	1,0,0
NA12878	0|0	1,0,0
NA12891	0|0	1,0,0
NA12892	0|0	1,0,0
NA20502	0|1	0.02,0.98,0
NA20504	1|1	0,0,1
NA20505	0|1	0.00700003,0.993,0
NA20506	0|1	0.00198997,0.99302,0.00499
NA20508	1|1	1.99995e-06,0.00299596,0.997002
NA20509	0|0	1,0,0
NA20510	0|1	0.00697903,0.990042,0.002979
NA20512	0|0	1,0,0
NA20515	1|1	0,0.005,0.995
NA20516	0|0	1,0,0
NA20517	1|0	0.000999987,0.999,0
NA20518	0|0	0.998001,0.001998,1e-06
NA20519	1|0	0,1,0
NA20520	0|0	1,0,0
NA20521	0|0	0.997,0.003,0
NA20522	1|0	0.010989,0.988022,0.000989
NA20524	1|1	2.19997e-05,0.012956,0.987022
NA20525	0|1	0.013986,0.985028,0.000986
NA20527	0|1	0,1,0
NA20528	1|0	0.013,0.987,0
NA20529	0|1	0,1,0
NA20530	1|1	0,0.00300002,0.997
NA20531	0|0	0.999,0.001,0
NA20534	0|0	1,0,0
NA20535	0|1	0.00299102,0.994018,0.002991
NA20538	0|1	0,1,0
NA20539	1|1	2.10002e-05,0.00995805,0.990021
NA20540	1|0	0.009,0.991,0
NA20541	0|1	0.00300002,0.997,0
NA20542	0|0	0.996003,0.003994,3e-06
NA20543	1|1	0,0.00599998,0.994
NA20544	1|0	0,1,0
NA20581	0|0	0.989,0.011,0
NA20582	1|0	0.000997987,0.997004,0.001998
NA20585	0|0	0.999,0.001,0
NA20586	0|1	0,1,0
NA20588	0|0	0.993012,0.006976,1.2e-05
NA20589	0|1	0,1,0
NA20752	1|1	0,0.101,0.899
NA20753	0|0	1,0,0
NA20754	0|0	1,0,0
NA20755	0|0	1,0,0
NA20756	1|0	0.014985,0.98403,0.000985
NA20757	1|1	9.20002e-05,0.026816,0.973092
NA20758	0|0	0.998,0.002,0
NA20759	0|0	1,0,0
NA20760	0|0	1,0,0
NA20761	1|0	0.00300002,0.997,0
NA20765	1|0	0.000999987,0.999,0
NA20766	0|0	0.997002,0.002996,2e-06
NA20768	1|1	0,0,1
NA20769	1|1	0,0.00199997,0.998
NA20770	0|1	0,1,0
NA20771	1|1	0.00011,0.02078,0.97911
NA20772	0|0	1,0,0
NA20773	0|1	0,1,0
NA20774	0|0	0.997002,0.002996,2e-06
NA20778	1|1	0,0.000999987,0.999
NA20783	0|0	0.999,0.001,0
NA20785	0|0	0.999,0.001,0
NA20786	1|0	0,0.977,0.023
NA20787	1|0	0.000999987,0.999,0
NA20790	0|0	0.999,0.001,0
NA20792	1|1	0,0.00400001,0.996
NA20795	0|0	1,0,0
NA20796	0|1	0,1,0
NA20797	0|1	0.00199597,0.996008,0.001996
NA20798	1|0	0.025,0.975,0
NA20799	0|1	0.00300002,0.997,0
NA20800	0|0	0.999,0.001,0
NA20801	0|1	0.005,0.995,0
NA20802	0|1	0.00199997,0.998,0
NA20803	0|1	0,1,0
NA20804	0|1	0,1,0
NA20805	0|0	0.999,0.001,0
NA20806	0|0	1,0,0
NA20807	0|0	0.999,0.001,0
NA20808	1|1	0.000147001,0.0277061,0.972147
NA20809	1|1	6.99994e-06,0.00798602,0.992007
NA20810	1|0	0.00599998,0.994,0
NA20811	1|1	0,0,1
NA20812	1|1	4.99993e-06,0.00598998,0.994005
NA20813	1|1	7.00002e-05,0.01686,0.98307
NA20815	1|1	0.000144,0.025712,0.974144
NA20818	0|1	0,0.999,0.001
NA20819	0|1	0.00300002,0.997,0
NA20826	1|0	0.012948,0.983104,0.003948
NA20828	0|1	0,0.996,0.004
