NA18498	1|0	1	0,1,0
NA18502	0|0	0.01	0.99,0.01,0
NA18505	1|0	1	0,1,0
NA18507	0|0	0	1,0,0
NA18508	0|1	0.91	0.09,0.91,0
NA18517	1|1	1.62	0,0.38,0.62
NA18519	0|0	0	1,0,0
NA18867	1|0	0.99	0.01,0.99,0
NA18870	1|0	1.07	0.01,0.91,0.08
NA18910	0|1	0.76	0.24,0.76,0
NA19092	0|0	0.16	0.84,0.16,0
NA19098	0|1	1.02	0,0.98,0.02
NA19099	0|1	0.79	0.21,0.79,0
NA19102	0|1	1	0,1,0
NA19108	1|0	0.97	0.03,0.97,0
NA19119	0|1	1	0,1,0
NA19129	0|0	0	1,0,0
NA19130	0|0	0	1,0,0
NA19141	1|1	1.84	0,0.16,0.84
NA19146	1|1	1.88	0,0.12,0.88
NA19150	1|0	1	0,1,0
NA19152	1|1	2	0,0,1
NA19160	0|1	0.91	0.09,0.91,0
NA19171	0|0	0.07	0.93,0.07,0
NA19189	0|0	0	1,0,0
NA19204	0|0	0	1,0,0
NA19206	0|1	1.17	0,0.83,0.17
NA19207	0|0	0	1,0,0
NA19209	1|0	0.98	0.02,0.98,0
NA19213	0|0	0.01	0.99,0.01,0
