NA18498	0|1	1	0,1,0
NA18500	0|0	0	1,0,0
NA18501	1|0	1	0,1,0
NA18502	0|0	0.05	0.95,0.05,0
NA18503	0|0	0	1,0,0
NA18504	0|0	0	1,0,0
NA18505	1|0	1	0,1,0
NA18506	1|0	1	0,1,0
NA18507	1|1	2	0,0,1
NA18508	0|0	0	1,0,0
NA18515	1|0	1	0,1,0
NA18516	1|0	1	0,1,0
NA18517	1|0	1	0,1,0
NA18519	0|1	1	0,1,0
NA18521	0|1	1	0,1,0
NA18522	1|1	2	0,0,1
NA18523	0|1	1	0,1,0
NA18852	1|0	1	0,1,0
NA18853	0|0	0	1,0,0
NA18854	0|1	1	0,1,0
NA18855	1|0	1	0,1,0
NA18856	1|1	2	0,0,1
NA18857	1|0	1	0,1,0
NA18858	1|0	1	0,1,0
NA18859	1|0	1	0,1,0
NA18860	0|1	1	0,1,0
NA18861	1|0	1	0,1,0
NA18862	1|0	1	0,1,0
NA18863	0|1	1	0,1,0
NA18867	1|0	1	0,1,0
NA18870	0|1	1	0,1,0
NA18871	0|0	0	1,0,0
NA18872	1|0	1	0,1,0
NA18910	1|1	2	0,0,1
NA18912	0|0	0	1,0,0
NA18913	0|1	1	0,1,0
NA18914	0|0	0	1,0,0
NA19027	1|0	1	0,1,0
NA19028	1|0	1	0,1,0
NA19031	1|0	1	0,1,0
NA19035	0|1	1	0,1,0
NA19036	1|0	1	0,1,0
NA19038	1|0	1.48	0,0.52,0.48
NA19041	0|0	0	1,0,0
NA19092	0|0	0	1,0,0
NA19093	0|0	0	1,0,0
NA19094	0|0	0	1,0,0
NA19098	0|0	0	1,0,0
NA19099	0|1	1	0,1,0
NA19100	0|1	1	0,1,0
NA19101	0|0	0	1,0,0
NA19102	1|1	2	0,0,1
NA19103	0|1	1	0,1,0
NA19108	1|0	1	0,1,0
NA19116	0|0	0	1,0,0
NA19118	1|1	2	0,0,1
NA19119	1|0	1	0,1,0
NA19120	1|0	1	0,1,0
NA19127	1|0	1	0,1,0
NA19128	1|0	1	0,1,0
NA19129	0|1	1	0,1,0
NA19130	0|0	0	1,0,0
NA19131	0|1	1	0,1,0
NA19132	0|0	0	1,0,0
NA19137	0|0	0	1,0,0
NA19138	0|0	0	1,0,0
NA19139	0|0	0	1,0,0
NA19140	0|0	0	1,0,0
NA19141	1|1	2	0,0,1
NA19142	1|0	1	0,1,0
NA19143	0|0	0	1,0,0
NA19144	1|0	1	0,1,0
NA19145	1|0	1	0,1,0
NA19146	1|1	1.98	0,0.02,0.98
NA19150	1|0	1	0,1,0
NA19152	1|1	2	0,0,1
NA19153	1|0	1	0,1,0
NA19154	1|0	1	0,1,0
NA19159	1|1	2	0,0,1
NA19160	0|0	0	1,0,0
NA19161	0|1	1	0,1,0
NA19171	0|1	1	0,1,0
NA19172	1|0	1	0,1,0
NA19173	1|0	1	0,1,0
NA19189	0|0	0	1,0,0
NA19200	0|1	1	0,1,0
NA19201	1|1	2	0,0,1
NA19202	1|1	2	0,0,1
NA19203	0|0	0	1,0,0
NA19204	0|1	1	0,1,0
NA19205	1|0	1	0,1,0
NA19206	0|0	0	1,0,0
NA19207	0|0	0	1,0,0
NA19208	0|0	0	1,0,0
NA19209	1|1	2	0,0,1
NA19210	1|0	1	0,1,0
NA19211	1|1	2	0,0,1
NA19213	1|1	1.9	0,0.1,0.9
NA19221	1|1	2	0,0,1
NA19222	0|1	1	0,1,0
NA19223	1|1	2	0,0,1
NA19238	0|0	0	1,0,0
NA19239	0|1	1	0,1,0
NA19240	0|0	0	1,0,0
NA19307	0|0	0	1,0,0
NA19308	0|1	1	0,1,0
NA19309	0|1	1	0,1,0
NA19310	0|0	0	1,0,0
NA19314	1|1	2	0,0,1
NA19315	1|0	1	0,1,0
NA19316	1|0	1	0,1,0
NA19317	1|0	1	0,1,0
NA19318	0|1	1	0,1,0
NA19319	0|1	1	0,1,0
NA19321	0|1	1	0,1,0
NA19324	1|0	1	0,1,0
NA19327	0|1	1	0,1,0
NA19328	1|0	1	0,1,0
NA19332	0|1	1	0,1,0
NA19334	0|1	1	0,1,0
NA19346	0|1	1	0,1,0
NA19347	0|0	0	1,0,0
NA19350	1|0	1	0,1,0
NA19360	0|0	0	1,0,0
NA19372	0|1	1	0,1,0
NA19374	1|1	2	0,0,1
NA19375	0|1	1	0,1,0
NA19376	1|1	1.97	0,0.03,0.97
NA19377	0|0	0	1,0,0
NA19379	1|0	1	0,1,0
NA19380	0|0	0	1,0,0
NA19383	0|1	1	0,1,0
NA19384	1|0	1	0,1,0
NA19385	1|1	2	0,0,1
NA19390	0|0	0.06	0.94,0.06,0
NA19391	0|1	1	0,1,0
NA19393	1|1	2	0,0,1
NA19394	0|1	0.67	0.33,0.67,0
NA19397	0|0	0.01	0.99,0.01,0
NA19399	0|0	0.02	0.98,0.02,0
NA19403	1|1	1.91	0,0.09,0.91
NA19404	0|0	0	1,0,0
NA19428	1|1	1.92	0,0.08,0.92
NA19429	1|1	2	0,0,1
NA19430	0|0	0	1,0,0
NA19431	0|0	0	1,0,0
NA19434	0|0	0	1,0,0
NA19435	0|0	0	1,0,0
NA19436	0|0	0	1,0,0
NA19437	1|1	1.93	0,0.07,0.93
NA19438	1|0	1	0,1,0
NA19439	0|0	0	1,0,0
NA19440	1|0	1.01	0,0.99,0.01
NA19443	0|0	0	1,0,0
NA19445	1|0	1	0,1,0
NA19446	1|1	1.99	0,0.01,0.99
NA19448	0|1	1	0,1,0
NA19449	0|0	0	1,0,0
NA19451	1|0	1	0,1,0
NA19452	1|0	1	0,1,0
NA19455	0|0	0	1,0,0
NA19456	1|0	1	0,1,0
NA19457	0|0	0	1,0,0
NA19462	0|1	1	0,1,0
NA19463	0|0	0	1,0,0
NA19466	1|0	1	0,1,0
NA19467	0|0	0	1,0,0
NA19468	1|0	1	0,1,0
NA19471	1|0	0.95	0.05,0.95,0
NA19472	0|1	1.44	0,0.56,0.44
NA19473	0|0	0	1,0,0
NA19474	1|1	2	0,0,1
