NA18498	0|0	1,0,0
NA18500	0|0	1,0,0
NA18501	0|0	0.996004,0.003992,4e-06
NA18502	0|0	1,0,0
NA18503	1|1	3.9999e-06,0.00399195,0.996004
NA18504	0|0	1,0,0
NA18505	1|1	0,0.011,0.989
NA18506	1|1	9.99974e-07,0.00199797,0.998001
NA18507	0|0	1,0,0
NA18508	0|1	0,1,0
NA18515	0|0	1,0,0
NA18516	0|0	1,0,0
NA18517	0|1	0.028,0.972,0
NA18519	1|1	0,0,1
NA18521	1|1	9.00013e-06,0.00598204,0.994009
NA18522	1|1	0,0,1
NA18523	1|1	0,0,1
NA18852	0|1	0,1,0
NA18853	1|1	2.5e-05,0.00994999,0.990025
NA18854	1|1	0,0,1
NA18855	1|0	0.005,0.995,0
NA18856	0|0	1,0,0
NA18857	0|0	1,0,0
NA18858	0|0	0.999,0.001,0
NA18859	1|1	0,0,1
NA18860	0|0	1,0,0
NA18861	0|0	1,0,0
NA18862	0|0	1,0,0
NA18863	0|0	1,0,0
NA18867	1|0	0,1,0
NA18870	1|1	5.99996e-06,0.004988,0.995006
NA18871	1|1	9.99974e-07,0.00199797,0.998001
NA18872	1|1	0,0,1
NA18910	0|0	1,0,0
NA18912	0|1	0,1,0
NA18913	1|1	0,0,1
NA18914	1|1	0,0,1
NA19027	1|1	9.99974e-07,0.00199797,0.998001
NA19028	0|0	1,0,0
NA19031	0|0	1,0,0
NA19035	0|0	1,0,0
NA19036	1|0	0.00196597,0.981068,0.016966
NA19038	0|0	0.995,0.005,0
NA19041	0|0	1,0,0
NA19092	0|0	1,0,0
NA19093	0|1	0,1,0
NA19094	1|0	0.00300002,0.997,0
NA19098	0|0	1,0,0
NA19099	0|0	0.999,0.001,0
NA19100	0|0	1,0,0
NA19101	0|0	1,0,0
NA19102	0|0	1,0,0
NA19103	0|0	1,0,0
NA19108	0|1	0,1,0
NA19116	1|0	0,1,0
NA19118	0|0	1,0,0
NA19119	0|0	1,0,0
NA19120	0|0	1,0,0
NA19127	1|1	1.99995e-06,0.00299596,0.997002
NA19128	1|1	9.99974e-07,0.00199797,0.998001
NA19129	1|1	0,0,1
NA19130	0|0	1,0,0
NA19131	1|0	0,1,0
NA19132	0|0	1,0,0
NA19137	0|0	1,0,0
NA19138	0|0	0.692224,0.279552,0.028224
NA19139	0|0	1,0,0
NA19140	0|0	1,0,0
NA19141	1|1	9.99974e-07,0.00199797,0.998001
NA19142	0|0	1,0,0
NA19143	1|1	0,0,1
NA19144	0|0	1,0,0
NA19145	1|1	0,0,1
NA19146	0|0	1,0,0
NA19150	1|1	0,0,1
NA19152	0|0	0.999,0.001,0
NA19153	1|1	0,0,1
NA19154	0|0	1,0,0
NA19159	0|0	1,0,0
NA19160	0|0	1,0,0
NA19161	0|0	1,0,0
NA19171	0|0	1,0,0
NA19172	1|1	0,0.00300002,0.997
NA19173	1|1	0,0,1
NA19189	1|1	0,0,1
NA19200	1|1	0,0,1
NA19201	0|0	1,0,0
NA19202	1|0	0,1,0
NA19203	1|1	9.00013e-06,0.00598204,0.994009
NA19204	1|0	0,1,0
NA19205	0|0	1,0,0
NA19206	0|1	0,1,0
NA19207	0|0	1,0,0
NA19208	1|1	0,0,1
NA19209	0|0	1,0,0
NA19210	1|1	9.99974e-07,0.00199797,0.998001
NA19211	0|0	0.988036,0.011928,3.6e-05
NA19213	1|1	2.5e-05,0.00994999,0.990025
NA19221	0|0	1,0,0
NA19222	0|1	0,1,0
NA19223	0|0	1,0,0
NA19238	1|1	0,0,1
NA19239	0|0	0.990025,0.00995,2.5e-05
NA19240	1|0	0,1,0
NA19307	0|0	0.998001,0.001998,1e-06
NA19308	0|0	1,0,0
NA19309	0|0	1,0,0
NA19310	0|1	0,1,0
NA19314	1|0	0,1,0
NA19315	1|0	0.00199997,0.998,0
NA19316	0|0	1,0,0
NA19317	0|0	1,0,0
NA19319	0|0	1,0,0
NA19321	1|1	0,0.00400001,0.996
NA19324	0|0	1,0,0
NA19327	0|0	0.966064,0.033872,6.4e-05
NA19328	1|0	0.00300002,0.997,0
NA19332	0|0	0.998,0.002,0
NA19334	1|1	0,0,1
NA19346	0|0	1,0,0
NA19347	0|0	1,0,0
NA19350	1|1	0,0,1
NA19360	0|0	1,0,0
NA19372	0|0	1,0,0
NA19374	0|0	1,0,0
NA19375	0|0	1,0,0
NA19376	0|0	1,0,0
NA19377	1|0	0,0.999,0.001
NA19379	0|1	0,1,0
NA19380	0|0	1,0,0
NA19384	0|0	1,0,0
NA19385	0|0	1,0,0
NA19390	0|1	0,1,0
NA19391	0|1	0,1,0
NA19393	0|0	1,0,0
NA19394	0|0	1,0,0
NA19397	1|1	9.99974e-07,0.00199797,0.998001
NA19399	0|0	1,0,0
NA19403	1|0	0,1,0
NA19404	0|0	1,0,0
NA19428	0|0	0.998001,0.001998,1e-06
NA19429	0|0	1,0,0
NA19430	0|0	1,0,0
NA19431	1|0	0.000993987,0.993012,0.005994
NA19434	1|1	0.000728001,0.052544,0.946728
NA19435	1|0	0.00599998,0.994,0
NA19436	0|0	1,0,0
NA19437	0|1	0.143,0.857,0
NA19439	0|0	1,0,0
NA19440	0|0	1,0,0
NA19443	0|0	1,0,0
NA19445	0|0	1,0,0
NA19446	0|0	1,0,0
NA19448	0|0	0.998001,0.001998,1e-06
NA19449	0|1	0,1,0
NA19451	1|1	0,0,1
NA19452	0|0	0.998001,0.001998,1e-06
NA19455	0|0	1,0,0
NA19456	0|1	0,1,0
NA19457	0|1	0.000999987,0.999,0
NA19462	0|1	0,0.542,0.458
NA19463	0|0	1,0,0
NA19466	0|0	1,0,0
NA19467	0|0	1,0,0
NA19468	0|0	0.998,0.002,0
NA19471	0|1	0,1,0
NA19472	0|0	1,0,0
NA19473	0|0	1,0,0
NA19474	0|0	0.998001,0.001998,1e-06
NA06985	0|0	1,0,0
NA06991	0|0	0.999,0.001,0
NA06993	0|0	0.996004,0.003992,4e-06
NA06994	0|0	1,0,0
NA07000	0|0	1,0,0
NA07019	0|0	1,0,0
NA07022	0|0	1,0,0
NA07029	0|0	1,0,0
NA07034	1|1	9.99974e-07,0.00199797,0.998001
NA07048	0|0	1,0,0
NA07055	0|0	1,0,0
NA07056	1|0	0,1,0
NA07345	0|0	1,0,0
NA07348	0|0	1,0,0
NA07357	0|0	1,0,0
NA10830	1|1	0,0,1
NA10831	0|0	1,0,0
NA10835	0|0	1,0,0
NA10838	0|0	1,0,0
NA10839	1|0	0,1,0
NA10846	0|0	1,0,0
NA10847	1|0	0,1,0
NA10851	0|0	1,0,0
NA10854	0|0	1,0,0
NA10855	0|0	1,0,0
NA10856	0|0	1,0,0
NA10857	0|0	1,0,0
NA10859	0|0	1,0,0
NA10860	0|0	1,0,0
NA10861	0|0	1,0,0
NA10863	0|0	1,0,0
NA11829	1|1	0,0,1
NA11830	0|0	1,0,0
NA11831	0|0	0.976144,0.023712,0.000144
NA11832	0|0	0.994,0.006,0
NA11839	0|0	1,0,0
NA11840	0|0	1,0,0
NA11881	0|0	1,0,0
NA11882	0|1	0,1,0
NA11992	0|0	1,0,0
NA11993	0|0	1,0,0
NA11994	0|0	1,0,0
NA11995	0|0	1,0,0
NA12003	1|1	4.90004e-05,0.0139021,0.986049
NA12004	0|0	1,0,0
NA12005	1|1	0,0,1
NA12006	0|0	1,0,0
NA12043	1|1	0,0,1
NA12044	0|1	0.00199997,0.998,0
NA12056	1|1	2.5e-05,0.00994999,0.990025
NA12057	0|0	1,0,0
NA12144	0|0	1,0,0
NA12145	0|0	1,0,0
NA12146	0|0	1,0,0
NA12154	0|0	1,0,0
NA12155	0|0	1,0,0
NA12156	0|0	1,0,0
NA12234	0|0	1,0,0
NA12239	0|1	0.000998987,0.998002,0.000999
NA12248	0|0	1,0,0
NA12249	0|0	1,0,0
NA12264	0|0	1,0,0
NA12707	0|0	1,0,0
NA12716	0|0	1,0,0
NA12717	0|0	0.999,0.001,0
NA12740	0|0	1,0,0
NA12750	0|0	1,0,0
NA12751	0|0	1,0,0
NA12752	0|0	0.996004,0.003992,4e-06
NA12753	0|0	1,0,0
NA12760	0|0	1,0,0
NA12761	0|0	1,0,0
NA12762	0|0	1,0,0
NA12763	0|0	1,0,0
NA12801	0|0	1,0,0
NA12802	0|0	0.998,0.002,0
NA12812	1|1	9.99974e-07,0.00199797,0.998001
NA12813	0|0	1,0,0
NA12814	0|0	1,0,0
NA12815	0|1	0,1,0
NA12864	1|1	9.99974e-07,0.00199797,0.998001
NA12865	0|1	0.000999987,0.999,0
NA12872	0|0	1,0,0
NA12873	0|1	0,1,0
NA12874	1|1	0.000169,0.025662,0.974169
NA12875	0|1	0.000999987,0.999,0
NA12878	0|0	1,0,0
NA12891	0|0	1,0,0
NA12892	0|0	0.987,0.013,0
NA20502	1|0	0.019,0.981,0
NA20504	0|0	0.981,0.019,0
NA20505	0|0	0.697,0.303,0
NA20506	0|0	0.999,0.001,0
NA20508	0|0	1,0,0
NA20509	0|0	1,0,0
NA20510	0|0	1,0,0
NA20512	1|1	0,0,1
NA20515	0|0	1,0,0
NA20516	0|0	1,0,0
NA20517	0|1	0.028,0.972,0
NA20518	0|0	1,0,0
NA20519	0|0	1,0,0
NA20520	0|0	1,0,0
NA20521	0|0	1,0,0
NA20522	1|0	0.00199997,0.998,0
NA20524	1|1	0,0,1
NA20525	0|0	1,0,0
NA20527	0|0	1,0,0
NA20528	0|0	1,0,0
NA20529	0|0	0.998,0.002,0
NA20530	0|0	1,0,0
NA20531	0|0	0.898,0.102,0
NA20534	1|1	0,0,1
NA20535	0|0	0.869,0.131,0
NA20538	0|0	0.900601,0.096798,0.002601
NA20539	0|0	1,0,0
NA20540	0|0	1,0,0
NA20541	0|0	0.999,0.001,0
NA20542	1|0	0,1,0
NA20543	0|0	1,0,0
NA20544	0|0	1,0,0
NA20581	0|0	0.998001,0.001998,1e-06
NA20582	0|0	0.985,0.015,0
NA20585	0|0	1,0,0
NA20586	0|0	1,0,0
NA20588	0|0	1,0,0
NA20589	0|0	1,0,0
NA20752	1|1	0,0,1
NA20753	0|0	1,0,0
NA20754	0|0	0.597529,0.350942,0.051529
NA20755	0|0	1,0,0
NA20756	0|1	0,1,0
NA20757	0|0	1,0,0
NA20758	0|0	1,0,0
NA20759	0|0	0.732736,0.246528,0.020736
NA20760	1|0	0.111,0.889,0
NA20761	0|0	1,0,0
NA20765	0|0	1,0,0
NA20766	1|0	0,1,0
NA20768	0|0	1,0,0
NA20769	0|0	1,0,0
NA20770	1|1	0,0,1
NA20771	0|1	0,1,0
NA20772	0|0	1,0,0
NA20773	0|0	1,0,0
NA20774	0|0	1,0,0
NA20778	1|1	9.00013e-06,0.00598204,0.994009
NA20783	0|0	1,0,0
NA20785	0|0	1,0,0
NA20786	0|0	1,0,0
NA20790	0|0	1,0,0
NA20792	0|0	1,0,0
NA20795	0|0	0.998,0.002,0
NA20796	0|0	1,0,0
NA20797	0|0	0.97,0.03,0
NA20798	0|0	1,0,0
NA20799	0|0	1,0,0
NA20800	0|0	1,0,0
NA20801	0|0	1,0,0
NA20802	0|0	1,0,0
NA20803	0|0	1,0,0
NA20804	0|0	0.999,0.001,0
NA20805	0|0	1,0,0
NA20806	0|0	1,0,0
NA20807	0|0	0.999,0.001,0
NA20808	0|0	1,0,0
NA20809	0|0	1,0,0
NA20810	0|0	1,0,0
NA20811	0|0	0.268324,0.499352,0.232324
NA20812	0|0	1,0,0
NA20813	0|0	1,0,0
NA20815	0|0	1,0,0
NA20818	0|0	1,0,0
NA20819	0|0	1,0,0
NA20826	0|0	1,0,0
NA20828	0|1	0,1,0
NA18526	0|0	1,0,0
NA18532	0|0	1,0,0
NA18537	1|0	0,1,0
NA18542	0|0	1,0,0
NA18545	0|0	1,0,0
NA18547	0|0	1,0,0
NA18550	0|0	1,0,0
NA18552	0|0	1,0,0
NA18555	0|0	1,0,0
NA18558	0|0	1,0,0
NA18561	0|0	1,0,0
NA18562	0|0	1,0,0
NA18563	0|0	1,0,0
NA18564	0|0	1,0,0
NA18566	0|0	1,0,0
NA18570	0|0	1,0,0
NA18571	0|0	1,0,0
NA18572	0|0	1,0,0
NA18573	0|1	0.491,0.509,0
NA18577	0|0	1,0,0
NA18579	0|0	1,0,0
NA18582	0|0	1,0,0
NA18592	0|0	1,0,0
NA18593	0|0	1,0,0
NA18603	0|0	1,0,0
NA18605	0|0	1,0,0
NA18608	0|0	0.687241,0.283518,0.029241
NA18609	0|0	1,0,0
NA18611	0|0	1,0,0
NA18612	0|0	1,0,0
NA18620	0|0	1,0,0
NA18621	0|0	1,0,0
NA18622	0|0	1,0,0
NA18623	0|0	1,0,0
NA18624	0|0	1,0,0
NA18632	0|0	1,0,0
NA18633	0|0	1,0,0
NA18635	0|0	1,0,0
NA18636	0|0	1,0,0
NA18637	0|0	1,0,0
NA18940	0|0	1,0,0
NA18942	0|0	1,0,0
NA18943	0|0	1,0,0
NA18944	0|0	1,0,0
NA18945	0|0	1,0,0
NA18947	0|0	1,0,0
NA18948	0|0	1,0,0
NA18949	0|0	1,0,0
NA18951	0|0	1,0,0
NA18952	0|0	1,0,0
NA18953	0|0	1,0,0
NA18956	0|0	1,0,0
NA18959	0|0	1,0,0
NA18960	0|0	1,0,0
NA18961	0|0	1,0,0
NA18964	0|0	1,0,0
NA18965	0|0	1,0,0
NA18966	0|0	1,0,0
NA18968	0|0	1,0,0
NA18969	0|0	1,0,0
NA18970	0|0	1,0,0
NA18971	0|0	1,0,0
NA18972	0|0	1,0,0
NA18973	0|0	1,0,0
NA18974	0|0	1,0,0
NA18975	0|0	1,0,0
NA18976	0|0	1,0,0
NA18978	0|0	1,0,0
NA18980	1|0	0.014,0.986,0
NA18981	0|0	1,0,0
NA18987	0|0	1,0,0
NA18990	0|0	1,0,0
NA18991	0|0	1,0,0
NA18992	0|0	1,0,0
NA18994	0|0	1,0,0
NA18997	0|0	0.983,0.017,0
NA18998	0|0	1,0,0
NA18999	0|0	1,0,0
NA19000	0|0	1,0,0
NA19003	0|0	1,0,0
NA19005	0|0	1,0,0
NA19007	1|1	0.000225,0.02955,0.970225
NA19012	0|0	0.693889,0.278222,0.027889
