NA18526	0|1	1.12	0,0.87,0.13
NA18537	1|1	1.98	0,0.02,0.98
NA18550	0|0	0.03	0.97,0.03,0
NA18555	0|1	1.17	0,0.83,0.17
NA18562	0|1	1	0,1,0
NA18563	1|0	1.1	0,0.9,0.1
NA18582	0|0	0.01	0.99,0.01,0
NA18603	1|1	2	0,0,1
NA18606	0|1	1	0,1,0
NA18621	1|0	1.46	0.01,0.52,0.47
NA18622	1|0	1.03	0,0.97,0.03
NA18628	0|1	1.05	0,0.95,0.05
NA18632	0|0	0.01	0.99,0.01,0
NA18636	1|0	1.03	0,0.97,0.03
NA18647	0|1	1	0,1,0
NA18942	1|1	1.86	0,0.14,0.86
NA18945	1|0	0.96	0.04,0.96,0
NA18947	0|0	0	1,0,0
NA18951	1|0	1.05	0.01,0.93,0.06
NA18952	1|1	1.99	0,0.01,0.99
NA18953	0|1	1.06	0,0.94,0.06
NA18956	0|1	0.62	0.38,0.62,0
NA18965	0|1	1.15	0,0.85,0.15
NA18970	1|0	1	0,1,0
NA18973	0|1	1	0,1,0
NA18977	0|0	0	1,0,0
NA18987	0|0	0	1,0,0
NA18990	1|0	1	0,1,0
NA18995	1|0	1.14	0.06,0.75,0.2
NA19003	1|1	2	0,0,1
NA19010	0|1	1.05	0,0.95,0.05
