NA18498	0|0	0.75	0.39,0.47,0.14
NA18502	1|0	1	0,1,0
NA18505	0|1	0.96	0.04,0.96,0
NA18507	1|1	1.65	0.02,0.3,0.68
NA18508	1|1	2	0,0,1
NA18517	1|1	1.94	0,0.06,0.94
NA18519	0|0	0	1,0,0
NA18867	1|0	1	0,1,0
NA18870	1|1	1.96	0,0.04,0.96
NA18910	1|1	1.41	0.08,0.43,0.49
NA19092	1|1	2	0,0,1
NA19098	0|0	0	1,0,0
NA19099	1|0	1	0,1,0
NA19102	1|1	2	0,0,1
NA19108	0|1	0.84	0.21,0.75,0.04
NA19118	1|0	0.62	0.38,0.62,0
NA19119	0|0	0.25	0.77,0.22,0.01
NA19129	0|1	0.6	0.4,0.6,0
NA19130	0|0	0	1,0,0
NA19141	1|1	1.96	0,0.03,0.96
NA19146	1|1	2	0,0,1
NA19150	0|0	0	1,0,0
NA19152	0|1	0.98	0.02,0.98,0
NA19160	0|0	0	1,0,0
NA19171	0|0	0	1,0,0
NA19189	1|1	2	0,0,1
NA19204	1|1	1.99	0,0.01,0.99
NA19206	1|1	1.9	0,0.09,0.91
NA19207	0|0	0	1,0,0
NA19209	0|1	1	0,1,0
NA19213	0|0	0	1,0,0
NA19240	0|1	1	0,1,0
