NA18498	1|0	1	0,1,0
NA18500	1|0	1	0,1,0
NA18501	1|1	2	0,0,1
NA18502	0|0	0	1,0,0
NA18503	0|1	1	0,1,0
NA18504	0|1	0.98	0.02,0.98,0
NA18505	0|0	0.01	0.99,0.01,0
NA18506	0|1	1	0,1,0
NA18507	1|0	0.99	0.01,0.99,0
NA18508	0|0	0	1,0,0
NA18515	1|1	2	0,0,1
NA18516	1|0	1.05	0,0.95,0.05
NA18517	1|1	2	0,0,1
NA18519	0|1	1	0,1,0
NA18521	1|0	1	0,1,0
NA18522	1|0	0.94	0.06,0.94,0
NA18523	1|1	2	0,0,1
NA18852	0|1	1	0,1,0
NA18853	0|0	0.38	0.62,0.38,0
NA18854	1|0	1	0,1,0
NA18855	0|0	0	1,0,0
NA18856	0|1	1.02	0,0.98,0.02
NA18857	0|0	0	1,0,0
NA18858	1|1	1.96	0,0.04,0.96
NA18859	0|1	1	0,1,0
NA18860	1|0	1	0,1,0
NA18861	1|0	1	0,1,0
NA18862	0|0	0	1,0,0
NA18863	1|0	1	0,1,0
NA18867	1|1	2	0,0,1
NA18870	0|0	0.03	0.97,0.03,0
NA18871	1|0	1	0,1,0
NA18872	0|0	0	1,0,0
NA18910	1|0	1.23	0,0.77,0.23
NA18912	1|1	2	0,0,1
NA18913	0|0	0	1,0,0
NA18914	0|1	1	0,1,0
NA19027	0|0	0	1,0,0
NA19028	0|1	1	0,1,0
NA19031	0|0	0	1,0,0
NA19035	0|0	0.36	0.64,0.36,0
NA19036	0|1	1	0,1,0
NA19038	1|1	1.96	0,0.04,0.96
NA19041	0|1	1	0,1,0
NA19092	0|1	1	0,1,0
NA19093	0|1	1	0,1,0
NA19094	1|1	2	0,0,1
NA19098	0|0	0	1,0,0
NA19099	0|0	0	1,0,0
NA19100	0|0	0	1,0,0
NA19101	0|1	1	0,1,0
NA19102	1|0	1	0,1,0
NA19103	0|0	0	1,0,0
NA19108	0|0	0	1,0,0
NA19116	1|1	2	0,0,1
NA19118	0|0	0	1,0,0
NA19119	0|0	0	1,0,0
NA19120	1|0	1	0,1,0
NA19127	1|0	1	0,1,0
NA19128	1|1	2	0,0,1
NA19129	0|1	1	0,1,0
NA19130	0|1	1	0,1,0
NA19131	1|1	2	0,0,1
NA19132	1|1	2	0,0,1
NA19137	1|0	1	0,1,0
NA19138	1|0	1	0,1,0
NA19139	1|0	1.24	0,0.76,0.24
NA19140	0|0	0	1,0,0
NA19141	0|1	1.05	0,0.95,0.05
NA19142	0|0	0.01	0.99,0.01,0
NA19143	1|0	1.13	0,0.87,0.13
NA19144	0|1	1	0,1,0
NA19145	0|1	1	0,1,0
NA19146	0|1	1	0,1,0
NA19150	1|1	1.88	0,0.12,0.88
NA19152	0|0	0.01	0.99,0.01,0
NA19153	0|0	0	1,0,0
NA19154	0|0	0	1,0,0
NA19159	1|0	1	0,1,0
NA19160	1|1	2	0,0,1
NA19161	1|1	2	0,0,1
NA19171	1|0	1.3	0,0.7,0.3
NA19172	0|1	0.79	0.21,0.79,0
NA19173	0|0	0.11	0.89,0.11,0
NA19189	0|1	1	0,1,0
NA19200	0|1	1	0,1,0
NA19201	0|1	1.07	0,0.93,0.07
NA19202	0|1	1	0,1,0
NA19203	1|1	2	0,0,1
NA19204	0|1	1	0,1,0
NA19205	1|1	2	0,0,1
NA19206	0|0	0	1,0,0
NA19207	1|1	2	0,0,1
NA19208	0|1	1	0,1,0
NA19209	1|0	1	0,1,0
NA19210	1|0	1	0,1,0
NA19211	0|1	1	0,1,0
NA19213	0|0	0.16	0.84,0.16,0
NA19221	1|1	2	0,0,1
NA19222	1|0	1.4	0,0.6,0.4
NA19223	1|0	1	0,1,0
NA19238	0|0	0.01	0.99,0.01,0
NA19239	1|1	2	0,0,1
NA19240	1|0	1	0,1,0
NA19307	0|1	1	0,1,0
NA19308	0|1	1	0,1,0
NA19309	1|0	1.01	0,0.99,0.01
NA19310	1|0	1	0,1,0
NA19314	1|0	1	0,1,0
NA19315	0|0	0.09	0.91,0.09,0
NA19316	0|0	0.01	0.99,0.01,0
NA19317	1|0	1	0,1,0
NA19319	0|0	0	1,0,0
NA19321	0|1	1	0,1,0
NA19324	0|0	0.11	0.89,0.11,0
NA19327	0|1	1.06	0.01,0.93,0.06
NA19328	1|0	1	0,1,0
NA19332	1|0	0.57	0.43,0.57,0
NA19334	0|0	0.16	0.84,0.16,0
NA19346	0|0	0	1,0,0
NA19347	0|0	0.2	0.81,0.19,0
NA19350	0|1	1	0,1,0
NA19360	0|1	1.03	0,0.97,0.03
NA19372	0|0	0	1,0,0
NA19374	1|1	2	0,0,1
NA19375	1|1	1.99	0,0.01,0.99
NA19376	0|0	0	1,0,0
NA19377	0|1	1	0,1,0
NA19379	0|0	0.02	0.98,0.02,0
NA19380	1|0	1	0,1,0
NA19384	1|0	1	0,1,0
NA19385	1|1	2	0,0,1
NA19390	0|0	0.01	0.99,0.01,0
NA19391	0|1	1	0,1,0
NA19393	0|0	0	1,0,0
NA19394	0|1	1	0,1,0
NA19397	0|1	1	0,1,0
NA19399	0|0	0.26	0.74,0.26,0
NA19403	0|0	0.01	0.99,0.01,0
NA19404	0|0	0	1,0,0
NA19428	0|0	0	1,0,0
NA19429	1|1	1.88	0,0.12,0.88
NA19430	1|1	1.85	0,0.15,0.85
NA19431	0|0	0	1,0,0
NA19434	0|0	0	1,0,0
NA19435	0|1	0.96	0.04,0.96,0
NA19436	1|1	2	0,0,1
NA19437	1|0	1	0,1,0
NA19438	0|1	1.12	0,0.88,0.12
NA19439	1|0	1	0,1,0
NA19440	0|0	0	1,0,0
NA19443	0|0	0	1,0,0
NA19445	1|0	1	0.01,0.99,0
NA19446	0|0	0	1,0,0
NA19448	0|0	0	1,0,0
NA19449	1|0	1	0,1,0
NA19451	0|0	0.02	0.98,0.02,0
NA19452	1|0	1	0,1,0
NA19455	0|0	0.05	0.95,0.05,0
NA19456	0|0	0.01	0.99,0.01,0
NA19457	0|0	0	1,0,0
NA19462	1|0	1	0,1,0
NA19463	1|0	1	0,1,0
NA19466	1|1	1.99	0,0.01,0.99
NA19467	0|1	1	0,1,0
NA19468	0|1	1	0,1,0
NA19471	0|0	0.16	0.84,0.16,0
NA19472	1|0	1	0,1,0
NA19473	1|0	1.15	0,0.85,0.15
NA19474	1|1	2	0,0,1
