NA18498	1	1	0,1
NA18502	1|1	2	0,0,1
NA18505	1|0	1	0,1,0
NA18507	1	1	0,1
NA18508	1|1	2	0,0,1
NA18517	0|1	0.99	0.01,0.99,0
NA18519	1	0	0.01,0
NA18858	0|0	0.01	0.99,0.01,0
NA18861	0|0	0	1,0,0
NA18867	1|0	1	0,1,0
NA18870	1|0	1.39	0,0.61,0.39
NA18910	1	0	0.01,0
NA18912	0|1	1	0,1,0
NA19092	1	0	0.01,0
NA19093	0|1	1	0,1,0
NA19098	1	0.4	0.01,0.4
NA19099	0|1	0.99	0.01,0.99,0
NA19102	0|0	0.12	0.88,0.12,0
NA19108	1|1	2	0,0,1
NA19116	1|0	0.96	0.05,0.94,0.01
NA19118	1|0	1	0,1,0
NA19119	1	0	0.01,0
NA19129	1|0	1	0,1,0
NA19130	1	0	0.01,0
NA19131	1|1	2	0,0,1
NA19137	1|1	2	0,0,1
NA19138	1	0	0.01,0
NA19141	1	0	0.01,0
NA19143	1|0	1.13	0,0.87,0.13
NA19144	1	0.35	0.01,0.36
NA19146	1	0	0.01,0
NA19150	1	0	0.01,0
NA19152	0|0	0	1,0,0
NA19153	1	0	0.01,0
NA19159	1|0	1	0,1,0
NA19160	1	0	0.01,0
NA19171	1	0	0.01,0
NA19172	1|0	1.01	0,0.99,0.01
NA19189	1	0	0.01,0
NA19200	1	0	0.01,0
NA19201	0|0	0.04	0.96,0.04,0
NA19204	1|1	1.98	0,0.02,0.98
NA19206	1|1	2	0,0,1
NA19207	1	0.83	0.01,0.83
NA19209	1|1	2	0,0,1
NA19210	1	1	0,1
NA19213	1	0	0.01,0
NA19222	1|0	1	0,1,0
NA19223	1	0	0.01,0
NA19240	0|1	0.96	0.27,0.5,0.23
NA06985	0|1	0.86	0.14,0.86,0
NA06994	0	0	1,0
NA07000	0|1	1.01	0,0.99,0.01
NA07048	1	1	0,1
NA07056	1|0	1	0,1,0
NA07357	1	1	0,1
NA10847	1|0	1	0,1,0
NA10851	0	0	1,0
NA11829	0	0	1,0
NA11830	0|0	0	1,0,0
NA11831	0	0	1,0
NA11832	0|0	0.01	0.99,0.01,0
NA11840	0|0	0	1,0,0
NA11881	0	0	1,0
NA11992	1	1	0,1
NA11994	1	1	0,1
NA11995	0|0	0	1,0,0
NA12003	1	1	0,1
NA12004	1|0	1	0,1,0
NA12005	1	1	0,1
NA12006	1|1	2	0,0,1
NA12043	0	0	1,0
NA12044	1|0	1	0,1,0
NA12144	1	1	0,1
NA12154	0	0	1,0
NA12155	0	0.01	0.99,0.01
NA12156	0|0	0	1,0,0
NA12234	0|1	1	0,1,0
NA12249	0|1	1	0,1,0
NA12716	0	0	1,0
NA12717	0|0	0	1,0,0
NA12750	1	1	0,1
NA12751	0|0	0	1,0,0
NA12760	0	0	1,0
NA12761	1|0	0.91	0.12,0.84,0.04
NA12762	0	0.07	0.93,0.07
NA12763	0|1	0.55	0.45,0.55,0
NA12812	1	1	0,1
NA12813	0|1	1	0,1,0
NA12814	1	0.64	0.36,0.64
NA12815	0|0	0	1,0,0
NA12872	1	0.96	0.04,0.96
NA12873	1|0	1.02	0,0.98,0.02
NA12874	1	1	0,1
NA12878	0|0	0	1,0,0
NA20502	1|0	1	0,1,0
NA20504	0|0	0.12	0.88,0.12,0
NA20505	1|0	1	0,1,0
NA20506	1|1	2	0,0,1
NA20508	0|0	0.11	0.89,0.11,0
NA20509	0	0	1,0
NA20510	0	0	1,0
NA20512	1	1	0,1
NA20515	1	1	0,1
NA20516	1	1	0,1
NA20517	0|0	0.01	0.99,0.01,0
NA20518	0	0	1,0
NA20519	1	1	0,1
NA20520	0	0	1,0
NA20521	1	1	0,1
NA20522	1|1	2	0,0,1
NA20524	1	0.99	0.01,0.99
NA20525	0	0.04	0.96,0.04
NA20527	1	1	0,1
NA20528	0	0	1,0
NA20529	1|1	2	0,0,1
NA20530	0|1	0.9	0.1,0.9,0
NA20531	1|0	0.85	0.25,0.66,0.09
NA20534	0	0	1,0
NA20535	0|0	0.02	0.98,0.02,0
NA20538	0	0.36	0.64,0.36
NA20539	0	0	1,0
NA20540	0|0	0	1,0,0
NA20541	1|1	1.98	0,0.02,0.98
NA20542	0|0	0	1,0,0
NA20543	0	0.06	0.94,0.06
NA20544	0	0	1,0
NA20581	0	0	1,0
NA20582	0|0	0	1,0,0
NA20585	0|1	1	0,1,0
NA20586	0	0	1,0
NA20588	0	0	1,0
NA20589	1|1	2	0,0,1
NA20752	0	0.5	0.5,0.5
NA20753	0|0	0	1,0,0
NA20754	0	0	1,0
NA20755	0	0	1,0
NA20756	1|1	1.93	0,0.07,0.93
NA20757	0|0	0	1,0,0
NA20758	1	0.84	0.16,0.84
NA20759	0	0	1,0
NA20760	0|1	1	0,1,0
NA20761	0|0	0	1,0,0
NA20765	0	0	1,0
NA20766	0|0	0.15	0.85,0.15,0
NA20768	0|0	0	1,0,0
NA20769	0|0	0	1,0,0
NA20770	0	0	1,0
NA20771	1|0	1	0,1,0
NA20772	0|0	0	1,0,0
NA20773	1|1	2	0,0,1
NA20774	0|0	0.14	0.86,0.14,0
NA20775	1|1	1.99	0,0.01,0.99
NA20778	0	0	1,0
NA20783	0	0	1,0
NA20785	1	1	0,1
NA20786	1|0	0.54	0.46,0.54,0
NA20787	1	1	0,1
NA20790	0|0	0	1,0,0
NA20792	0	0	1,0
NA20795	1|0	0.6	0.4,0.6,0
NA20796	1	1	0,1
NA20797	0|0	0.02	0.98,0.02,0
NA20798	1	0.96	0.04,0.96
NA20799	1|1	1.87	0,0.12,0.88
NA20800	0|1	0.75	0.25,0.75,0
NA20801	1	0.58	0.42,0.58
NA20802	1|0	0.68	0.32,0.68,0
NA20803	0	0.06	0.94,0.06
NA20804	1|0	1	0,1,0
NA20805	0	0	1,0
NA20806	0	0	1,0
NA20807	0|0	0.39	0.65,0.31,0.04
NA20808	1|0	1.4	0,0.6,0.4
NA20809	0	0	1,0
NA20810	0	0	1,0
NA20811	0	0	1,0
NA20812	0	0	1,0
NA20813	0|0	0	1,0,0
NA20815	0	0	1,0
NA20818	1|0	0.98	0.02,0.98,0
NA20819	0|0	0	1,0,0
NA20826	0|0	0	1,0,0
NA20828	0|1	1	0,1,0
NA18526	0|0	0.12	0.88,0.12,0
NA18532	0|1	0.99	0.01,0.99,0
NA18537	0|0	0	1,0,0
NA18547	0|1	0.85	0.23,0.68,0.09
NA18550	0|1	0.9	0.24,0.63,0.13
NA18555	0|0	0.02	0.98,0.02,0
NA18561	0	0	1,0
NA18562	1	0.99	0.01,0.99
NA18563	0	0	1,0
NA18566	0|0	0	1,0,0
NA18577	0|0	0	1,0,0
NA18582	1|1	1.87	0,0.13,0.87
NA18603	0	0	1,0
NA18605	0	0.38	0.62,0.38
NA18606	0	0	1,0
NA18621	1	1	0,1
NA18622	0	0	1,0
NA18628	1|1	1.98	0,0.02,0.98
