NA18526	0|1	1	0,1,0
NA18532	1|1	2	0,0,1
NA18537	0|1	0.77	0.23,0.77,0
NA18547	0|0	0	1,0,0
NA18550	0|1	1.14	0,0.86,0.14
NA18555	0|0	0	1,0,0
NA18562	1|0	1	0,1,0
NA18563	0|1	1	0,1,0
NA18566	1|1	2	0,0,1
NA18572	1|0	1.4	0,0.6,0.4
NA18582	1|1	2	0,0,1
NA18603	1|0	1	0,1,0
NA18605	0|0	0	1,0,0
NA18606	1|1	2	0,0,1
NA18621	0|1	1	0,1,0
NA18622	0|0	0	1,0,0
NA18628	1|1	2	0,0,1
NA18632	1|1	2	0,0,1
NA18636	1|1	1.85	0,0.15,0.85
NA18647	0|0	0	1,0,0
NA18942	0|1	1	0,1,0
NA18943	0|1	1.41	0,0.59,0.41
NA18945	0|0	0	1,0,0
NA18947	0|1	1	0,1,0
NA18949	0|0	0.04	0.96,0.04,0
NA18951	0|0	0	1,0,0
NA18952	0|1	1	0,1,0
NA18953	0|0	0.01	0.99,0.01,0
NA18956	0|0	0	1,0,0
NA18964	0|0	0	1,0,0
NA18965	0|0	0	1,0,0
NA18970	0|0	0.02	0.98,0.02,0
NA18973	0|0	0	1,0,0
NA18974	0|0	0	1,0,0
NA18977	0|0	0.02	0.98,0.02,0
NA18987	0|0	0	1,0,0
NA18990	0|0	0	1,0,0
NA18994	0|0	0	1,0,0
NA18995	0|0	0	1,0,0
NA19000	0|0	0	1,0,0
NA19003	0|1	1.01	0,0.99,0.01
NA19010	0|1	1.15	0,0.85,0.15
