NA18498	0|0	1,0,0
NA18502	0|0	1,0,0
NA18505	0|0	0.999,0.001,0
NA18507	1|1	0,0,1
NA18508	1|0	0,1,0
NA18517	0|1	0.000993987,0.993012,0.005994
NA18519	0|1	0.000999987,0.999,0
NA18867	1|0	0,1,0
NA18870	0|1	0.000999987,0.999,0
NA19092	0|0	1,0,0
NA19098	0|0	1,0,0
NA19099	0|0	1,0,0
NA19102	0|0	1,0,0
NA19108	0|0	1,0,0
NA19118	0|0	1,0,0
NA19119	0|0	1,0,0
NA19129	0|1	0.000999987,0.999,0
NA19130	0|0	0.995,0.005,0
NA19146	0|0	1,0,0
NA19152	1|0	0,1,0
NA19160	0|0	1,0,0
NA19171	0|1	0,0.998,0.002
NA19204	0|0	0.99301,0.00698,1e-05
NA19207	1|1	0,0,1
NA19209	0|0	0.975024,0.024952,2.4e-05
NA19213	0|0	0.998,0.002,0
NA19240	0|0	1,0,0
NA11829	0|0	1,0,0
NA11831	0|1	0.00300002,0.997,0
NA11832	1|1	9.99998e-05,0.0248,0.9751
NA11840	1|1	0,0.00800002,0.992
NA11881	1|0	0.00199597,0.996008,0.001996
NA11994	0|1	0.097,0.903,0
NA11995	1|1	0,0,1
NA12004	1|1	0.00110701,0.369786,0.629107
NA12005	1|0	0,1,0
NA12043	1|1	0,0.00999999,0.99
NA12044	1|0	0,1,0
NA12144	0|0	1,0,0
NA12154	0|0	0.996,0.004,0
NA12155	1|1	0,0.00599998,0.994
NA12156	1|0	0,1,0
NA12234	1|0	0,0.607,0.393
NA12717	0|1	0.00995999,0.98608,0.00396
NA12750	1|0	0.00400001,0.996,0
NA12760	1|0	0,1,0
NA12761	0|1	0.00999999,0.99,0
NA12762	0|0	0.544,0.456,0
NA12763	0|0	1,0,0
NA12812	1|1	0,0.033,0.967
NA12813	0|0	0.999,0.001,0
NA12814	0|0	1,0,0
NA12815	1|0	0,0.802,0.198
NA12872	0|1	0.00997999,0.98804,0.00198
NA12873	1|0	0.00199997,0.998,0
NA12874	1|0	0,1,0
NA12878	1|0	0,1,0
NA18526	0|0	1,0,0
NA18537	0|0	1,0,0
NA18550	0|0	1,0,0
NA18555	0|0	0.927,0.073,0
NA18562	0|0	1,0,0
NA18563	0|0	1,0,0
NA18582	0|0	1,0,0
NA18603	0|0	1,0,0
NA18606	0|0	0.988,0.012,0
NA18621	0|0	1,0,0
NA18622	1|0	0.384,0.616,0
NA18628	0|0	1,0,0
NA18632	0|0	1,0,0
NA18636	0|0	1,0,0
NA18647	0|0	0.999,0.001,0
NA18942	0|1	0,1,0
NA18945	0|0	1,0,0
NA18947	0|0	1,0,0
NA18951	0|0	1,0,0
NA18952	0|0	0.966,0.034,0
NA18953	0|0	1,0,0
NA18965	0|0	1,0,0
NA18970	0|1	0,1,0
NA18973	1|0	0.257,0.743,0
NA18977	0|0	1,0,0
NA18987	0|0	1,0,0
NA18990	0|0	1,0,0
NA18995	0|1	0,1,0
NA19003	0|0	1,0,0
