NA11829	0|0	1,0,0
NA11831	0|1	0.00300002,0.997,0
NA11832	1|1	9.99998e-05,0.0248,0.9751
NA11840	1|1	0,0.00800002,0.992
NA11881	1|0	0.00199597,0.996008,0.001996
NA11994	0|1	0.097,0.903,0
NA11995	1|1	0,0,1
NA12004	1|1	0.00110701,0.369786,0.629107
NA12005	1|0	0,1,0
NA12043	1|1	0,0.00999999,0.99
NA12044	1|0	0,1,0
NA12144	0|0	1,0,0
NA12154	0|0	0.996,0.004,0
NA12155	1|1	0,0.00599998,0.994
NA12156	1|0	0,1,0
NA12234	1|0	0,0.607,0.393
NA12717	0|1	0.00995999,0.98608,0.00396
NA12750	1|0	0.00400001,0.996,0
NA12760	1|0	0,1,0
NA12761	0|1	0.00999999,0.99,0
NA12762	0|0	0.544,0.456,0
NA12763	0|0	1,0,0
NA12812	1|1	0,0.033,0.967
NA12813	0|0	0.999,0.001,0
NA12814	0|0	1,0,0
NA12815	1|0	0,0.802,0.198
NA12872	0|1	0.00997999,0.98804,0.00198
NA12873	1|0	0.00199997,0.998,0
NA12874	1|0	0,1,0
NA12878	1|0	0,1,0
