NA18526	0|1	0.00800002,0.992,0
NA18537	1|1	0,0.009,0.991
NA18550	0|1	0,0.999,0.001
NA18555	1|1	0,0.00400001,0.996
NA18562	1|1	0,0,1
NA18563	1|1	0,0,1
NA18582	1|1	2.80002e-05,0.010944,0.989028
NA18603	1|1	0.000255999,0.0314879,0.968256
NA18606	1|1	0,0,1
NA18621	1|1	9.99974e-07,0.00199797,0.998001
NA18622	0|0	1,0,0
NA18628	1|0	0.00599998,0.994,0
NA18632	1|1	4.90004e-05,0.0139021,0.986049
NA18636	1|1	0,0,1
NA18647	1|1	0,0,1
NA18942	1|0	0.099,0.901,0
NA18945	1|1	9.99974e-07,0.00199797,0.998001
NA18947	1|1	0,0.009,0.991
NA18951	1|0	0.005,0.995,0
NA18952	1|1	0,0,1
NA18953	0|0	1,0,0
NA18956	0|0	0.998,0.002,0
NA18965	0|0	1,0,0
NA18970	1|1	3.9999e-06,0.00399195,0.996004
NA18973	0|0	0.985056,0.014888,5.6e-05
NA18977	0|0	1,0,0
NA18987	1|1	0,0.017,0.983
NA18990	1|1	0,0,1
NA18995	1|1	0,0,1
NA19003	1|1	0,0.011,0.989
NA19010	1|1	1.09998e-05,0.011978,0.988011
