NA06985	1|1	2	0,0,1
NA06994	1|0	1	0,1,0
NA07000	0|1	1.31	0,0.69,0.31
NA07048	1|1	2	0,0,1
NA07056	1|1	2	0,0,1
NA07348	1|0	1	0,1,0
NA07357	0|0	0	1,0,0
NA10847	1|0	1	0,1,0
NA10851	0|0	0.02	0.98,0.02,0
NA11829	0|1	1	0,1,0
NA11830	0|1	1	0,1,0
NA11831	1|0	1	0,1,0
NA11832	0|0	0	1,0,0
NA11840	1|0	1	0,1,0
NA11881	1|1	2	0,0,1
NA11992	0|1	1	0,1,0
NA11994	1|1	2	0,0,1
NA11995	1|1	2	0,0,1
NA12003	0|0	0	1,0,0
NA12004	1|0	1	0,1,0
NA12005	1|1	2	0,0,1
NA12006	1|1	2	0,0,1
NA12043	1|0	1	0,1,0
NA12044	1|1	2	0,0,1
NA12144	1|1	2	0,0,1
NA12154	0|1	1	0,1,0
NA12155	0|1	1	0,1,0
NA12156	0|0	0	1,0,0
NA12234	0|1	1	0,1,0
NA12249	0|0	0	1,0,0
NA12716	0|0	0	1,0,0
NA12717	0|0	0	1,0,0
NA12750	1|0	1.21	0,0.79,0.21
NA12751	1|0	1	0,1,0
NA12760	1|0	1	0,1,0
NA12761	1|1	2	0,0,1
NA12762	0|0	0	1,0,0
NA12763	1|0	1	0,1,0
NA12812	1|1	2	0,0,1
NA12813	0|1	1	0,1,0
NA12814	0|0	0	1,0,0
NA12815	1|1	2	0,0,1
NA12872	1|0	1.41	0,0.59,0.41
NA12873	1|0	1	0,1,0
NA12874	0|0	0	1,0,0
NA12878	0|0	0	1,0,0
NA20502	0|0	0	1,0,0
NA20504	0|1	1	0,1,0
NA20505	1|0	1	0,1,0
NA20506	1|0	1	0,1,0
NA20508	0|0	0	1,0,0
NA20509	1|1	2	0,0,1
NA20510	1|0	1	0,1,0
NA20512	0|0	0	1,0,0
NA20515	1|0	1	0,1,0
NA20516	1|1	2	0,0,1
NA20517	1|1	2	0,0,1
NA20518	1|1	2	0,0,1
NA20519	1|0	0.96	0.04,0.96,0
NA20520	1|1	2	0,0,1
NA20521	1|0	1	0,1,0
NA20522	0|1	1	0,1,0
NA20524	0|1	1	0,1,0
NA20525	1|0	1	0,1,0
NA20527	0|1	1	0,1,0
NA20528	1|0	1	0,1,0
NA20529	1|0	1	0,1,0
NA20530	1|0	1	0,1,0
NA20531	1|1	2	0,0,1
NA20534	1|1	1.73	0,0.27,0.73
NA20535	1|0	1	0,1,0
NA20538	1|0	1	0,1,0
NA20539	0|1	1	0,1,0
NA20540	1|0	1.04	0,0.96,0.04
NA20541	1|0	1	0,1,0
NA20542	1|0	1	0,1,0
NA20543	1|1	2	0,0,1
NA20544	0|0	0	1,0,0
NA20581	0|1	1	0,1,0
NA20582	1|0	1	0,1,0
NA20585	1|1	2	0,0,1
NA20586	1|0	1	0,1,0
NA20588	0|0	0	1,0,0
NA20589	1|1	2	0,0,1
NA20752	0|0	0.01	0.99,0.01,0
NA20753	1|1	2	0,0,1
NA20754	1|0	1	0,1,0
NA20755	1|1	2	0,0,1
NA20756	1|1	2	0,0,1
NA20757	0|1	1	0,1,0
NA20758	0|0	0.03	0.97,0.03,0
NA20759	0|0	0	1,0,0
NA20760	0|0	0	1,0,0
NA20761	0|1	1	0,1,0
NA20765	1|0	1	0,1,0
NA20766	1|0	1	0,1,0
NA20768	0|0	0	1,0,0
NA20769	0|1	1	0,1,0
NA20770	1|1	2	0,0,1
NA20771	1|1	1.96	0,0.04,0.96
NA20772	0|1	1	0,1,0
NA20773	0|0	0.11	0.89,0.11,0
NA20774	0|1	1	0,1,0
NA20775	0|0	0	1,0,0
NA20778	1|0	1	0,1,0
NA20783	0|1	1	0,1,0
NA20785	1|0	1	0,1,0
NA20786	1|0	1	0,1,0
NA20787	0|0	0	1,0,0
NA20790	1|1	2	0,0,1
NA20792	0|1	1	0,1,0
NA20795	1|1	2	0,0,1
NA20796	1|0	1	0,1,0
NA20797	0|0	0	1,0,0
NA20798	1|0	1	0,1,0
NA20799	1|1	2	0,0,1
NA20800	0|0	0	1,0,0
NA20801	1|1	2	0,0,1
NA20802	0|0	0.31	0.69,0.31,0
NA20803	0|0	0	1,0,0
NA20804	1|1	2	0,0,1
NA20805	0|1	1	0,1,0
NA20806	1|1	2	0,0,1
NA20807	1|1	2	0,0,1
NA20808	0|1	1	0,1,0
NA20809	0|1	1	0,1,0
NA20810	0|1	1	0,1,0
NA20811	1|1	2	0,0,1
NA20812	1|1	1.83	0,0.17,0.83
NA20813	0|0	0	1,0,0
NA20815	1|0	1	0,1,0
NA20818	0|1	1	0,1,0
NA20819	0|0	0	1,0,0
NA20826	1|0	1.12	0,0.88,0.12
NA20828	1|1	2	0,0,1
