NA18526	0|0	0	1,0,0
NA18537	0|0	0	1,0,0
NA18550	1|0	1	0,1,0
NA18555	0|0	0.12	0.88,0.12,0
NA18562	0|0	0	1,0,0
NA18563	0|0	0	1,0,0
NA18582	0|0	0	1,0,0
NA18603	0|0	0	1,0,0
NA18606	0|0	0.04	0.96,0.04,0
NA18621	0|0	0	1,0,0
NA18622	0|0	0	1,0,0
NA18628	0|0	0	1,0,0
NA18632	0|0	0	1,0,0
NA18636	0|0	0	1,0,0
NA18647	0|0	0	1,0,0
NA18942	0|1	1	0,1,0
NA18945	0|0	0	1,0,0
NA18947	0|0	0	1,0,0
NA18951	0|0	0	1,0,0
NA18952	0|0	0	1,0,0
NA18953	0|0	0	1,0,0
NA18965	0|0	0.07	0.93,0.07,0
NA18970	0|1	1	0,1,0
NA18973	0|0	0.23	0.77,0.23,0
NA18977	0|0	0.01	0.99,0.01,0
NA18987	0|0	0	1,0,0
NA18990	1|0	0.97	0.03,0.97,0
NA18995	0|1	1	0,1,0
NA19003	0|0	0	1,0,0
