NA18526	1|1	0,0.00199997,0.998
NA18532	0|0	1,0,0
NA18537	1|1	7.00002e-05,0.01686,0.98307
NA18542	1|1	0.000472001,0.121056,0.878472
NA18545	1|1	0,0.00800002,0.992
NA18547	1|1	7.70002e-05,0.017846,0.982077
NA18550	1|1	0,0.026,0.974
NA18552	1|1	0,0.014,0.986
NA18555	1|1	0,0,1
NA18558	1|1	1.59998e-05,0.016968,0.983016
NA18561	1|1	0,0.000999987,0.999
NA18562	1|1	0,0.005,0.995
NA18563	1|1	6.99992e-05,0.03686,0.96307
NA18564	1|1	0,0.00199997,0.998
NA18566	1|1	0,0.00199997,0.998
NA18570	0|0	1,0,0
NA18571	1|1	0,0.00999999,0.99
NA18572	1|1	3.99996e-06,0.004992,0.995004
NA18573	1|1	1.19998e-05,0.00797596,0.992012
NA18577	0|0	1,0,0
NA18579	1|1	2.99998e-06,0.00399401,0.996003
NA18582	1|0	0.019,0.981,0
NA18592	0|1	0.00800002,0.992,0
NA18593	0|0	0.999,0.001,0
NA18603	1|1	3.00002e-05,0.01294,0.98703
NA18605	1|1	7.99991e-06,0.00598398,0.994008
NA18608	0|1	0.00400001,0.996,0
NA18609	1|1	1.39999e-05,0.008972,0.991014
NA18611	1|1	2.4e-05,0.00995199,0.990024
NA18612	1|0	0.00300002,0.997,0
NA18620	0|1	0.00800002,0.992,0
NA18621	1|1	0,0.02,0.98
NA18622	1|1	1.99995e-06,0.00299596,0.997002
NA18623	1|1	0.001827,0.104346,0.893827
NA18624	1|1	0,0.00300002,0.997
NA18632	1|1	0,0.00199997,0.998
NA18633	1|1	0.000108,0.020784,0.979108
NA18635	1|1	0,0.00700003,0.993
NA18636	1|1	0,0.009,0.991
NA18637	0|1	0.00199997,0.998,0
NA18940	1|1	0,0,1
NA18942	1|0	0,1,0
NA18943	1|1	0,0,1
NA18944	1|1	0,0.00700003,0.993
NA18945	0|1	0.012,0.988,0
NA18947	1|1	2.10002e-05,0.00995805,0.990021
NA18948	1|1	7.19991e-05,0.037856,0.962072
NA18949	1|1	4.80002e-05,0.015904,0.984048
NA18951	1|1	0,0.014,0.986
NA18952	1|1	0,0.047,0.953
NA18953	1|1	0,0.009,0.991
NA18956	0|1	0.00300002,0.997,0
NA18959	0|1	0,1,0
NA18960	1|1	0,0,1
NA18961	1|1	0,0,1
NA18964	1|1	0.000432003,0.146136,0.853432
NA18965	0|1	0,0.999,0.001
NA18966	1|1	0,0.014,0.986
NA18967	1|0	0.00199997,0.998,0
NA18968	1|1	0,0.018,0.982
NA18969	1|1	0,0.00999999,0.99
NA18970	1|1	0,0,1
NA18971	1|1	0,0,1
NA18972	1|1	0,0,1
NA18973	1|1	0,0.00199997,0.998
NA18974	1|1	0,0.00999999,0.99
NA18975	1|1	0,0.000999987,0.999
NA18976	1|0	0,1,0
NA18978	1|1	0,0,1
NA18980	1|1	0,0.005,0.995
NA18981	1|1	0,0.00700003,0.993
NA18987	1|1	0,0.054,0.946
NA18990	1|1	4.69994e-05,0.047906,0.952047
NA18991	1|1	0,0.00199997,0.998
NA18992	1|1	0,0.009,0.991
NA18994	1|1	4e-05,0.01392,0.98604
NA18995	1|1	0.000198,0.028604,0.971198
NA18997	1|1	0,0.017,0.983
NA18998	0|1	0.00300002,0.997,0
NA18999	1|1	0,0.026,0.974
NA19000	0|1	0,0.998,0.002
NA19003	1|1	0,0.00199997,0.998
NA19005	0|1	0.07896,0.90908,0.01196
NA19007	0|1	0.009,0.991,0
NA19012	0|1	0.00599998,0.994,0
