NA18526	0|0	0.999,0.001,0
NA18532	1|1	0,0.00599998,0.994
NA18537	0|0	0.999,0.001,0
NA18547	0|0	1,0,0
NA18550	0|0	1,0,0
NA18555	0|1	0.00599998,0.994,0
NA18561	1|0	0,1,0
NA18562	1|0	0.00199997,0.998,0
NA18563	0|0	1,0,0
NA18566	0|0	1,0,0
NA18572	1|0	0,1,0
NA18577	1|0	0,1,0
NA18582	0|0	1,0,0
NA18603	0|0	1,0,0
NA18605	0|1	0.036963,0.962074,0.000963
NA18606	0|0	1,0,0
NA18621	1|0	0.00800002,0.992,0
NA18622	1|0	0,1,0
NA18628	1|0	0,1,0
NA18632	0|1	0,1,0
NA18636	0|0	1,0,0
NA18647	1|0	0.00300002,0.997,0
NA18942	0|0	1,0,0
NA18943	0|0	1,0,0
NA18945	0|0	1,0,0
NA18947	0|0	1,0,0
NA18949	0|0	1,0,0
NA18951	0|1	0.000999987,0.999,0
NA18952	0|0	1,0,0
NA18953	0|1	0.00199997,0.998,0
NA18956	0|0	0.998001,0.001998,1e-06
NA18964	0|0	1,0,0
NA18965	0|0	0.998,0.002,0
NA18970	0|1	0,1,0
NA18973	0|0	1,0,0
NA18974	0|0	1,0,0
NA18980	1|0	0.00300002,0.997,0
NA18987	0|1	0,1,0
NA18990	1|0	0,1,0
NA18994	0|0	1,0,0
NA18995	0|0	1,0,0
NA19000	0|0	1,0,0
NA19003	1|0	0.00300002,0.997,0
NA19010	0|0	0.999,0.001,0
