NA06985	1|0	1	0,1,0
NA06991	1|0	1	0,1,0
NA06993	0|0	0	1,0,0
NA06994	1|0	1	0,1,0
NA07000	1|1	2	0,0,1
NA07019	0|0	0	1,0,0
NA07022	0|0	0	1,0,0
NA07029	1|1	2	0,0,1
NA07034	0|0	0	1,0,0
NA07048	0|0	0	1,0,0
NA07055	0|0	0	1,0,0
NA07056	0|1	1	0,1,0
NA07345	1|1	2	0,0,1
NA07348	1|1	2	0,0,1
NA07357	0|1	1	0,1,0
NA10830	0|1	1	0,1,0
NA10831	0|0	0	1,0,0
NA10835	0|0	0	1,0,0
NA10838	0|0	0	1,0,0
NA10839	1|0	1	0,1,0
NA10846	1|1	2	0,0,1
NA10847	0|1	1	0,1,0
NA10851	0|0	0	1,0,0
NA10854	1|0	1	0,1,0
NA10855	0|1	1	0,1,0
NA10856	1|1	2	0,0,1
NA10857	1|0	1	0,1,0
NA10859	1|0	1	0,1,0
NA10860	1|0	1	0,1,0
NA10861	1|0	1	0,1,0
NA10863	0|0	0	1,0,0
NA11829	1|1	2	0,0,1
NA11830	1|1	2	0,0,1
NA11831	1|1	2	0,0,1
NA11832	0|1	1	0,1,0
NA11839	1|0	1	0,1,0
NA11840	0|0	0	1,0,0
NA11881	0|1	1	0,1,0
NA11882	0|1	1	0,1,0
NA11992	1|0	1	0,1,0
NA11993	0|1	1	0,1,0
NA11994	0|0	0	1,0,0
NA11995	0|1	1	0,1,0
NA12003	0|1	1	0,1,0
NA12004	0|0	0	1,0,0
NA12005	0|1	1	0,1,0
NA12006	0|0	0	1,0,0
NA12043	0|1	1	0,1,0
NA12044	0|1	1	0,1,0
NA12056	0|0	0	1,0,0
NA12057	0|1	1	0,1,0
NA12144	1|0	1	0,1,0
NA12145	0|1	1	0,1,0
NA12146	1|1	2	0,0,1
NA12154	0|1	1	0,1,0
NA12155	0|1	1	0,1,0
NA12156	0|1	1	0,1,0
NA12234	0|0	0	1,0,0
NA12236	0|1	1	0,1,0
NA12239	0|0	0	1,0,0
NA12248	0|0	0	1,0,0
NA12249	0|0	0.03	0.97,0.03,0
NA12264	0|0	0	1,0,0
NA12707	1|0	1	0,1,0
NA12716	1|0	1	0,1,0
NA12717	0|0	0	1,0,0
NA12740	1|0	1	0,1,0
NA12750	0|1	1	0,1,0
NA12751	1|1	2	0,0,1
NA12752	0|1	1	0,1,0
NA12753	0|0	0	1,0,0
NA12760	1|1	2	0,0,1
NA12761	0|1	1	0,1,0
NA12762	0|0	0	1,0,0
NA12763	0|1	1	0,1,0
NA12801	0|0	0	1,0,0
NA12802	1|0	1	0,1,0
NA12812	0|0	0	1,0,0
NA12813	0|0	0	1,0,0
NA12814	1|1	2	0,0,1
NA12815	0|0	0	1,0,0
NA12864	1|1	2	0,0,1
NA12865	0|0	0	1,0,0
NA12872	1|0	1	0,1,0
NA12873	1|1	2	0,0,1
NA12874	0|0	0	1,0,0
NA12875	0|0	0	1,0,0
NA12878	0|0	0	1,0,0
NA12891	0|0	0	1,0,0
NA12892	0|0	0	1,0,0
NA20502	0|1	1	0,1,0
NA20504	1|1	2	0,0,1
NA20505	0|1	1	0,1,0
NA20506	0|1	1	0,1,0
NA20508	1|1	2	0,0,1
NA20509	0|0	0	1,0,0
NA20510	0|1	1	0,1,0
NA20512	0|0	0	1,0,0
NA20515	1|1	2	0,0,1
NA20516	0|0	0	1,0,0
NA20517	1|0	1	0,1,0
NA20518	0|0	0	1,0,0
NA20519	1|0	1	0,1,0
NA20520	0|0	0	1,0,0
NA20521	0|0	0	1,0,0
NA20522	1|0	1.06	0,0.94,0.06
NA20524	1|1	1.94	0,0.06,0.94
NA20525	0|1	1	0,1,0
NA20527	0|1	1	0,1,0
NA20528	1|0	1	0,1,0
NA20529	0|1	0.55	0.45,0.55,0
NA20530	1|1	2	0,0,1
NA20531	0|0	0	1,0,0
NA20534	0|0	0	1,0,0
NA20535	0|1	0.98	0.02,0.98,0
NA20538	0|1	1	0,1,0
NA20539	1|1	1.94	0,0.06,0.94
NA20540	1|0	0.69	0.31,0.69,0
NA20541	0|1	1	0,1,0
NA20542	0|0	0	1,0,0
NA20543	1|1	2	0,0,1
NA20544	1|0	1	0,1,0
NA20581	0|0	0	1,0,0
NA20582	1|0	1	0,1,0
NA20585	0|0	0	1,0,0
NA20586	0|1	1	0,1,0
NA20588	0|0	0	1,0,0
NA20589	0|1	1	0,1,0
NA20752	1|1	1.98	0,0.02,0.98
NA20753	0|0	0	1,0,0
NA20754	0|0	0	1,0,0
NA20755	0|0	0	1,0,0
NA20756	1|0	1	0,1,0
NA20757	1|1	2	0,0,1
NA20758	0|0	0	1,0,0
NA20759	0|0	0	1,0,0
NA20760	0|0	0	1,0,0
NA20761	1|0	1	0,1,0
NA20765	1|0	1	0,1,0
NA20766	0|0	0	1,0,0
NA20768	1|1	1.83	0,0.17,0.83
NA20769	1|1	2	0,0,1
NA20770	0|1	1	0,1,0
NA20771	1|1	2	0,0,1
NA20772	0|0	0	1,0,0
NA20773	0|1	1	0,1,0
NA20774	0|0	0	1,0,0
NA20778	1|1	2	0,0,1
NA20783	0|0	0	1,0,0
NA20785	0|0	0	1,0,0
NA20786	1|0	1	0,1,0
NA20787	1|0	1	0,1,0
NA20790	0|0	0	1,0,0
NA20792	0|1	1.47	0,0.53,0.47
NA20795	0|0	0	1,0,0
NA20796	0|1	1	0,1,0
NA20797	0|1	1	0,1,0
NA20798	1|0	1	0,1,0
NA20799	0|1	0.77	0.23,0.77,0
NA20800	0|0	0	1,0,0
NA20801	0|1	1	0,1,0
NA20802	0|1	1	0,1,0
NA20803	0|1	1	0,1,0
NA20804	0|1	1	0,1,0
NA20805	0|0	0	1,0,0
NA20806	0|0	0	1,0,0
NA20807	0|0	0	1,0,0
NA20808	1|1	2	0,0,1
NA20809	1|1	2	0,0,1
NA20810	1|0	1	0,1,0
NA20811	1|1	2	0,0,1
NA20812	1|1	2	0,0,1
NA20813	1|1	1.76	0,0.24,0.76
NA20815	1|1	2	0,0,1
NA20818	0|1	1	0,1,0
NA20819	0|1	1	0,1,0
NA20826	1|0	1	0,1,0
NA20828	0|1	1	0,1,0
