NA18526	0|1	1.12	0,0.88,0.12
NA18537	1|1	2	0,0,1
NA18550	0|1	1.02	0,0.98,0.02
NA18555	0|1	1.17	0,0.83,0.17
NA18562	1	0	0.01,0
NA18563	1	0	0.01,0
NA18582	1|1	2	0,0,1
NA18603	1	0	0.01,0
NA18606	1	0	0.01,0
NA18621	1	0	0.01,0
NA18622	1	0.75	0.01,0.75
NA18628	1|0	1	0,1,0
NA18632	1	0.01	0.01,0.01
NA18636	1	0	0.01,0
NA18647	1	0	0.01,0
NA18942	0|0	0.01	0.99,0.01,0
NA18945	1	0	0.01,0
NA18947	1|1	2	0,0,1
NA18951	1|0	1	0,1,0
NA18952	1	0	0.01,0
NA18953	1	1	0,1
NA18956	0|0	0	1,0,0
NA18965	1	0.87	0.01,0.88
NA18970	1	0	0.01,0
NA18973	0|0	0.01	0.99,0.01,0
NA18977	1	1	0,1
NA18987	0|1	1	0,1,0
NA18990	1	0	0.01,0
NA18995	1	0	0.01,0
NA19003	1|1	2	0,0,1
NA19010	1|1	2	0,0,1
