NA06985	1|1	9.99974e-07,0.00199797,0.998001
NA06994	0|1	0,1,0
NA07000	0|1	0.004975,0.99005,0.004975
NA07048	0|1	0,1,0
NA07056	1|1	0,0.00199997,0.998
NA07348	1|0	0,1,0
NA07357	0|0	1,0,0
NA10847	1|0	0.00199997,0.998,0
NA10851	0|0	0.998001,0.001998,1e-06
NA11829	1|0	0.00199997,0.998,0
NA11830	0|1	0.00700003,0.993,0
NA11831	1|0	0.005,0.995,0
NA11832	0|0	1,0,0
NA11840	0|1	0.00700003,0.993,0
NA11881	1|1	0,0.000999987,0.999
NA11992	1|1	1.99995e-06,0.00299596,0.997002
NA11994	1|1	0,0,1
NA11995	1|1	0,0.005,0.995
NA12003	0|0	1,0,0
NA12004	0|1	0,0.999,0.001
NA12005	1|1	0,0.00300002,0.997
NA12006	1|1	6.99994e-06,0.00798602,0.992007
NA12043	0|1	0,1,0
NA12044	1|0	0,1,0
NA12144	1|1	0,0.00400001,0.996
NA12154	1|1	5.99996e-06,0.004988,0.995006
NA12155	0|1	0.00300002,0.997,0
NA12156	0|0	1,0,0
NA12234	0|1	0,0.995,0.005
NA12249	0|0	1,0,0
NA12716	0|0	0.999,0.001,0
NA12717	0|0	0.996,0.004,0
NA12750	1|1	0,0.000999987,0.999
NA12751	0|1	0,1,0
NA12760	0|0	1,0,0
NA12761	1|1	0,0,1
NA12762	1|0	0.00700003,0.993,0
NA12763	0|1	0,1,0
NA12812	1|1	0,0.000999987,0.999
NA12813	0|0	1,0,0
NA12814	0|0	1,0,0
NA12815	1|1	0,0.00300002,0.997
NA12872	1|1	0,0.000999987,0.999
NA12873	1|0	0.005,0.995,0
NA12874	0|0	0.994,0.006,0
NA12878	0|0	1,0,0
NA20502	0|0	1,0,0
NA20504	1|0	0.00400001,0.996,0
NA20505	0|1	0,1,0
NA20506	1|1	0,0,1
NA20508	0|0	1,0,0
NA20509	1|1	5.99996e-06,0.004988,0.995006
NA20510	1|0	0.000999987,0.999,0
NA20512	0|0	0.999,0.001,0
NA20515	0|1	0,0.999,0.001
NA20516	1|1	0,0.00400001,0.996
NA20517	1|1	0,0.00199997,0.998
NA20518	1|1	0,0.00300002,0.997
NA20519	0|1	0.00400001,0.996,0
NA20520	1|1	9.99974e-07,0.00199797,0.998001
NA20521	1|0	0,1,0
NA20522	1|0	0,1,0
NA20524	0|1	0,1,0
