NA06985	0|1	0,1,0
NA06991	0|0	1,0,0
NA06993	1|0	0.000999987,0.999,0
NA06994	0|1	0,1,0
NA07000	1|0	0,1,0
NA07019	0|1	0,1,0
NA07022	0|1	0.00199997,0.998,0
NA07029	0|1	0,1,0
NA07034	1|1	0,0,1
NA07048	1|1	0,0,1
NA07055	1|1	0,0,1
NA07056	1|1	0,0,1
NA07345	0|1	0,0.989,0.011
NA07348	1|1	0,0,1
NA07357	1|1	0,0,1
NA10830	1|1	0,0,1
NA10831	1|1	0,0,1
NA10835	1|1	0,0.000999987,0.999
NA10838	1|1	0,0.00400001,0.996
NA10839	1|1	0,0,1
NA10846	0|1	0,1,0
NA10847	1|1	0,0,1
NA10851	1|1	0,0,1
NA10854	1|1	0,0,1
NA10855	0|1	0,1,0
NA10856	1|1	0,0,1
NA10857	1|0	0,1,0
NA10859	1|1	0,0,1
NA10860	1|1	0,0,1
NA10861	1|1	0,0,1
NA10863	1|0	0,1,0
NA11829	1|1	0,0.00199997,0.998
NA11830	1|1	3.39996e-05,0.018932,0.981034
NA11831	0|1	0,1,0
NA11832	1|1	0,0.00700003,0.993
NA11839	0|1	0,1,0
NA11840	1|1	0,0,1
NA11881	1|1	0,0,1
NA11882	1|1	0,0.000999987,0.999
NA11992	1|0	0,1,0
NA11993	1|1	0,0.013,0.987
NA11994	1|1	0,0.005,0.995
NA11995	1|1	0,0.005,0.995
NA12003	1|1	0,0.00300002,0.997
NA12004	1|1	0,0,1
NA12005	1|1	0,0.00599998,0.994
NA12006	1|1	0,0,1
NA12043	1|1	0,0.00199997,0.998
NA12044	1|0	0,1,0
NA12056	1|0	0,1,0
NA12057	1|1	0,0.00300002,0.997
NA12144	1|1	0,0,1
NA12145	0|1	0.00199997,0.998,0
NA12146	1|0	0,1,0
NA12154	1|1	0,0,1
NA12155	1|1	0,0.00300002,0.997
NA12156	1|1	0,0,1
NA12234	1|1	0,0,1
NA12236	1|1	0,0,1
NA12239	1|1	0,0.000999987,0.999
NA12248	1|1	0,0.00300002,0.997
NA12249	1|1	0,0.000999987,0.999
NA12264	0|1	0,1,0
NA12707	1|1	0,0.000999987,0.999
NA12716	1|0	0,1,0
NA12717	1|1	0,0.00199997,0.998
NA12740	1|1	0,0,1
NA12750	1|1	0,0.00300002,0.997
NA12751	1|1	0,0,1
NA12752	1|1	0,0,1
NA12753	1|1	0,0,1
NA12760	1|1	0,0,1
NA12761	1|1	0,0,1
NA12762	1|1	9.99974e-07,0.00199797,0.998001
NA12763	1|1	0,0.000999987,0.999
NA12801	0|1	0,1,0
NA12802	1|0	0,0.998,0.002
NA12812	1|0	0,1,0
NA12813	1|1	0,0.000999987,0.999
NA12814	0|0	0.992,0.008,0
NA12815	1|1	0,0,1
NA12864	1|1	0,0,1
NA12865	1|1	0,0,1
NA12872	1|1	0,0.000999987,0.999
NA12873	1|1	0,0,1
NA12874	1|1	0,0.000999987,0.999
NA12875	1|1	0,0.00400001,0.996
NA12878	0|1	0,1,0
NA12891	1|0	0.00300002,0.997,0
NA12892	1|1	0,0,1
NA20502	1|1	0,0.00800002,0.992
NA20504	1|1	0,0.00400001,0.996
NA20505	1|0	0.000999987,0.999,0
NA20506	1|0	0,1,0
NA20508	1|1	0,0.00700003,0.993
NA20509	1|1	2.99996e-05,0.03094,0.96903
NA20510	1|1	0,0,1
NA20512	1|1	0,0.00300002,0.997
NA20515	1|1	0,0.000999987,0.999
NA20516	1|0	0,1,0
NA20517	1|1	0,0,1
NA20518	1|1	0,0.011,0.989
NA20519	0|1	0.000623992,0.623752,0.375624
NA20520	1|0	0,0.997,0.003
NA20521	1|1	0,0.00999999,0.99
NA20522	1|1	0,0.00300002,0.997
NA20524	1|1	1.39999e-05,0.008972,0.991014
NA20525	0|1	0,1,0
NA20527	1|1	5.99996e-06,0.004988,0.995006
NA20528	1|0	0.00798402,0.990032,0.001984
NA20529	1|0	0.00800002,0.992,0
NA20530	0|1	0,1,0
NA20531	1|1	0,0.005,0.995
NA20534	1|1	0,0,1
NA20535	1|1	3.9999e-06,0.00399195,0.996004
NA20538	1|1	0,0,1
NA20539	0|1	0,0.923,0.077
NA20540	1|1	0,0.036,0.964
NA20541	1|1	0,0,1
NA20542	1|1	0,0,1
NA20543	1|1	0,0.000999987,0.999
NA20544	1|1	0,0,1
NA20581	1|1	0,0.00800002,0.992
NA20582	1|1	0,0,1
NA20585	1|1	0,0,1
NA20586	1|0	0,1,0
NA20588	0|1	0,1,0
NA20589	1|0	0,1,0
NA20752	0|1	0,0.903,0.097
NA20753	1|0	0,1,0
NA20754	1|1	9.99974e-07,0.00199797,0.998001
NA20755	1|1	0,0.000999987,0.999
NA20756	1|1	2.40002e-05,0.010952,0.989024
NA20757	1|1	0.000102,0.022796,0.977102
NA20758	1|1	0,0,1
NA20759	0|1	0.000998987,0.998002,0.000999
NA20760	1|1	0,0.005,0.995
NA20761	1|0	0,1,0
NA20765	1|1	0,0,1
NA20766	0|1	0.00199997,0.998,0
NA20768	0|0	1,0,0
NA20769	1|1	0,0.00400001,0.996
NA20770	1|0	0,1,0
NA20771	1|1	5.99996e-06,0.004988,0.995006
NA20772	1|1	0,0.000999987,0.999
NA20773	1|1	0,0.00300002,0.997
NA20774	1|1	0,0.000999987,0.999
NA20775	1|1	0,0.005,0.995
NA20778	1|0	0.00300002,0.997,0
NA20783	1|1	1.99995e-06,0.00299596,0.997002
NA20785	1|1	0,0.00199997,0.998
NA20786	1|1	1.99995e-06,0.00299596,0.997002
NA20787	1|1	0,0.011,0.989
NA20790	1|1	0,0,1
NA20792	1|0	0,1,0
NA20795	1|1	0,0.000999987,0.999
NA20796	1|1	0,0,1
NA20797	1|1	1.99995e-06,0.00299596,0.997002
NA20798	1|1	0,0.000999987,0.999
NA20799	1|0	0.000827989,0.827344,0.171828
NA20800	1|1	0,0.011,0.989
NA20801	1|1	0,0.022,0.978
NA20802	1|1	0,0.00700003,0.993
NA20803	1|1	0,0.067,0.933
NA20804	1|1	0,0.00199997,0.998
NA20805	1|1	1.59998e-05,0.00996799,0.990016
NA20806	1|1	0,0.00999999,0.99
NA20807	0|1	0,1,0
NA20808	1|1	0,0.061,0.939
NA20809	1|1	3.60003e-05,0.014928,0.985036
NA20810	1|0	0.00199997,0.998,0
NA20811	0|1	0,1,0
NA20812	1|1	0,0,1
NA20813	1|1	0,0.00999999,0.99
NA20815	1|0	0.021,0.979,0
NA20818	1|1	0.000774005,0.259452,0.739774
NA20819	1|1	4.99993e-06,0.00598998,0.994005
NA20826	1|0	0,1,0
NA20828	1|1	0,0.00400001,0.996
