NA18498	1|1	0,0,1
NA18502	0|0	0.999,0.001,0
NA18505	0|1	0,1,0
NA18507	1|1	4.90004e-05,0.0139021,0.986049
NA18508	1|1	0,0.00199997,0.998
NA18517	1|0	0,1,0
NA18519	0|0	1,0,0
NA18867	0|0	0.993,0.007,0
NA18870	1|1	0,0.000999987,0.999
NA18910	0|0	1,0,0
NA19092	0|0	1,0,0
NA19098	0|0	1,0,0
NA19099	1|0	0,1,0
NA19102	1|1	0,0.00400001,0.996
NA19108	0|0	1,0,0
NA19118	0|0	1,0,0
NA19119	0|0	1,0,0
NA19129	1|1	2.99998e-06,0.00399401,0.996003
NA19130	0|0	1,0,0
NA19141	0|0	0.994009,0.005982,9e-06
NA19146	1|1	0,0,1
NA19150	1|1	0,0,1
NA19152	1|0	0,1,0
NA19160	1|1	0,0,1
NA19171	0|0	1,0,0
NA19204	1|0	0,1,0
NA19206	0|0	0.999,0.001,0
NA19207	0|0	1,0,0
NA19209	0|1	0,1,0
NA19213	0|0	1,0,0
NA19240	0|1	0.100899,0.898202,0.000899
