NA18498	1|0	0,0.999,0.001
NA18500	1|0	0,1,0
NA18501	0|0	1,0,0
NA18502	1|1	0,0,1
NA18503	1|0	0,1,0
NA18504	0|0	1,0,0
NA18505	1|0	0,1,0
NA18506	1|1	0,0,1
NA18507	1|0	0,1,0
NA18508	1|1	1.59998e-05,0.00996799,0.990016
NA18515	1|0	0.00199997,0.998,0
NA18516	1|1	9.99974e-07,0.00199797,0.998001
NA18517	1|0	0,1,0
NA18519	0|0	1,0,0
NA18521	1|1	0,0.00199997,0.998
NA18522	1|1	0,0.238,0.762
NA18523	1|0	0.010989,0.988022,0.000989
NA18852	0|1	0.000998987,0.998002,0.000999
NA18853	1|1	0,0,1
NA18854	1|1	0,0.000999987,0.999
NA18855	0|1	0.293,0.707,0
NA18856	1|1	0,0.00700003,0.993
NA18857	1|0	0,1,0
NA18858	1|1	0,0,1
NA18859	1|1	0,0,1
NA18860	1|1	0,0,1
NA18861	1|1	0,0,1
NA18862	1|0	0.00300002,0.997,0
NA18863	0|1	0,1,0
NA18867	1|0	0.005,0.995,0
NA18870	1|0	0,1,0
NA18871	1|1	0,0.000999987,0.999
NA18872	1|1	0,0,1
NA18910	1|1	0,0,1
NA18912	0|1	0,0.993,0.007
NA18913	1|1	1.39999e-05,0.008972,0.991014
NA18914	1|1	0,0.000999987,0.999
NA19027	1|1	0,0,1
NA19028	1|0	0,0.995,0.005
NA19031	1|1	0,0,1
NA19035	1|0	0.00146598,0.732068,0.266466
NA19036	0|0	0.993,0.007,0
NA19038	0|0	1,0,0
NA19041	0|0	0.97706,0.02288,6e-05
NA19092	0|1	0,0.991,0.009
NA19093	0|0	1,0,0
NA19094	0|1	0,1,0
NA19098	1|1	0,0,1
NA19099	1|1	0,0,1
NA19100	1|1	0,0,1
NA19101	1|1	5.99996e-06,0.004988,0.995006
NA19102	1|1	2.99999e-05,0.01094,0.98903
NA19103	1|1	0,0,1
NA19108	1|0	0.005,0.995,0
NA19116	0|0	0.998,0.002,0
NA19118	0|1	0,1,0
NA19119	1|1	0,0.000999987,0.999
NA19120	1|0	0.00300002,0.997,0
NA19127	0|0	0.998,0.002,0
NA19128	0|1	0.00198797,0.992024,0.005988
NA19129	1|0	0,1,0
NA19130	1|0	0,0.912,0.088
NA19131	0|0	0.982,0.018,0
NA19132	1|0	0,1,0
NA19137	0|1	0,1,0
NA19138	0|1	0.014,0.986,0
NA19139	0|0	1,0,0
NA19140	0|1	0,1,0
NA19141	0|0	1,0,0
NA19142	0|0	1,0,0
NA19143	0|0	0.997,0.003,0
NA19144	0|0	0.996,0.004,0
NA19145	0|0	1,0,0
NA19146	0|0	0.987,0.013,0
NA19150	0|1	0,1,0
NA19152	0|1	0,1,0
NA19153	0|0	1,0,0
NA19154	0|1	0,1,0
NA19159	1|1	0,0,1
NA19160	1|0	0.00300002,0.997,0
NA19161	0|1	0.000999987,0.999,0
NA19171	1|1	0,0.00599998,0.994
NA19172	0|1	0,0.988,0.012
NA19173	1|1	0,0,1
NA19189	1|0	0.005,0.995,0
NA19200	0|0	1,0,0
NA19201	0|0	1,0,0
NA19202	0|0	1,0,0
NA19203	1|0	0.00300002,0.997,0
NA19204	1|1	0,0.045,0.955
NA19205	1|1	0,0.00300002,0.997
NA19206	0|0	1,0,0
NA19207	0|1	0,1,0
NA19208	1|0	0,1,0
NA19209	1|0	0,1,0
NA19210	1|1	0,0.00400001,0.996
NA19211	1|0	0,1,0
NA19213	1|1	0,0,1
NA19221	0|1	0,1,0
NA19222	0|0	1,0,0
NA19223	1|1	0,0.009,0.991
NA19238	1|1	0,0.016,0.984
NA19239	1|1	0,0,1
NA19240	1|1	0,0,1
NA19307	1|0	0,1,0
NA19308	0|0	1,0,0
NA19309	1|1	0,0.005,0.995
NA19310	1|0	0.497,0.503,0
NA19314	1|1	0,0.00199997,0.998
NA19315	0|1	0,1,0
NA19316	1|0	0,1,0
NA19317	0|0	0.999,0.001,0
NA19318	0|0	0.999,0.001,0
NA19319	0|1	0.005,0.995,0
NA19321	1|0	0,0.996,0.004
NA19324	1|1	0,0.00300002,0.997
NA19327	0|0	0.949,0.051,0
NA19328	1|0	0.005,0.995,0
NA19332	0|1	0,0.635,0.365
NA19334	0|1	0.000999987,0.999,0
NA19346	0|1	0,1,0
NA19347	1|0	0.00599998,0.994,0
NA19350	1|1	1.79998e-05,0.010964,0.989018
NA19360	1|0	0.00300002,0.997,0
NA19372	1|1	0,0,1
NA19374	1|1	0,0,1
NA19375	1|1	0,0.00700003,0.993
NA19376	0|0	0.999,0.001,0
NA19377	1|0	0,1,0
NA19379	0|1	0,1,0
NA19380	0|0	0.997,0.003,0
NA19384	1|0	0,1,0
NA19385	0|0	0.980036,0.019928,3.6e-05
NA19390	1|1	0,0.000999987,0.999
NA19391	1|0	0.00199797,0.997004,0.000998
NA19393	0|1	0.00199797,0.997004,0.000998
NA19394	1|1	4.99993e-06,0.00598998,0.994005
NA19397	0|1	0,1,0
NA19399	0|0	0.991014,0.008972,1.4e-05
NA19403	1|1	0,0.000999987,0.999
NA19404	0|0	1,0,0
NA19428	1|1	2.99998e-06,0.00399401,0.996003
NA19429	0|0	1,0,0
NA19430	1|1	0,0.000999987,0.999
NA19431	0|0	0.993,0.007,0
NA19434	0|1	0,0.998,0.002
NA19435	1|0	0.023,0.977,0
NA19436	1|0	0,0.998,0.002
NA19437	1|1	0,0.00599998,0.994
NA19438	1|1	0,0,1
NA19439	1|0	0,1,0
NA19440	1|0	0.00299102,0.994018,0.002991
NA19443	1|1	7.60001e-05,0.022848,0.977076
NA19445	0|0	1,0,0
NA19446	0|0	1,0,0
NA19448	0|0	1,0,0
NA19449	1|1	0,0.00400001,0.996
NA19451	1|1	0,0.00300002,0.997
NA19452	0|1	0,1,0
NA19455	0|1	0.00700003,0.993,0
NA19457	1|1	0,0.229,0.771
NA19462	1|1	0,0.00999999,0.99
NA19463	1|0	0,1,0
NA19466	1|0	0.00799202,0.991016,0.000992
NA19467	1|0	0,1,0
NA19468	1|1	0,0,1
NA19471	1|1	9.99974e-07,0.00199797,0.998001
NA19472	1|0	0,1,0
NA19473	0|1	0.000998987,0.998002,0.000999
NA19474	1|1	0,0.00199997,0.998
NA06985	0|0	1,0,0
NA06991	0|0	1,0,0
NA06993	0|0	0.999,0.001,0
NA06994	0|1	0,1,0
NA07000	0|0	1,0,0
NA07019	0|0	1,0,0
NA07022	0|0	1,0,0
NA07029	1|0	0,1,0
NA07034	0|0	1,0,0
NA07048	0|0	0.999,0.001,0
NA07055	0|0	0.995,0.005,0
NA07056	0|0	1,0,0
NA07345	0|0	1,0,0
NA07348	0|0	0.999,0.001,0
NA07357	0|0	0.998,0.002,0
NA10830	0|0	1,0,0
NA10831	0|0	1,0,0
NA10838	0|0	1,0,0
NA10839	0|1	0,1,0
NA10846	0|0	1,0,0
NA10847	0|1	0.00400001,0.996,0
NA10851	0|0	1,0,0
NA10854	0|1	0,0.999,0.001
NA10855	0|0	0.999,0.001,0
NA10857	0|1	0,1,0
NA10859	1|0	0,1,0
NA10860	0|0	1,0,0
NA10861	1|1	0,0.000999987,0.999
NA10863	1|0	0.00199997,0.998,0
NA11829	0|0	0.998001,0.001998,1e-06
NA11830	0|0	1,0,0
NA11831	0|0	0.998001,0.001998,1e-06
NA11832	0|0	1,0,0
NA11839	0|0	0.998001,0.001998,1e-06
NA11840	1|0	0,1,0
NA11881	1|0	0,1,0
NA11882	0|0	0.991,0.009,0
NA11992	0|0	1,0,0
NA11993	0|0	0.999,0.001,0
NA11994	1|0	0,0.999,0.001
NA11995	1|0	0.00199797,0.997004,0.000998
NA12003	0|0	1,0,0
NA12004	0|0	0.921,0.079,0
NA12005	0|0	1,0,0
NA12006	0|1	0,0.999,0.001
NA12043	0|0	1,0,0
NA12044	0|1	0,1,0
NA12056	0|0	1,0,0
NA12057	1|0	0.005,0.995,0
NA12144	0|0	1,0,0
NA12145	0|0	1,0,0
NA12146	0|0	1,0,0
NA12154	0|0	1,0,0
NA12155	0|0	0.999,0.001,0
NA12156	1|0	0,1,0
NA12234	1|1	0,0.221,0.779
NA12239	1|0	0,1,0
NA12248	0|0	0.999,0.001,0
NA12264	0|1	0,1,0
NA12707	0|0	1,0,0
NA12716	0|0	1,0,0
NA12717	0|0	1,0,0
NA12740	0|0	1,0,0
NA12750	0|0	1,0,0
NA12751	0|0	0.833,0.167,0
NA12752	0|0	1,0,0
NA12753	0|0	1,0,0
NA12760	0|0	1,0,0
NA12761	0|0	1,0,0
NA12762	0|0	0.998,0.002,0
NA12763	0|1	0.00400001,0.996,0
NA12801	0|0	1,0,0
NA12802	0|0	0.999,0.001,0
NA12812	0|0	0.999,0.001,0
NA12813	0|0	0.999,0.001,0
NA12814	0|0	0.867,0.133,0
NA12815	0|1	0.00998999,0.98902,0.00099
NA12864	1|1	0,0.000999987,0.999
NA12865	1|0	0,1,0
NA12872	1|0	0,1,0
NA12873	0|1	0,1,0
NA12874	0|1	0,0.999,0.001
NA12878	1|0	0,1,0
NA12891	1|0	0,1,0
NA12892	0|0	1,0,0
NA20502	0|0	1,0,0
NA20504	0|0	0.939,0.061,0
NA20505	0|0	1,0,0
NA20506	0|0	0.996,0.004,0
NA20508	0|0	1,0,0
NA20509	0|0	1,0,0
NA20510	0|0	0.975,0.025,0
NA20512	0|1	0.000998987,0.998002,0.000999
NA20515	0|0	1,0,0
NA20517	0|0	1,0,0
NA20518	0|0	0.995,0.005,0
NA20519	1|0	0,0.999,0.001
NA20520	0|1	0.005,0.995,0
NA20522	0|0	1,0,0
NA20524	1|0	0,1,0
NA20525	0|0	1,0,0
NA20527	0|1	0.027,0.973,0
NA20528	0|0	1,0,0
NA20529	0|1	0,1,0
NA20530	0|0	0.999,0.001,0
NA20531	1|0	0,0.999,0.001
NA20534	0|0	0.997,0.003,0
NA20535	0|1	0,1,0
NA20538	1|0	0.005,0.995,0
NA20539	0|0	1,0,0
NA20540	1|0	0.00998999,0.98902,0.00099
NA20541	1|0	0,0.986,0.014
NA20542	1|0	0.00199997,0.998,0
NA20543	0|0	1,0,0
NA20544	0|0	1,0,0
NA20581	0|0	0.824348,0.175304,0.000348
NA20582	0|0	1,0,0
NA20585	1|0	0.13,0.87,0
NA20586	0|0	1,0,0
NA20588	0|0	0.676,0.324,0
NA20589	0|0	1,0,0
NA20752	0|0	1,0,0
NA20753	0|0	1,0,0
NA20754	0|0	1,0,0
NA20755	0|0	1,0,0
NA20756	0|0	0.999,0.001,0
NA20757	0|1	0.00199997,0.998,0
NA20758	0|0	0.921,0.079,0
NA20759	0|0	0.999,0.001,0
NA20760	0|1	0.00599998,0.994,0
NA20761	1|0	0.00199997,0.998,0
NA20765	0|0	0.998,0.002,0
NA20766	0|1	0.226,0.774,0
NA20768	0|1	0.000999987,0.999,0
NA20769	0|0	1,0,0
NA20770	0|0	1,0,0
NA20771	0|0	1,0,0
NA20772	0|0	1,0,0
NA20773	0|0	1,0,0
NA20774	0|1	0.00699303,0.992014,0.000993
NA20775	0|0	1,0,0
NA20778	1|1	0,0,1
NA20783	0|0	0.999,0.001,0
NA20785	0|0	1,0,0
NA20786	0|0	0.999,0.001,0
NA20787	0|1	0.049,0.951,0
NA20790	1|1	0,0.005,0.995
NA20792	0|1	0.000999987,0.999,0
NA20795	0|0	1,0,0
NA20796	0|0	1,0,0
NA20797	1|0	0.004995,0.99401,0.000995
NA20798	0|0	0.999,0.001,0
NA20799	0|0	1,0,0
NA20800	0|0	1,0,0
NA20801	0|0	0.999,0.001,0
NA20802	0|0	1,0,0
NA20803	0|1	0.010989,0.988022,0.000989
NA20804	0|0	1,0,0
NA20805	1|0	0.000998987,0.998002,0.000999
NA20806	0|1	0.015,0.985,0
NA20807	0|0	0.913,0.087,0
NA20808	0|0	1,0,0
NA20809	0|0	1,0,0
NA20810	1|0	0.000999987,0.999,0
NA20811	1|0	0.012961,0.984078,0.002961
NA20812	0|0	1,0,0
NA20813	1|0	0.00199997,0.998,0
NA20815	0|0	0.999,0.001,0
NA20819	0|0	0.92,0.08,0
NA20826	0|1	0.00199997,0.998,0
NA20828	1|0	0.000999987,0.999,0
NA18526	1|0	0,1,0
NA18532	1|1	0,0.00199997,0.998
NA18537	0|0	0.999,0.001,0
NA18542	0|0	0.989,0.011,0
NA18545	1|0	0.005,0.995,0
NA18547	0|0	1,0,0
NA18550	0|1	0,1,0
NA18552	0|1	0.031,0.969,0
NA18555	0|1	0,0.632,0.368
NA18558	0|0	1,0,0
NA18561	0|0	0.995006,0.004988,6e-06
NA18563	1|0	0,1,0
NA18564	0|1	0.00400001,0.996,0
NA18566	1|1	8.00001e-05,0.02384,0.97608
NA18570	0|1	0.00400001,0.996,0
NA18571	0|0	0.998,0.002,0
NA18572	0|0	0.998001,0.001998,1e-06
NA18573	0|1	0,1,0
NA18577	0|0	0.999,0.001,0
NA18579	0|0	0.997,0.003,0
NA18582	0|0	0.997,0.003,0
NA18592	1|1	0,0.041,0.959
NA18593	0|0	1,0,0
NA18603	0|0	1,0,0
NA18605	1|1	0.000923988,0.462152,0.536924
NA18606	0|0	0.999,0.001,0
NA18608	1|0	0.000999987,0.999,0
NA18609	0|0	1,0,0
NA18611	0|0	1,0,0
NA18612	0|0	0.584,0.416,0
NA18620	0|1	0.043,0.957,0
NA18621	0|1	0.00299702,0.996006,0.000997
NA18622	1|0	0,0.999,0.001
NA18623	0|0	1,0,0
NA18624	1|1	2.99998e-06,0.00399401,0.996003
NA18628	1|1	7.99991e-06,0.008984,0.991008
NA18632	1|0	0,0.996,0.004
NA18633	1|1	0.000453994,0.228092,0.771454
NA18635	1|0	0.00199797,0.997004,0.000998
NA18636	0|1	0.009,0.991,0
NA18637	0|1	0.00699303,0.992014,0.000993
NA18647	0|0	1,0,0
NA18940	1|0	0.022,0.978,0
NA18942	0|0	0.993006,0.006988,6e-06
NA18943	1|0	0.000997987,0.997004,0.001998
NA18944	0|0	0.984,0.016,0
NA18945	0|0	1,0,0
NA18947	0|1	0.053,0.947,0
NA18948	1|0	0.013,0.987,0
NA18949	0|1	0.072927,0.926146,0.000927
NA18951	0|1	0.000999987,0.999,0
NA18952	0|0	1,0,0
NA18953	0|1	0.008991,0.990018,0.000991
NA18956	0|1	0,1,0
NA18959	0|0	0.999,0.001,0
NA18960	1|0	0.00300002,0.997,0
NA18961	0|0	1,0,0
NA18964	1|1	0,0.015,0.985
NA18965	0|1	0,0.528,0.472
NA18966	0|0	0.999,0.001,0
NA18967	0|0	1,0,0
NA18968	1|0	0,1,0
NA18969	0|1	0.016,0.984,0
NA18970	0|1	0,1,0
NA18971	1|1	0,0.000999987,0.999
NA18972	0|1	0,1,0
NA18973	0|1	0.033,0.967,0
NA18974	0|0	1,0,0
NA18975	0|1	0.000999987,0.999,0
NA18976	0|0	1,0,0
NA18977	1|0	0,0.999,0.001
NA18978	1|1	4.99993e-06,0.00598998,0.994005
NA18980	1|0	0,0.998,0.002
NA18981	0|1	0.00299702,0.996006,0.000997
NA18987	0|0	0.997,0.003,0
NA18990	0|1	0.00300002,0.997,0
NA18991	1|0	0.00395601,0.985088,0.010956
NA18992	0|0	1,0,0
NA18994	0|0	1,0,0
NA18995	1|1	0,0.143,0.857
NA18997	1|0	0.000999987,0.999,0
NA18998	0|0	1,0,0
NA18999	0|0	0.546453,0.453094,0.000453
NA19000	0|1	0.000999987,0.999,0
NA19003	1|0	0.005,0.995,0
NA19005	1|1	0.000117001,0.041766,0.958117
NA19007	1|0	0.009,0.991,0
NA19010	0|0	0.963,0.037,0
NA19012	1|0	0.014985,0.98403,0.000985
