NA18498	1|1	0,0,1
NA18502	0|0	0.999,0.001,0
NA18505	0|1	0,1,0
NA18507	1|1	4.90004e-05,0.0139021,0.986049
NA18508	1|1	0,0.00199997,0.998
NA18517	1|0	0,1,0
NA18519	0|0	1,0,0
NA18867	0|0	0.993,0.007,0
NA18870	1|1	0,0.000999987,0.999
NA18910	0|0	1,0,0
NA19092	0|0	1,0,0
NA19098	0|0	1,0,0
NA19099	1|0	0,1,0
NA19102	1|1	0,0.00400001,0.996
NA19108	0|0	1,0,0
NA19118	0|0	1,0,0
NA19119	0|0	1,0,0
NA19129	1|1	2.99998e-06,0.00399401,0.996003
NA19130	0|0	1,0,0
NA19141	0|0	0.994009,0.005982,9e-06
NA19146	1|1	0,0,1
NA19150	1|1	0,0,1
NA19152	1|0	0,1,0
NA19160	1|1	0,0,1
NA19171	0|0	1,0,0
NA19204	1|0	0,1,0
NA19206	0|0	0.999,0.001,0
NA19207	0|0	1,0,0
NA19209	0|1	0,1,0
NA19213	0|0	1,0,0
NA19240	0|1	0.100899,0.898202,0.000899
NA11829	1|1	0.023409,0.259182,0.717409
NA11830	1|0	0,1,0
NA11831	0|0	1,0,0
NA11832	1|0	0,1,0
NA11840	0|0	1,0,0
NA11881	0|0	1,0,0
NA11994	0|0	1,0,0
NA11995	1|1	8.99997e-05,0.02082,0.97909
NA12004	1|0	0,1,0
NA12005	1|1	0,0,1
NA12043	1|1	0,0,1
NA12044	0|0	0.999,0.001,0
NA12144	1|1	0,0,1
NA12154	0|0	1,0,0
NA12155	0|0	0.998001,0.001998,1e-06
NA12156	0|0	1,0,0
NA12234	0|0	1,0,0
NA12717	1|1	0,0,1
NA12750	0|0	1,0,0
NA12760	0|0	1,0,0
NA12761	1|0	0,1,0
NA12762	1|1	0.000961001,0.060078,0.938961
NA12763	0|0	1,0,0
NA12812	1|1	6.40003e-05,0.015872,0.984064
NA12813	0|0	1,0,0
NA12814	0|0	0.996004,0.003992,4e-06
NA12815	1|0	0.00300002,0.997,0
NA12872	0|0	1,0,0
NA12873	0|0	0.999,0.001,0
NA12874	1|1	3.59998e-05,0.011928,0.988036
NA12878	0|0	0.625839,0.348322,0.025839
NA18526	0|1	0,0.86,0.14
NA18537	0|1	0.00300002,0.997,0
NA18550	1|0	0.476046,0.522908,0.001046
NA18555	0|1	0.015952,0.981096,0.002952
NA18562	1|1	2.5e-05,0.00994999,0.990025
NA18563	0|0	0.519841,0.402318,0.077841
NA18582	1|0	0,1,0
NA18603	0|0	1,0,0
NA18606	1|1	9.00013e-06,0.00598204,0.994009
NA18621	1|1	0.110889,0.444222,0.444889
NA18622	1|1	0.000399999,0.0392,0.9604
NA18628	1|1	0.00036,0.03728,0.96236
NA18632	1|1	6.40003e-05,0.015872,0.984064
NA18636	0|0	1,0,0
NA18647	1|1	9.00013e-06,0.00598204,0.994009
NA18942	0|1	0.022908,0.973184,0.003908
NA18945	0|0	1,0,0
NA18947	1|0	0.081576,0.851848,0.066576
NA18951	1|1	0.011571,0.404858,0.583571
NA18952	1|1	0,0,1
NA18953	0|0	1,0,0
NA18956	0|0	0.937,0.063,0
NA18965	1|1	3.9999e-06,0.00399195,0.996004
NA18970	1|1	3.9999e-06,0.00399195,0.996004
NA18973	0|1	0.00599998,0.994,0
NA18977	1|1	0.015376,0.217248,0.767376
NA18987	1|1	0,0.02,0.98
NA18990	1|1	0.182329,0.489342,0.328329
NA18995	0|0	1,0,0
NA19003	0|0	0.985026,0.014948,2.6e-05
NA19010	1|0	0,0.998,0.002
