NA11829	1|1	2	0,0,1
NA11830	0|0	0	1,0,0
NA11831	0|0	0	1,0,0
NA11832	0|1	1.03	0,0.97,0.03
NA11840	1|0	1	0,1,0
NA11881	0|0	0.04	0.96,0.04,0
NA11994	0|1	0.98	0.02,0.98,0
NA11995	0|1	1.24	0,0.76,0.24
NA12004	0|0	0	1,0,0
NA12005	0|0	0.95	0.28,0.5,0.23
NA12043	0|0	0	1,0,0
NA12044	0|0	0.41	0.61,0.38,0.01
NA12144	0|0	0.05	0.95,0.05,0
NA12154	0|0	0	1,0,0
NA12155	0|0	0	1,0,0
NA12156	0|0	0.37	0.67,0.3,0.03
NA12234	0|0	0.08	0.92,0.08,0
NA12717	0|1	1.16	0,0.84,0.16
NA12750	0|0	0	1,0,0
NA12760	0|0	0	1,0,0
NA12761	0|0	0	1,0,0
NA12762	0|0	0	1,0,0
NA12763	0|0	0	1,0,0
NA12812	1|1	1.66	0.03,0.28,0.69
NA12813	0|0	0	1,0,0
NA12814	0|0	0	1,0,0
NA12815	0|0	0.03	0.97,0.03,0
NA12872	0|0	0	1,0,0
NA12873	0|0	0	1,0,0
NA12874	1|1	1.63	0.03,0.31,0.66
NA12878	0|0	0	1,0,0
