NA18526	1|1	2	0,0,1
NA18532	1|1	2	0,0,1
NA18537	1|1	2	0,0,1
NA18542	1|1	2	0,0,1
NA18545	0|1	1	0,1,0
NA18547	1|1	2	0,0,1
NA18550	1|1	2	0,0,1
NA18552	1|0	1	0,1,0
NA18555	0|0	0	1,0,0
NA18558	1|1	2	0,0,1
NA18561	1|1	1.87	0,0.13,0.87
NA18562	1|1	2	0,0,1
NA18563	0|1	1	0,1,0
NA18564	1|1	2	0,0,1
NA18566	1|1	2	0,0,1
NA18570	1|1	2	0,0,1
NA18571	0|1	1	0,1,0
NA18572	1|1	2	0,0,1
NA18573	1|1	2	0,0,1
NA18577	1|1	2	0,0,1
NA18579	1|0	1	0,1,0
NA18582	1|1	2	0,0,1
NA18592	1|0	1	0,1,0
NA18593	1|1	2	0,0,1
NA18603	1|1	2	0,0,1
NA18605	1|1	2	0,0,1
NA18608	1|0	1	0,1,0
NA18609	1|1	2	0,0,1
NA18611	1|0	1	0,1,0
NA18612	1|1	2	0,0,1
NA18620	1|1	2	0,0,1
NA18621	1|1	2	0,0,1
NA18622	1|1	2	0,0,1
NA18623	1|1	2	0,0,1
NA18624	1|1	2	0,0,1
NA18632	1|0	1.01	0,0.99,0.01
NA18633	1|1	2	0,0,1
NA18635	1|0	1.03	0,0.97,0.03
NA18636	1|1	2	0,0,1
NA18637	1|1	2	0,0,1
NA18940	0|1	1	0,1,0
NA18942	1|1	2	0,0,1
NA18943	1|1	2	0,0,1
NA18944	1|1	2	0,0,1
NA18945	0|0	0	1,0,0
NA18947	1|0	1	0,1,0
NA18948	1|1	2	0,0,1
NA18949	1|0	1	0,1,0
NA18951	0|1	1	0,1,0
NA18952	1|0	1	0,1,0
NA18953	1|1	2	0,0,1
NA18956	1|0	1	0,1,0
NA18959	1|1	2	0,0,1
NA18960	0|1	1	0,1,0
NA18961	1|1	2	0,0,1
NA18964	1|1	2	0,0,1
NA18965	1|0	1	0,1,0
NA18966	1|1	2	0,0,1
NA18967	1|0	1.47	0,0.53,0.47
NA18968	1|1	2	0,0,1
NA18969	1|1	2	0,0,1
NA18970	1|1	2	0,0,1
NA18971	1|1	2	0,0,1
NA18972	1|1	2	0,0,1
NA18973	1|1	2	0,0,1
NA18974	1|1	2	0,0,1
NA18975	1|1	2	0,0,1
NA18976	1|1	2	0,0,1
NA18978	1|0	1	0,1,0
NA18980	1|1	2	0,0,1
NA18981	1|1	2	0,0,1
NA18987	1|0	1	0,1,0
NA18990	1|1	2	0,0,1
NA18991	1|1	2	0,0,1
NA18992	0|0	0	1,0,0
NA18994	1|1	2	0,0,1
NA18995	1|1	2	0,0,1
NA18997	1|1	2	0,0,1
NA18998	1|1	2	0,0,1
NA18999	1|0	1	0,1,0
NA19000	1|1	2	0,0,1
NA19003	1|1	2	0,0,1
NA19005	1|1	2	0,0,1
NA19007	1|1	2	0,0,1
NA19012	1|1	2	0,0,1
