NA18498	1|0	0.01641,0.54418,0.43941
NA18500	1|1	0,0.04,0.96
NA18501	0|1	0,1,0
NA18502	0|1	0,0.775,0.225
NA18503	1|1	1.99995e-06,0.00299596,0.997002
NA18504	1|0	0.126,0.874,0
NA18505	0|0	0.905186,0.094628,0.000186
NA18506	0|1	0,1,0
NA18507	0|0	0.997,0.003,0
NA18508	0|1	0,1,0
NA18515	1|0	0,1,0
NA18516	1|0	0,1,0
NA18517	0|1	0.265,0.735,0
NA18519	1|1	0.00341601,0.428168,0.568416
NA18521	0|0	1,0,0
NA18522	1|0	0,1,0
NA18523	0|0	1,0,0
NA18852	0|0	1,0,0
NA18853	0|0	0.883,0.117,0
NA18854	0|0	1,0,0
NA18855	0|1	0.000999987,0.999,0
NA18856	0|0	1,0,0
NA18857	0|0	0.999,0.001,0
NA18858	1|0	0.03,0.97,0
NA18859	1|1	0,0.000999987,0.999
NA18860	0|1	0,1,0
NA18861	1|0	0.00300002,0.997,0
NA18862	1|0	0,1,0
NA18863	1|1	0,0.00300002,0.997
NA18867	0|0	1,0,0
NA18870	1|0	0,1,0
NA18871	0|0	0.523,0.477,0
NA18872	0|0	0.878,0.122,0
NA18910	1|0	0.00075299,0.752494,0.246753
NA18912	0|1	0.000999987,0.999,0
NA18913	1|0	0.000999987,0.999,0
NA18914	0|0	1,0,0
NA19027	1|0	0,1,0
NA19028	0|1	0.000984987,0.98403,0.014985
NA19031	0|1	0.000996987,0.996006,0.002997
NA19035	1|0	0,1,0
NA19036	1|1	0,0.000999987,0.999
NA19038	1|0	0.28,0.72,0
NA19041	0|1	0,1,0
NA19092	0|0	1,0,0
NA19093	0|0	1,0,0
NA19094	0|0	1,0,0
NA19099	0|0	0.795,0.205,0
NA19100	0|0	1,0,0
NA19101	1|0	0,0.996,0.004
NA19102	1|1	0,0,1
NA19103	1|1	0,0.000999987,0.999
NA19108	1|1	0,0.156,0.844
NA19116	0|0	0.517,0.483,0
NA19118	0|0	0.941738,0.057524,0.000738
NA19119	1|1	0,0,1
NA19120	1|0	0,1,0
NA19127	0|1	0,1,0
NA19128	1|1	0,0.00800002,0.992
NA19129	1|1	0,0,1
NA19130	1|0	0,1,0
NA19131	1|1	0,0,1
NA19132	1|0	0,1,0
NA19137	1|1	0,0,1
NA19138	1|1	0,0,1
NA19139	1|1	0,0,1
NA19140	0|0	1,0,0
NA19141	1|0	0,1,0
NA19142	0|0	1,0,0
NA19143	1|1	0,0.000999987,0.999
NA19144	1|1	5.99996e-06,0.004988,0.995006
NA19146	0|0	1,0,0
NA19150	1|0	0,0.997,0.003
NA19152	0|1	0,1,0
NA19153	1|1	0,0.00199997,0.998
NA19154	1|1	0,0,1
NA19159	1|0	0,0.629,0.371
NA19160	1|0	0,1,0
NA19161	1|1	0,0,1
NA19171	1|1	0,0,1
NA19172	0|0	0.78,0.22,0
NA19173	0|1	0,1,0
NA19189	1|1	0,0.000999987,0.999
NA19200	1|0	0,1,0
NA19201	1|1	0,0,1
NA19202	1|0	0,1,0
NA19203	0|0	0.9,0.1,0
NA19204	1|0	0.00199997,0.998,0
NA19205	0|0	1,0,0
NA19206	0|0	1,0,0
NA19207	1|1	0,0.00199997,0.998
NA19208	1|0	0,1,0
NA19209	1|0	0.00599998,0.994,0
NA19210	1|1	0,0.000999987,0.999
NA19211	1|0	0,1,0
NA19213	1|0	0,1,0
NA19221	1|0	0,1,0
NA19222	1|1	0,0.00300002,0.997
NA19223	0|0	0.603,0.397,0
NA19238	1|1	0,0.02,0.98
NA19239	1|1	0,0.000999987,0.999
NA19240	1|1	0,0,1
NA19307	0|1	0,1,0
NA19308	0|0	1,0,0
NA19309	1|0	0,1,0
NA19310	0|0	0.992,0.008,0
NA19314	0|0	0.999,0.001,0
NA19315	0|0	1,0,0
NA19316	1|1	0,0.374,0.626
NA19317	0|0	0.995,0.005,0
NA19318	1|1	0.001488,0.076024,0.922488
NA19319	0|1	0.005,0.995,0
NA19321	0|0	0.976,0.024,0
NA19324	0|1	0,1,0
NA19327	1|0	0,0.999,0.001
NA19328	1|1	5.99998e-05,0.01588,0.98406
NA19332	0|0	1,0,0
NA19334	0|0	0.42054,0.48992,0.08954
NA19346	0|1	0.31693,0.54914,0.13393
NA19347	1|0	0,0.999,0.001
NA19350	1|0	0,1,0
NA19360	0|0	1,0,0
NA19372	0|1	0.00199997,0.998,0
NA19374	0|0	0.997002,0.002996,2e-06
NA19375	1|0	0,0.992,0.008
NA19376	1|0	0.00199997,0.998,0
NA19377	1|1	0.000551993,0.276896,0.722552
NA19379	1|0	0.000999987,0.999,0
NA19380	0|0	1,0,0
NA19383	1|0	0.274685,0.53663,0.188685
NA19384	0|0	0.998001,0.001998,1e-06
NA19385	0|1	0.221,0.779,0
NA19390	0|0	1,0,0
NA19391	0|0	0.975144,0.024712,0.000144
NA19393	0|1	0.18,0.82,0
NA19394	1|0	0.00299702,0.996006,0.000997
NA19397	0|1	0.059,0.941,0
NA19399	1|1	0.135024,0.484952,0.380024
NA19403	1|1	4.99993e-06,0.00598998,0.994005
NA19404	0|1	0,0.974,0.026
NA19428	0|1	0.202,0.798,0
NA19430	0|1	0.00199997,0.998,0
NA19431	0|1	0.000999987,0.999,0
NA19434	0|1	0.000999987,0.999,0
NA19435	0|0	0.996,0.004,0
NA19436	0|0	1,0,0
NA19437	0|1	0,1,0
NA19438	0|0	1,0,0
NA19439	0|0	0.649,0.351,0
NA19440	0|0	0.645,0.355,0
NA19443	1|1	0,0.367,0.633
NA19445	1|1	0,0,1
NA19446	1|0	0.016,0.984,0
NA19448	0|0	0.884,0.116,0
NA19449	0|1	0.173558,0.513884,0.312558
NA19451	0|0	1,0,0
NA19452	0|1	0,0.999,0.001
NA19455	0|0	1,0,0
NA19456	0|0	0.999,0.001,0
NA19457	0|1	0.011988,0.987024,0.000988
NA19462	1|1	0,0.000999987,0.999
NA19463	1|0	0.00400001,0.996,0
NA19466	1|0	0,1,0
NA19467	0|0	1,0,0
NA19468	0|0	1,0,0
NA19471	1|1	0,0.000999987,0.999
NA19472	0|1	0,1,0
NA19473	0|1	0.000999987,0.999,0
NA19474	0|0	1,0,0
