NA18526	1|1	1.09998e-05,0.011978,0.988011
NA18532	1|1	3.99996e-06,0.004992,0.995004
NA18537	1|0	0,1,0
NA18542	1|1	3.99996e-06,0.004992,0.995004
NA18545	0|1	0.000999987,0.999,0
NA18547	1|0	0.012,0.988,0
NA18550	1|1	0.011524,0.287952,0.700524
NA18552	1|0	0.000995987,0.995008,0.003996
NA18555	0|1	0.00700003,0.993,0
NA18558	0|0	0.288369,0.497262,0.214369
NA18561	1|1	0.000169,0.025662,0.974169
NA18562	1|1	3.9999e-06,0.00399195,0.996004
NA18563	1|1	8.10001e-05,0.017838,0.982081
NA18564	0|0	1,0,0
NA18566	1|0	0.027,0.973,0
NA18570	0|1	0,0.999,0.001
NA18571	1|0	0,1,0
NA18572	1|1	9.00013e-06,0.00598204,0.994009
NA18573	1|0	0,1,0
NA18577	0|0	1,0,0
NA18579	1|0	0,1,0
NA18582	1|1	0,0,1
NA18592	0|1	0,1,0
NA18593	1|1	0,0.00300002,0.997
NA18603	0|0	1,0,0
NA18605	0|0	1,0,0
NA18608	1|1	0,0,1
NA18609	1|1	0,0,1
NA18611	0|0	1,0,0
NA18612	0|0	1,0,0
NA18620	1|1	9.99974e-07,0.00199797,0.998001
NA18621	1|1	0,0,1
NA18622	1|1	0,0,1
NA18623	1|1	0,0,1
NA18624	1|1	3.9999e-06,0.00399195,0.996004
NA18632	0|0	0.998001,0.001998,1e-06
NA18633	1|1	3.9999e-06,0.00399195,0.996004
NA18635	1|1	0,0,1
NA18636	1|1	0,0,1
NA18637	1|1	0,0,1
NA18940	1|1	9.99974e-07,0.00199797,0.998001
NA18942	1|1	0,0.018,0.982
NA18943	0|0	1,0,0
NA18944	1|1	0.0576,0.3648,0.5776
NA18945	1|1	2.5e-05,0.00994999,0.990025
NA18947	1|1	0,0.000999987,0.999
NA18948	0|0	1,0,0
NA18949	0|1	0,1,0
NA18951	1|0	0,1,0
NA18952	0|0	1,0,0
NA18953	1|1	0,0,1
NA18956	1|1	0,0,1
NA18959	1|1	0,0,1
NA18960	1|1	3.9999e-06,0.00399195,0.996004
NA18961	1|1	9.99998e-05,0.0198,0.9801
NA18964	1|1	3.50001e-05,0.01193,0.988035
NA18965	0|0	0.423801,0.454398,0.121801
NA18966	1|1	0,0,1
NA18967	1|1	1.60001e-05,0.00796802,0.992016
NA18968	1|0	0.000999987,0.999,0
NA18969	0|1	0,1,0
NA18970	1|1	9.99998e-05,0.0198,0.9801
NA18971	0|0	1,0,0
NA18972	1|0	0.117,0.883,0
NA18973	1|1	3.99996e-06,0.004992,0.995004
NA18974	0|0	1,0,0
NA18975	1|1	0,0.005,0.995
NA18976	1|0	0.022,0.978,0
NA18978	1|1	0,0.00199997,0.998
NA18980	1|1	0,0,1
NA18981	1|1	0,0.000999987,0.999
NA18987	1|0	0,1,0
NA18990	1|1	2.5e-05,0.00994999,0.990025
NA18991	0|1	0.000999987,0.999,0
NA18992	1|0	0.42,0.58,0
NA18994	1|1	1.60001e-05,0.00796802,0.992016
NA18995	1|1	0,0,1
NA18997	1|1	0,0,1
NA18998	0|1	0,1,0
NA18999	0|1	0.00199997,0.998,0
NA19000	1|1	2.5e-05,0.00994999,0.990025
NA19003	1|1	0,0.000999987,0.999
NA19005	1|1	0,0,1
NA19007	0|0	1,0,0
NA19012	1|1	0,0,1
