NA18526	0|1	0.322677,0.676646,0.000677
NA18532	1|0	0,1,0
NA18537	0|0	0.533,0.467,0
NA18542	1|0	0.024,0.976,0
NA18545	0|1	0,1,0
NA18547	0|0	1,0,0
NA18550	0|0	1,0,0
NA18552	0|0	1,0,0
NA18555	0|0	0.999,0.001,0
NA18558	0|0	0.998001,0.001998,1e-06
NA18561	1|1	3.9999e-06,0.00399195,0.996004
NA18562	0|0	1,0,0
NA18563	1|1	0,0,1
NA18564	1|1	0,0,1
NA18566	0|0	1,0,0
NA18570	0|0	0.654345,0.34531,0.000345
NA18571	1|1	0,0.00400001,0.996
NA18572	1|1	2.5e-05,0.00994999,0.990025
NA18573	1|1	0,0.019,0.981
NA18577	1|1	1.99995e-06,0.00299596,0.997002
NA18579	1|0	0.022,0.978,0
NA18582	1|0	0,1,0
NA18592	0|1	0,1,0
NA18593	1|0	0.00400001,0.996,0
NA18603	0|0	1,0,0
NA18605	1|1	4.90004e-05,0.0139021,0.986049
NA18608	1|1	0,0,1
NA18609	1|1	1.60001e-05,0.00796802,0.992016
NA18611	0|0	1,0,0
NA18612	0|0	1,0,0
NA18620	1|1	0,0,1
NA18621	0|0	1,0,0
NA18622	1|1	0,0,1
NA18623	0|0	1,0,0
NA18624	0|0	1,0,0
NA18632	0|0	1,0,0
NA18633	1|1	0,0,1
NA18635	1|1	0,0,1
NA18636	0|0	1,0,0
NA18637	1|1	0,0,1
NA18940	1|1	0.000144001,0.023712,0.976144
NA18942	1|0	0,1,0
NA18943	1|1	0,0,1
NA18944	1|1	0.000575999,0.046848,0.952576
NA18945	1|1	4.90004e-05,0.0139021,0.986049
NA18947	1|1	3.99996e-06,0.004992,0.995004
NA18948	0|0	0.304704,0.494592,0.200704
NA18949	1|1	0,0.005,0.995
NA18951	0|0	1,0,0
NA18952	0|0	1,0,0
NA18953	0|0	1,0,0
NA18956	1|1	0,0.00199997,0.998
NA18959	1|1	0,0,1
NA18960	1|1	3.9999e-06,0.00399195,0.996004
NA18961	0|0	0.996004,0.003992,4e-06
NA18964	1|1	0,0,1
NA18965	0|0	0.998001,0.001998,1e-06
NA18966	0|0	1,0,0
NA18967	1|1	0,0,1
NA18968	1|1	0,0.026,0.974
NA18969	1|1	0,0.00599998,0.994
NA18970	1|1	4.90004e-05,0.0139021,0.986049
NA18971	1|1	0,0,1
NA18972	1|0	0,1,0
NA18973	1|0	0.000999987,0.999,0
NA18974	1|1	0,0,1
NA18975	0|1	0.147852,0.851296,0.000852
NA18976	0|1	0,1,0
NA18978	1|1	5.60003e-05,0.014888,0.985056
NA18980	1|0	0,0.999,0.001
NA18981	1|0	0.00930598,0.838388,0.152306
NA18987	1|0	0.012,0.988,0
NA18990	1|1	2.5e-05,0.00994999,0.990025
NA18991	1|1	0,0.000999987,0.999
NA18992	1|0	0,1,0
NA18994	1|1	6.40003e-05,0.015872,0.984064
NA18995	0|0	0.986049,0.013902,4.9e-05
NA18997	1|1	0,0.00300002,0.997
NA18998	1|0	0,1,0
NA18999	1|1	0,0,1
NA19000	1|1	0,0,1
NA19003	0|1	0.00199997,0.998,0
NA19005	1|1	0,0,1
NA19007	1|1	9.99974e-07,0.00199797,0.998001
NA19012	1|1	0,0,1
