NA18498	0|0	1,0,0
NA18500	1|1	0,0,1
NA18501	1|1	0,0,1
NA18502	1|1	0,0.00999999,0.99
NA18503	1|1	0,0,1
NA18504	1|1	0,0,1
NA18505	1|1	0,0.000999987,0.999
NA18506	1|1	0,0,1
NA18507	1|1	0.158404,0.479192,0.362404
NA18508	1|1	0,0.012,0.988
NA18515	0|0	1,0,0
NA18516	1|1	0,0,1
NA18517	1|0	0.00999999,0.99,0
NA18519	0|0	1,0,0
NA18521	1|1	0,0,1
NA18522	0|0	1,0,0
NA18523	0|1	0,1,0
NA18852	1|1	0,0.012,0.988
NA18853	1|1	3.9999e-06,0.00399195,0.996004
NA18854	1|1	0,0,1
NA18855	0|0	1,0,0
NA18856	0|0	1,0,0
NA18857	0|0	1,0,0
NA18858	1|0	0,0.999,0.001
NA18859	0|0	0.919681,0.078638,0.001681
NA18860	1|1	0,0,1
NA18861	1|1	0,0,1
NA18862	0|0	0.998001,0.001998,1e-06
NA18863	1|1	0,0,1
NA18867	0|0	0.996,0.004,0
NA18870	1|0	0.00199997,0.998,0
NA18871	0|0	1,0,0
NA18872	0|0	1,0,0
NA18910	1|1	0,0,1
NA18912	1|1	0,0,1
NA18913	1|1	0,0,1
NA18914	1|1	9.99974e-07,0.00199797,0.998001
NA19027	1|1	0,0,1
NA19028	1|1	0,0,1
NA19031	1|1	0,0,1
NA19035	1|1	0.004489,0.125022,0.870489
NA19036	1|1	9.99974e-07,0.00199797,0.998001
NA19038	0|1	0,1,0
NA19041	0|0	1,0,0
NA19092	0|0	1,0,0
NA19093	1|1	0,0,1
NA19094	0|1	0,1,0
NA19098	0|0	0.998001,0.001998,1e-06
NA19099	1|1	0,0,1
NA19100	1|0	0,1,0
NA19101	1|1	9.99974e-07,0.00199797,0.998001
NA19102	0|0	1,0,0
NA19103	0|0	1,0,0
NA19108	0|0	0.996,0.004,0
NA19116	1|0	0,1,0
NA19118	0|1	0.00199997,0.998,0
NA19119	1|1	0,0,1
NA19120	0|0	1,0,0
NA19127	0|1	0,1,0
NA19128	0|0	1,0,0
NA19129	0|0	1,0,0
NA19130	0|0	1,0,0
NA19131	0|1	0,1,0
NA19132	1|0	0,1,0
NA19137	1|0	0.105,0.895,0
NA19138	1|1	1.60001e-05,0.00796802,0.992016
NA19139	0|0	1,0,0
NA19140	1|0	0,0.997,0.003
NA19141	1|1	0,0,1
NA19142	0|0	1,0,0
NA19143	1|1	0,0.061,0.939
NA19144	0|0	1,0,0
NA19145	1|1	0,0,1
NA19146	0|0	1,0,0
NA19150	0|0	0.667489,0.299022,0.033489
NA19152	1|1	0,0,1
NA19153	1|1	3.9999e-06,0.00399195,0.996004
NA19154	1|1	9.99974e-07,0.00199797,0.998001
NA19159	1|1	0,0.00599998,0.994
NA19160	1|1	9.99974e-07,0.00199797,0.998001
NA19161	1|1	0,0,1
NA19171	1|1	0,0,1
NA19172	1|1	0,0.00199997,0.998
NA19173	1|1	0,0,1
NA19189	0|0	1,0,0
NA19200	1|1	0.2116,0.4968,0.2916
NA19201	0|1	0,1,0
NA19202	1|0	0.00300002,0.997,0
NA19203	1|1	0,0,1
NA19204	1|0	0,1,0
NA19205	0|0	1,0,0
NA19206	1|0	0.00300002,0.997,0
NA19207	1|1	0,0,1
NA19208	1|1	9.00013e-06,0.00598204,0.994009
NA19209	1|0	0.00199997,0.998,0
NA19210	0|0	1,0,0
NA19211	0|0	1,0,0
NA19213	0|0	1,0,0
NA19221	1|1	0,0,1
NA19222	1|1	0,0,1
NA19223	1|1	0,0,1
NA19238	1|1	0,0,1
NA19239	1|1	0,0,1
NA19240	1|1	0,0.00300002,0.997
NA19307	1|1	0,0,1
NA19308	1|1	0,0,1
NA19309	0|0	1,0,0
NA19310	1|1	3.00002e-05,0.01294,0.98703
NA19314	1|1	0,0,1
NA19315	1|0	0.00400001,0.996,0
NA19316	1|1	0,0.00400001,0.996
NA19317	1|1	0,0,1
NA19319	1|1	0.038416,0.315168,0.646416
NA19321	0|0	0.993,0.007,0
NA19324	1|1	0,0,1
NA19327	1|1	0,0.000999987,0.999
NA19328	1|1	0.000318002,0.108364,0.891318
NA19332	1|1	2.99998e-06,0.00399401,0.996003
NA19334	1|1	9.00013e-06,0.00598204,0.994009
NA19346	1|1	1.60001e-05,0.00796802,0.992016
NA19347	1|1	3.9999e-06,0.00399195,0.996004
NA19350	0|0	1,0,0
NA19360	1|1	0,0,1
NA19372	1|1	0,0,1
NA19374	1|1	0,0,1
NA19375	0|0	1,0,0
NA19376	1|1	0,0,1
NA19377	1|1	0,0.362,0.638
NA19379	1|0	0.00199997,0.998,0
NA19380	0|0	1,0,0
NA19384	0|0	1,0,0
NA19385	0|0	1,0,0
NA19390	1|1	0,0.000999987,0.999
NA19391	0|1	0.00199997,0.998,0
NA19393	0|0	1,0,0
NA19394	1|1	0,0,1
NA19397	0|0	0.998001,0.001998,1e-06
NA19399	0|0	0.786213,0.213574,0.000213
NA19403	0|0	0.971,0.029,0
NA19404	1|1	0,0.00599998,0.994
NA19428	0|0	1,0,0
NA19429	0|0	1,0,0
NA19430	0|0	1,0,0
NA19431	1|0	0,0.999,0.001
NA19434	0|1	0,1,0
NA19435	0|0	1,0,0
NA19436	1|0	0.163,0.837,0
NA19437	1|1	0.002055,0.41189,0.586055
NA19438	1|1	0,0,1
NA19439	1|1	6.19992e-05,0.062876,0.937062
NA19440	1|1	0,0.00300002,0.997
NA19443	1|1	0,0,1
NA19445	0|1	0,1,0
NA19446	1|0	0,0.966,0.034
NA19448	1|1	0.038025,0.31395,0.648025
NA19449	1|0	0.025,0.975,0
NA19451	1|1	0,0,1
NA19452	1|1	9.99974e-07,0.00199797,0.998001
NA19455	0|0	1,0,0
NA19456	0|1	0,1,0
NA19457	1|0	0.000999987,0.999,0
NA19462	0|1	0.00299702,0.996006,0.000997
NA19463	0|1	0.000999987,0.999,0
NA19466	0|0	1,0,0
NA19467	1|1	0,0.00199997,0.998
NA19468	1|1	0,0.106,0.894
NA19471	1|0	0.133,0.867,0
NA19472	0|1	0,1,0
NA19473	1|0	0,0.988,0.012
NA19474	1|1	0,0.00199997,0.998
NA06985	0|0	1,0,0
NA06991	0|0	1,0,0
NA06993	0|0	1,0,0
NA06994	1|1	0,0,1
NA07000	0|0	1,0,0
NA07019	1|1	0,0,1
NA07022	1|1	0,0,1
NA07029	0|0	1,0,0
NA07034	0|0	1,0,0
NA07048	0|0	1,0,0
NA07055	0|1	0.00800002,0.992,0
NA07056	0|1	0,1,0
NA07345	0|1	0,0.983,0.017
NA07348	1|1	0,0,1
NA07357	1|1	3.9999e-06,0.00399195,0.996004
NA10830	0|0	1,0,0
NA10831	1|0	0,1,0
NA10835	0|0	1,0,0
NA10838	0|0	1,0,0
NA10839	0|0	1,0,0
NA10846	0|0	1,0,0
NA10847	0|0	0.999,0.001,0
NA10851	0|0	1,0,0
NA10854	0|0	1,0,0
NA10855	0|0	1,0,0
NA10856	0|0	1,0,0
NA10857	0|0	1,0,0
NA10859	1|0	0,1,0
NA10860	0|0	1,0,0
NA10861	0|0	1,0,0
NA10863	0|0	1,0,0
NA11829	0|0	1,0,0
NA11830	1|0	0.000999987,0.999,0
NA11831	0|0	1,0,0
NA11832	1|0	0,1,0
NA11839	0|0	1,0,0
NA11840	0|0	1,0,0
NA11881	0|0	1,0,0
NA11882	1|0	0.258,0.742,0
NA11992	0|0	1,0,0
NA11993	0|0	1,0,0
NA11994	0|0	1,0,0
NA11995	0|0	1,0,0
NA12003	0|0	1,0,0
NA12004	0|0	1,0,0
NA12005	0|0	1,0,0
NA12006	0|0	1,0,0
NA12043	1|1	9.99974e-07,0.00199797,0.998001
NA12044	0|1	0.00199997,0.998,0
NA12056	1|1	0,0,1
NA12057	1|0	0.000999987,0.999,0
NA12144	0|0	1,0,0
NA12145	0|0	1,0,0
NA12146	0|0	1,0,0
NA12154	0|0	1,0,0
NA12155	0|0	1,0,0
NA12156	0|0	1,0,0
NA12234	0|0	1,0,0
NA12236	0|0	1,0,0
NA12239	0|0	1,0,0
NA12248	0|0	1,0,0
NA12249	0|0	1,0,0
NA12264	0|0	1,0,0
NA12707	0|0	1,0,0
NA12716	0|0	1,0,0
NA12717	0|0	1,0,0
NA12740	0|0	1,0,0
NA12750	0|0	1,0,0
NA12751	0|0	1,0,0
NA12752	0|0	1,0,0
NA12753	0|0	1,0,0
NA12760	0|0	1,0,0
NA12761	0|0	1,0,0
NA12762	0|0	1,0,0
NA12763	0|0	0.881,0.119,0
NA12801	0|0	1,0,0
NA12802	0|0	0.936,0.064,0
NA12812	0|0	1,0,0
NA12813	0|0	1,0,0
NA12814	0|0	1,0,0
NA12815	0|0	1,0,0
NA12864	0|0	1,0,0
NA12865	0|0	1,0,0
NA12872	0|0	0.998001,0.001998,1e-06
NA12873	0|0	1,0,0
NA12874	0|0	1,0,0
NA12875	0|0	1,0,0
NA12878	0|0	1,0,0
NA12891	0|0	1,0,0
NA12892	0|0	1,0,0
NA20502	0|0	1,0,0
NA20504	1|0	0,1,0
NA20505	0|0	1,0,0
NA20506	0|0	1,0,0
NA20508	0|0	1,0,0
NA20509	0|0	1,0,0
NA20510	0|0	1,0,0
NA20512	0|0	1,0,0
NA20515	0|0	0.992016,0.007968,1.6e-05
NA20516	0|0	1,0,0
NA20517	0|0	1,0,0
NA20518	0|0	1,0,0
NA20519	1|1	9.99974e-07,0.00199797,0.998001
NA20520	0|0	1,0,0
NA20521	0|0	1,0,0
NA20522	0|1	0.202,0.798,0
NA20524	0|0	1,0,0
NA20525	0|0	1,0,0
NA20527	0|0	1,0,0
NA20528	0|0	1,0,0
NA20529	0|0	1,0,0
NA20530	0|0	0.994,0.006,0
NA20531	0|0	1,0,0
NA20534	0|0	0.3721,0.4758,0.1521
NA20535	0|0	1,0,0
NA20538	0|0	1,0,0
NA20539	0|0	1,0,0
NA20540	0|0	1,0,0
NA20541	0|0	1,0,0
NA20542	1|0	0.285,0.715,0
NA20543	0|0	0.986049,0.013902,4.9e-05
NA20544	0|0	1,0,0
NA20581	0|0	1,0,0
NA20582	0|0	0.886,0.114,0
NA20585	0|0	1,0,0
NA20586	0|0	1,0,0
NA20588	1|1	0,0,1
NA20589	0|1	0,1,0
NA20752	0|0	1,0,0
NA20753	0|0	1,0,0
NA20754	0|0	1,0,0
NA20755	0|0	1,0,0
NA20756	1|0	0.00999999,0.99,0
NA20757	0|0	1,0,0
NA20758	1|1	0,0,1
NA20759	0|0	1,0,0
NA20760	0|0	1,0,0
NA20761	0|0	0.693,0.307,0
NA20765	0|0	0.765625,0.21875,0.015625
NA20766	0|0	0.879,0.121,0
NA20768	0|0	1,0,0
NA20769	0|1	0,1,0
NA20770	0|0	1,0,0
NA20771	0|0	0.999,0.001,0
NA20772	0|0	1,0,0
NA20773	0|0	1,0,0
NA20774	0|0	0.809,0.191,0
NA20778	1|1	0,0,1
NA20783	0|0	1,0,0
NA20785	0|0	1,0,0
NA20786	1|0	0,1,0
NA20787	0|0	1,0,0
NA20790	0|0	1,0,0
NA20792	0|0	1,0,0
NA20795	1|0	0.00300002,0.997,0
NA20796	1|1	6.40003e-05,0.015872,0.984064
NA20797	0|0	1,0,0
NA20798	0|0	0.984064,0.015872,6.4e-05
NA20799	0|0	1,0,0
NA20800	0|0	1,0,0
NA20801	0|0	1,0,0
NA20802	0|0	1,0,0
NA20803	0|0	0.972196,0.027608,0.000196
NA20804	0|0	0.916,0.084,0
NA20805	0|0	1,0,0
NA20806	0|0	1,0,0
NA20807	0|1	0,1,0
NA20808	0|0	1,0,0
NA20809	0|0	1,0,0
NA20810	0|0	1,0,0
NA20811	0|0	1,0,0
NA20812	0|0	1,0,0
NA20813	0|0	1,0,0
NA20815	1|1	0,0,1
NA20818	0|0	1,0,0
NA20819	0|0	1,0,0
NA20826	0|0	1,0,0
NA20828	0|0	1,0,0
NA18526	0|1	0.322677,0.676646,0.000677
NA18532	1|0	0,1,0
NA18537	0|0	0.533,0.467,0
NA18542	1|0	0.024,0.976,0
NA18545	0|1	0,1,0
NA18547	0|0	1,0,0
NA18550	0|0	1,0,0
NA18552	0|0	1,0,0
NA18555	0|0	0.999,0.001,0
NA18558	0|0	0.998001,0.001998,1e-06
NA18561	1|1	3.9999e-06,0.00399195,0.996004
NA18562	0|0	1,0,0
NA18563	1|1	0,0,1
NA18564	1|1	0,0,1
NA18566	0|0	1,0,0
NA18570	0|0	0.654345,0.34531,0.000345
NA18571	1|1	0,0.00400001,0.996
NA18572	1|1	2.5e-05,0.00994999,0.990025
NA18573	1|1	0,0.019,0.981
NA18577	1|1	1.99995e-06,0.00299596,0.997002
NA18579	1|0	0.022,0.978,0
NA18582	1|0	0,1,0
NA18592	0|1	0,1,0
NA18593	1|0	0.00400001,0.996,0
NA18603	0|0	1,0,0
NA18605	1|1	4.90004e-05,0.0139021,0.986049
NA18608	1|1	0,0,1
NA18609	1|1	1.60001e-05,0.00796802,0.992016
NA18611	0|0	1,0,0
NA18612	0|0	1,0,0
NA18620	1|1	0,0,1
NA18621	0|0	1,0,0
NA18622	1|1	0,0,1
NA18623	0|0	1,0,0
NA18624	0|0	1,0,0
NA18632	0|0	1,0,0
NA18633	1|1	0,0,1
NA18635	1|1	0,0,1
NA18636	0|0	1,0,0
NA18637	1|1	0,0,1
NA18940	1|1	0.000144001,0.023712,0.976144
NA18942	1|0	0,1,0
NA18943	1|1	0,0,1
NA18944	1|1	0.000575999,0.046848,0.952576
NA18945	1|1	4.90004e-05,0.0139021,0.986049
NA18947	1|1	3.99996e-06,0.004992,0.995004
NA18948	0|0	0.304704,0.494592,0.200704
NA18949	1|1	0,0.005,0.995
NA18951	0|0	1,0,0
NA18952	0|0	1,0,0
NA18953	0|0	1,0,0
NA18956	1|1	0,0.00199997,0.998
NA18959	1|1	0,0,1
NA18960	1|1	3.9999e-06,0.00399195,0.996004
NA18961	0|0	0.996004,0.003992,4e-06
NA18964	1|1	0,0,1
NA18965	0|0	0.998001,0.001998,1e-06
NA18966	0|0	1,0,0
NA18967	1|1	0,0,1
NA18968	1|1	0,0.026,0.974
NA18969	1|1	0,0.00599998,0.994
NA18970	1|1	4.90004e-05,0.0139021,0.986049
NA18971	1|1	0,0,1
NA18972	1|0	0,1,0
NA18973	1|0	0.000999987,0.999,0
NA18974	1|1	0,0,1
NA18975	0|1	0.147852,0.851296,0.000852
NA18976	0|1	0,1,0
NA18978	1|1	5.60003e-05,0.014888,0.985056
NA18980	1|0	0,0.999,0.001
NA18981	1|0	0.00930598,0.838388,0.152306
NA18987	1|0	0.012,0.988,0
NA18990	1|1	2.5e-05,0.00994999,0.990025
NA18991	1|1	0,0.000999987,0.999
NA18992	1|0	0,1,0
NA18994	1|1	6.40003e-05,0.015872,0.984064
NA18995	0|0	0.986049,0.013902,4.9e-05
NA18997	1|1	0,0.00300002,0.997
NA18998	1|0	0,1,0
NA18999	1|1	0,0,1
NA19000	1|1	0,0,1
NA19003	0|1	0.00199997,0.998,0
NA19005	1|1	0,0,1
NA19007	1|1	9.99974e-07,0.00199797,0.998001
NA19012	1|1	0,0,1
