NA11829	0|0	0	1,0,0
NA11831	0|1	0.99	0.01,0.99,0
NA11832	1|0	1.03	0,0.97,0.03
NA11840	1|1	2	0,0,1
NA11881	0|0	0.1	0.9,0.1,0
NA11994	0|1	0.86	0.14,0.86,0
NA11995	1|1	2	0,0,1
NA12004	1|1	1.87	0,0.13,0.87
NA12005	1|0	1	0,1,0
NA12043	1|0	1.46	0,0.54,0.46
NA12044	1|0	1	0,1,0
NA12144	0|0	0	1,0,0
NA12154	0|1	0.52	0.48,0.52,0
NA12155	1|1	2	0,0,1
NA12156	1|0	1	0,1,0
NA12234	1|1	1.79	0,0.21,0.79
NA12717	0|1	1.33	0,0.67,0.33
NA12750	1|0	1	0,1,0
NA12760	1|0	0.57	0.43,0.57,0
NA12761	0|1	1	0,1,0
NA12762	0|0	0.08	0.92,0.08,0
NA12763	0|0	0	1,0,0
NA12812	1|1	1.66	0,0.34,0.66
NA12813	0|0	0	1,0,0
NA12814	1|0	0.62	0.38,0.62,0
NA12815	1|0	0.99	0.02,0.97,0.01
NA12872	0|1	1	0,1,0
NA12873	1|0	0.98	0.02,0.98,0
NA12874	1|0	1	0,1,0
NA12878	1|0	1	0,1,0
