NA18498	0|0	0	1,0,0
NA18502	0|0	0	1,0,0
NA18505	0|0	0	1,0,0
NA18507	0|1	1.12	0,0.88,0.12
NA18508	1|0	1	0,1,0
NA18517	0|1	1	0,1,0
NA18519	0|1	1	0,1,0
NA18867	1|0	0.75	0.25,0.75,0
NA18870	0|1	1	0,1,0
NA19092	0|0	0	1,0,0
NA19098	0|0	0	1,0,0
NA19099	0|0	0	1,0,0
NA19102	0|0	0	1,0,0
NA19108	0|0	0.23	0.77,0.23,0
NA19118	0|0	0	1,0,0
NA19119	0|0	0	1,0,0
NA19129	0|1	1	0,1,0
NA19130	0|0	0	1,0,0
NA19146	0|0	0	1,0,0
NA19152	1|0	1	0,1,0
NA19160	0|0	0	1,0,0
NA19171	0|1	1	0,1,0
NA19204	0|0	0	1,0,0
NA19207	1|0	1	0,1,0
NA19209	1|0	1	0,1,0
NA19213	0|0	0	1,0,0
NA19240	0|0	0	1,0,0
NA11829	0|0	0	1,0,0
NA11831	0|1	0.99	0.01,0.99,0
NA11832	1|0	1.03	0,0.97,0.03
NA11840	1|1	2	0,0,1
NA11881	0|0	0.1	0.9,0.1,0
NA11994	0|1	0.86	0.14,0.86,0
NA11995	1|1	2	0,0,1
NA12004	1|1	1.87	0,0.13,0.87
NA12005	1|0	1	0,1,0
NA12043	1|0	1.46	0,0.54,0.46
NA12044	1|0	1	0,1,0
NA12144	0|0	0	1,0,0
NA12154	0|1	0.52	0.48,0.52,0
NA12155	1|1	2	0,0,1
NA12156	1|0	1	0,1,0
NA12234	1|1	1.79	0,0.21,0.79
NA12717	0|1	1.33	0,0.67,0.33
NA12750	1|0	1	0,1,0
NA12760	1|0	0.57	0.43,0.57,0
NA12761	0|1	1	0,1,0
NA12762	0|0	0.08	0.92,0.08,0
NA12763	0|0	0	1,0,0
NA12812	1|1	1.66	0,0.34,0.66
NA12813	0|0	0	1,0,0
NA12814	1|0	0.62	0.38,0.62,0
NA12815	1|0	0.99	0.02,0.97,0.01
NA12872	0|1	1	0,1,0
NA12873	1|0	0.98	0.02,0.98,0
NA12874	1|0	1	0,1,0
NA12878	1|0	1	0,1,0
NA18526	0|0	0	1,0,0
NA18537	0|0	0	1,0,0
NA18550	1|0	1	0,1,0
NA18555	0|0	0.12	0.88,0.12,0
NA18562	0|0	0	1,0,0
NA18563	0|0	0	1,0,0
NA18582	0|0	0	1,0,0
NA18603	0|0	0	1,0,0
NA18606	0|0	0.04	0.96,0.04,0
NA18621	0|0	0	1,0,0
NA18622	0|0	0	1,0,0
NA18628	0|0	0	1,0,0
NA18632	0|0	0	1,0,0
NA18636	0|0	0	1,0,0
NA18647	0|0	0	1,0,0
NA18942	0|1	1	0,1,0
NA18945	0|0	0	1,0,0
NA18947	0|0	0	1,0,0
NA18951	0|0	0	1,0,0
NA18952	0|0	0	1,0,0
NA18953	0|0	0	1,0,0
NA18965	0|0	0.07	0.93,0.07,0
NA18970	0|1	1	0,1,0
NA18973	0|0	0.23	0.77,0.23,0
NA18977	0|0	0.01	0.99,0.01,0
NA18987	0|0	0	1,0,0
NA18990	1|0	0.97	0.03,0.97,0
NA18995	0|1	1	0,1,0
NA19003	0|0	0	1,0,0
