NA18498	0|0	0	1,0,0
NA18502	0|1	0.89	0.29,0.53,0.18
NA18507	0|0	0.02	0.98,0.02,0
NA18508	1|0	0.8	0.2,0.8,0
NA18517	1|0	0.92	0.08,0.92,0
NA18519	0|0	0	1,0,0
NA18861	0|0	0.08	0.92,0.08,0
NA18867	1|1	1.41	0.08,0.43,0.49
NA18870	1|1	1.53	0.04,0.4,0.56
NA18910	0|1	1.28	0.13,0.46,0.41
NA18912	0|1	1	0,1,0
NA19092	1|1	1.77	0,0.23,0.77
NA19093	1|0	1	0,1,0
NA19098	0|1	1	0,1,0
NA19099	0|0	0	1,0,0
NA19102	0|0	0	1,0,0
NA19108	0|1	1.09	0,0.91,0.09
NA19116	0|0	0.06	0.94,0.06,0
NA19118	0|0	0	1,0,0
NA19119	0|0	0.34	0.66,0.33,0.01
NA19129	0|0	0	1,0,0
NA19130	0|0	0.6	0.48,0.43,0.09
NA19131	0|0	0	1,0,0
NA19137	0|0	0	1,0,0
NA19141	0|0	0	1,0,0
NA19143	0|0	0	1,0,0
NA19146	0|1	1	0,1,0
NA19150	0|0	0	1,0,0
NA19152	0|0	0	1,0,0
NA19159	1|1	1.51	0.04,0.41,0.55
NA19160	1|0	0.53	0.47,0.53,0
NA19171	0|0	0	1,0,0
NA19172	1|1	1.73	0,0.27,0.73
NA19189	0|1	0.89	0.11,0.89,0
NA19200	0|0	0	1,0,0
NA19201	1|0	1	0,1,0
NA19204	0|0	0	1,0,0
NA19206	1|0	0.59	0.41,0.59,0
NA19207	1|0	0.87	0.13,0.87,0
NA19209	1|0	0.65	0.35,0.65,0
NA19213	0|0	0.04	0.96,0.04,0
NA19223	1|0	0.8	0.2,0.8,0
NA19240	0|0	0	1,0,0
NA06985	1|1	2	0,0,1
NA06994	0|0	0.15	0.86,0.14,0
NA07000	0|1	1	0,1,0
NA07048	0|1	1	0,1,0
NA07056	0|0	0.15	0.85,0.15,0
NA07357	1|0	1	0,1,0
NA10847	0|0	0	1,0,0
NA10851	0|0	0	1,0,0
NA11829	0|0	0	1,0,0
NA11830	0|0	0	1,0,0
NA11831	0|1	1	0,1,0
NA11832	0|0	0	1,0,0
NA11840	1|0	1.42	0,0.58,0.42
NA11881	0|0	0.36	0.68,0.29,0.03
NA11992	0|1	1	0,1,0
NA11994	0|1	1.01	0,0.99,0.01
NA12003	1|0	1	0,1,0
NA12004	0|1	1	0,1,0
NA12005	1|1	2	0,0,1
NA12006	0|1	1.18	0,0.82,0.18
NA12043	0|0	0	1,0,0
NA12044	1|0	0.99	0.01,0.99,0
NA12144	0|1	1	0,1,0
NA12154	1|0	0.99	0.01,0.99,0
NA12155	0|1	1	0,1,0
NA12156	0|1	0.97	0.03,0.97,0
NA12234	0|0	0	1,0,0
NA12716	0|0	0	1,0,0
NA12717	0|1	0.95	0.05,0.95,0
NA12751	1|0	1.04	0,0.95,0.05
NA12760	0|1	1.47	0.01,0.5,0.49
NA12761	1|0	0.97	0.03,0.97,0
NA12762	1|0	1	0,1,0
NA12763	0|1	1	0,1,0
NA12812	0|0	0	1,0,0
NA12813	1|0	1.01	0,0.99,0.01
NA12814	0|0	0	1,0,0
NA12815	1|1	2	0,0,1
NA12872	1|1	2	0,0,1
NA12873	0|1	1	0.24,0.52,0.24
NA12874	0|1	1.05	0,0.95,0.05
NA12878	0|1	1.11	0,0.89,0.11
NA20502	0|1	1	0,1,0
NA20504	1|1	2	0,0,1
NA20505	0|0	0	1,0,0
NA20506	0|0	0.04	0.96,0.04,0
NA20508	1|0	1	0,1,0
NA20509	1|0	1	0,1,0
NA20512	1|1	2	0,0,1
NA20515	0|1	1.05	0,0.95,0.05
NA20516	1|1	1.76	0,0.24,0.76
NA20517	1|0	1.05	0,0.95,0.05
NA20518	0|1	0.54	0.46,0.54,0
NA20519	0|1	0.99	0.01,0.99,0
NA20520	0|1	0.99	0.02,0.96,0.02
NA20521	0|1	1	0,1,0
NA20522	0|0	0	1,0,0
NA20527	1|1	2	0,0,1
NA20534	1|1	2	0,0,1
NA20535	1|0	1	0,1,0
NA20538	1|1	2	0,0,1
NA20539	0|1	1	0,1,0
NA20540	1|1	2	0,0,1
NA20541	0|0	0	1,0,0
NA20542	0|1	1	0,1,0
NA20543	0|0	0	1,0,0
NA20544	1|0	1.02	0,0.98,0.02
NA20581	1|1	2	0,0,1
NA20582	1|1	2	0,0,1
NA20585	1|0	0.94	0.06,0.94,0
NA20589	0|0	0	1,0,0
NA20752	1|1	2	0,0,1
NA20753	1|1	2	0,0,1
NA20754	1|0	0.9	0.1,0.9,0
NA20755	1|1	2	0,0,1
NA20756	1|1	2	0,0,1
NA20757	1|1	2	0,0,1
NA20758	0|1	1.09	0,0.91,0.09
NA20759	1|1	2	0,0,1
NA20760	1|1	2	0,0,1
NA20761	1|0	1	0,1,0
NA20765	0|0	0	1,0,0
NA20766	1|0	1	0,1,0
NA20768	1|0	1.08	0,0.92,0.08
NA20769	1|1	1.99	0,0.01,0.99
NA20770	0|1	1	0,1,0
NA20771	0|0	0	1,0,0
NA20772	1|1	2	0,0,1
NA20775	0|1	1	0,1,0
NA20778	1|1	2	0,0,1
NA20783	1|1	2	0,0,1
NA20786	0|1	1	0,1,0
NA20790	1|1	2	0,0,1
NA20796	0|0	0	1,0,0
NA20797	1|1	2	0,0,1
NA20799	0|0	0.28	0.72,0.28,0
NA20800	0|1	1	0,1,0
NA20801	1|1	2	0,0,1
NA20802	0|1	0.98	0.02,0.98,0
NA20803	1|1	2	0,0,1
NA20804	1|1	2	0,0,1
NA20807	1|1	2	0,0,1
NA20808	1|1	2	0,0,1
NA20813	1|1	2	0,0,1
NA20818	1|1	2	0,0,1
NA20819	1|0	1	0,1,0
NA20826	1|1	1.77	0,0.23,0.77
NA20828	0|0	0	1,0,0
NA18526	0|1	1	0,1,0
NA18532	1|1	2	0,0,1
NA18537	0|0	0	1,0,0
NA18547	0|0	0.01	0.99,0.01,0
NA18550	0|1	1	0,1,0
NA18555	0|0	0	1,0,0
NA18562	1|0	1	0,1,0
NA18563	0|1	1	0,1,0
NA18566	1|1	2	0,0,1
NA18572	1|1	1.97	0,0.03,0.97
NA18582	1|1	2	0,0,1
NA18603	1|0	1	0,1,0
NA18605	0|0	0	1,0,0
NA18606	1|1	2	0,0,1
NA18621	0|1	0.82	0.18,0.82,0
NA18622	0|0	0	1,0,0
NA18628	1|1	2	0,0,1
NA18632	1|1	2	0,0,1
NA18636	1|1	2	0,0,1
NA18647	0|0	0	1,0,0
NA18942	0|1	0.98	0.02,0.98,0
NA18943	1|1	1.91	0,0.09,0.91
NA18945	0|0	0	1,0,0
NA18947	0|1	1	0,1,0
NA18949	0|0	0.01	0.99,0.01,0
NA18951	0|0	0	1,0,0
NA18952	0|1	1	0,1,0
NA18953	0|0	0.01	0.99,0.01,0
NA18956	0|0	0	1,0,0
NA18964	0|0	0	1,0,0
NA18965	0|0	0.12	0.88,0.12,0
NA18970	0|0	0	1,0,0
NA18973	0|0	0	1,0,0
NA18974	0|0	0	1,0,0
NA18977	0|0	0	1,0,0
NA18987	0|0	0	1,0,0
NA18990	0|0	0	1,0,0
NA18994	0|0	0	1,0,0
NA18995	0|0	0	1,0,0
NA19000	0|0	0	1,0,0
NA19003	0|1	1	0,1,0
NA19010	0|1	1.02	0,0.98,0.02
