NA18498	0|0	0	1,0,0
NA18502	0|1	0.89	0.29,0.53,0.18
NA18507	0|0	0.02	0.98,0.02,0
NA18508	1|0	0.8	0.2,0.8,0
NA18517	1|0	0.92	0.08,0.92,0
NA18519	0|0	0	1,0,0
NA18861	0|0	0.08	0.92,0.08,0
NA18867	1|1	1.41	0.08,0.43,0.49
NA18870	1|1	1.53	0.04,0.4,0.56
NA18910	0|1	1.28	0.13,0.46,0.41
NA18912	0|1	1	0,1,0
NA19092	1|1	1.77	0,0.23,0.77
NA19093	1|0	1	0,1,0
NA19098	0|1	1	0,1,0
NA19099	0|0	0	1,0,0
NA19102	0|0	0	1,0,0
NA19108	0|1	1.09	0,0.91,0.09
NA19116	0|0	0.06	0.94,0.06,0
NA19118	0|0	0	1,0,0
NA19119	0|0	0.34	0.66,0.33,0.01
NA19129	0|0	0	1,0,0
NA19130	0|0	0.6	0.48,0.43,0.09
NA19131	0|0	0	1,0,0
NA19137	0|0	0	1,0,0
NA19141	0|0	0	1,0,0
NA19143	0|0	0	1,0,0
NA19146	0|1	1	0,1,0
NA19150	0|0	0	1,0,0
NA19152	0|0	0	1,0,0
NA19159	1|1	1.51	0.04,0.41,0.55
NA19160	1|0	0.53	0.47,0.53,0
NA19171	0|0	0	1,0,0
NA19172	1|1	1.73	0,0.27,0.73
NA19189	0|1	0.89	0.11,0.89,0
NA19200	0|0	0	1,0,0
NA19201	1|0	1	0,1,0
NA19204	0|0	0	1,0,0
NA19206	1|0	0.59	0.41,0.59,0
NA19207	1|0	0.87	0.13,0.87,0
NA19209	1|0	0.65	0.35,0.65,0
NA19213	0|0	0.04	0.96,0.04,0
NA19223	1|0	0.8	0.2,0.8,0
NA19240	0|0	0	1,0,0
