NA18526	0|0	0	1,0,0
NA18532	0|0	0	1,0,0
NA18537	0|0	0	1,0,0
NA18542	0|0	0.15	0.86,0.14,0
NA18545	0|0	0.02	0.98,0.02,0
NA18547	0|0	0	1,0,0
NA18550	0|0	0.01	0.99,0.01,0
NA18552	0|0	0	1,0,0
NA18555	0|0	0.04	0.96,0.04,0
NA18558	0	0	1,0
NA18561	0	0	1,0
NA18562	0	0	1,0
NA18563	0	0	1,0
NA18564	0|0	0	1,0,0
NA18566	0|0	0	1,0,0
NA18570	0|0	0.03	0.97,0.03,0
NA18571	0|0	0	1,0,0
NA18572	0	0	1,0
NA18573	0|0	0.02	0.98,0.02,0
NA18577	0|0	0	1,0,0
NA18579	0|0	0.01	0.99,0.01,0
NA18582	0|0	0	1,0,0
NA18592	0|0	0.01	0.99,0.01,0
NA18593	0|0	0	1,0,0
NA18603	0	0.08	0.92,0.08
NA18605	0	0	1,0
NA18606	0	0	1,0
NA18608	0	0	1,0
NA18609	0	0	1,0
NA18611	1	0.82	0.18,0.82
NA18612	0	0	1,0
NA18620	0	0	1,0
NA18621	0	0	1,0
NA18622	0	0	1,0
NA18623	0	0	1,0
NA18624	1	0.9	0.1,0.9
NA18628	0|0	0.09	0.92,0.08,0
NA18632	0	0.05	0.95,0.05
NA18633	0	0	1,0
NA18635	0	0	1,0
NA18636	0	0	1,0
NA18637	1	0.87	0.13,0.87
NA18647	0	0.01	0.99,0.01
NA18940	0	0	1,0
NA18942	0|0	0.01	0.99,0.01,0
NA18943	0	0.01	0.99,0.01
NA18944	0	0	1,0
NA18945	0	0	1,0
NA18947	0|0	0	1,0,0
NA18948	0	0	1,0
NA18949	0|0	0	1,0,0
NA18951	0|0	0.04	0.96,0.04,0
NA18952	0	0	1,0
NA18953	0	0	1,0
NA18956	1|0	0.59	0.41,0.59,0
NA18959	0	0	1,0
NA18960	0	0	1,0
NA18961	0	0.01	0.99,0.01
NA18964	0|0	0	1,0,0
NA18965	0	0	1,0
NA18966	0	0	1,0
NA18967	0	0.11	0.89,0.11
NA18968	0|0	0	1,0,0
NA18969	0|0	0	1,0,0
NA18970	0	0	1,0
NA18971	0	0	1,0
NA18972	0|0	0	1,0,0
NA18973	0|0	0	1,0,0
NA18974	0	0	1,0
NA18975	1|0	0.51	0.5,0.5,0
NA18976	0|0	0.3	0.7,0.3,0
NA18978	0|0	0	1,0,0
NA18980	0|0	0	1,0,0
NA18981	0|0	0	1,0,0
NA18987	0|0	0	1,0,0
NA18990	0	0	1,0
NA18991	0|0	0	1,0,0
NA18992	0|0	0	1,0,0
NA18994	0	0	1,0
NA18995	0	0	1,0
NA18997	0|0	0	1,0,0
NA18998	0|0	0	1,0,0
NA18999	0|0	0.24	0.76,0.24,0
NA19000	0	0.04	0.96,0.04
NA19003	0|0	0	1,0,0
NA19005	0	0	1,0
NA19007	0	0	1,0
NA19010	0|0	0.06	0.94,0.06,0
NA19012	0	0	1,0
