NA18498	1|1	9.00013e-06,0.00598204,0.994009
NA18500	1|1	0,0,1
NA18501	1|1	9.00013e-06,0.00598204,0.994009
NA18502	1|1	3.9999e-06,0.00399195,0.996004
NA18503	1|1	0,0,1
NA18504	1|1	0,0,1
NA18505	1|1	0,0.00199997,0.998
NA18506	1|1	0.000255999,0.0314879,0.968256
NA18507	1|1	6.40003e-05,0.015872,0.984064
NA18508	1|1	0,0,1
NA18515	1|1	0,0,1
NA18516	1|1	3.9999e-06,0.00399195,0.996004
NA18517	1|1	0,0,1
NA18519	1|1	9.00013e-06,0.00598204,0.994009
NA18521	1|1	1.60001e-05,0.00796802,0.992016
NA18522	1|1	0,0,1
NA18523	1|1	0,0.00300002,0.997
NA18852	1|1	0,0,1
NA18853	1|1	9.99974e-07,0.00199797,0.998001
NA18854	1|1	0,0,1
NA18855	1|1	0,0.039,0.961
NA18856	1|1	0,0,1
NA18857	1|1	0,0,1
NA18858	1|1	0,0,1
NA18859	1|1	4.90004e-05,0.0139021,0.986049
NA18860	1|1	0,0,1
NA18861	1|1	0,0.00300002,0.997
NA18862	1|1	2.5e-05,0.00994999,0.990025
NA18863	1|1	0,0,1
NA18867	1|1	0,0.017,0.983
NA18870	1|1	0,0,1
NA18871	1|1	9.00013e-06,0.00598204,0.994009
NA18872	1|1	0,0,1
NA18910	1|1	8.10001e-05,0.017838,0.982081
NA18912	1|1	2.40002e-05,0.010952,0.989024
NA18913	1|1	0,0,1
NA18914	1|1	9.99974e-07,0.00199797,0.998001
NA19027	1|1	0,0,1
NA19028	1|1	9.99974e-07,0.00199797,0.998001
NA19031	1|1	1.60001e-05,0.00796802,0.992016
NA19035	1|1	0,0,1
NA19036	1|1	0,0.000999987,0.999
NA19038	1|1	2e-05,0.00896,0.99102
NA19041	1|1	0.000169,0.025662,0.974169
NA19092	1|1	0,0,1
NA19093	1|1	0,0.00300002,0.997
NA19094	1|1	0,0,1
NA19098	1|1	0,0,1
NA19099	1|1	0,0,1
NA19100	1|1	0,0,1
NA19101	1|1	0.000575999,0.046848,0.952576
NA19102	1|1	0,0,1
NA19103	1|1	0,0,1
NA19108	1|1	0,0.00800002,0.992
NA19116	1|1	0,0.00199997,0.998
NA19118	1|1	0,0.02,0.98
NA19119	1|1	0,0,1
NA19120	1|1	0,0,1
NA19127	1|1	8.99989e-06,0.00998199,0.990009
NA19128	1|1	0.007396,0.157208,0.835396
NA19129	1|1	0,0,1
NA19130	1|1	0,0,1
NA19131	1|1	0,0.000999987,0.999
NA19132	1|1	0,0.013,0.987
NA19137	1|1	0,0.00400001,0.996
NA19138	1|1	2.5e-05,0.00994999,0.990025
NA19139	1|1	0,0,1
NA19140	1|1	0,0,1
NA19141	1|1	9.99998e-05,0.0198,0.9801
NA19142	1|1	0,0,1
NA19143	1|1	0,0.00300002,0.997
NA19144	1|1	2.5e-05,0.00994999,0.990025
NA19145	1|1	0,0,1
NA19146	1|1	0,0,1
NA19150	1|1	9.00013e-06,0.00598204,0.994009
NA19152	1|1	0,0.000999987,0.999
NA19153	1|1	9.99974e-07,0.00199797,0.998001
NA19154	1|1	0,0,1
NA19159	1|1	0,0,1
NA19160	1|1	0,0,1
NA19161	1|1	0,0,1
NA19171	1|1	9.99974e-07,0.00199797,0.998001
NA19172	1|1	0,0.00199997,0.998
NA19173	1|1	0,0,1
NA19189	1|1	3.9999e-06,0.00399195,0.996004
NA19200	1|1	0,0,1
NA19201	1|1	0,0,1
NA19202	1|1	0,0.00599998,0.994
NA19203	1|1	0,0,1
NA19204	1|1	0,0,1
NA19205	1|1	1.60001e-05,0.00796802,0.992016
NA19206	1|1	0,0,1
NA19207	1|1	0,0,1
NA19208	1|1	9.99974e-07,0.00199797,0.998001
NA19209	1|1	0,0,1
NA19210	1|1	0,0,1
NA19211	1|1	9.00013e-06,0.00598204,0.994009
NA19213	1|1	0,0,1
NA19221	1|1	0,0,1
NA19222	1|1	0,0.000999987,0.999
NA19223	1|1	0,0,1
NA19238	1|1	0,0.019,0.981
NA19239	1|1	0,0,1
NA19240	1|1	0,0.000999987,0.999
NA19307	1|1	0,0,1
NA19308	1|1	0,0,1
NA19309	1|1	9.00013e-06,0.00598204,0.994009
NA19310	1|1	0,0.000999987,0.999
NA19314	1|1	0,0.009,0.991
NA19315	1|1	0,0.00300002,0.997
NA19316	1|1	0,0.009,0.991
NA19317	1|1	0,0,1
NA19319	0|0	0.998001,0.001998,1e-06
NA19321	1|1	0,0.00199997,0.998
NA19324	1|1	0,0,1
NA19327	1|1	0,0,1
NA19328	1|1	0,0.00400001,0.996
NA19332	1|1	0,0.00199997,0.998
NA19334	1|1	4.90004e-05,0.0139021,0.986049
NA19346	1|1	1.60001e-05,0.00796802,0.992016
NA19347	1|1	0,0,1
NA19350	1|1	3.59998e-05,0.011928,0.988036
NA19360	1|1	9.99974e-07,0.00199797,0.998001
NA19372	1|1	0,0,1
NA19374	1|1	0.000169,0.025662,0.974169
NA19375	1|1	2.5e-05,0.00994999,0.990025
NA19376	1|1	1.60001e-05,0.00796802,0.992016
NA19377	1|1	1.99995e-06,0.00299596,0.997002
NA19379	1|1	2.4e-05,0.00995199,0.990024
NA19380	1|1	0,0,1
NA19384	1|1	0,0,1
NA19385	1|1	0,0,1
NA19390	1|1	0,0.000999987,0.999
NA19391	1|1	2.10002e-05,0.00995805,0.990021
NA19393	1|1	0,0,1
NA19394	1|1	0,0,1
NA19397	1|1	0,0,1
NA19399	1|1	0,0.00300002,0.997
NA19403	1|0	0,1,0
NA19404	1|1	0,0,1
NA19428	1|1	0,0,1
NA19429	1|1	0,0,1
NA19430	1|1	0,0,1
NA19431	1|1	0,0.00199997,0.998
NA19434	1|0	0,0.999,0.001
NA19435	1|1	1.39999e-05,0.008972,0.991014
NA19436	0|1	0,1,0
NA19437	1|1	0,0.00199997,0.998
NA19438	1|1	0,0.00999999,0.99
NA19439	1|1	0,0.00199997,0.998
NA19440	1|1	0,0.00800002,0.992
NA19443	1|1	0,0,1
NA19445	1|1	2.59997e-05,0.014948,0.985026
NA19446	1|1	0,0,1
NA19448	1|1	9.00013e-06,0.00598204,0.994009
NA19449	1|1	0,0.009,0.991
NA19451	1|1	9.00013e-06,0.00598204,0.994009
NA19452	1|1	0,0,1
NA19455	1|1	1.60001e-05,0.00796802,0.992016
NA19456	1|1	0,0.00400001,0.996
NA19457	1|1	0,0,1
NA19462	1|1	0,0.00199997,0.998
NA19463	1|1	0,0.000999987,0.999
NA19466	1|1	3.59998e-05,0.011928,0.988036
NA19467	1|1	0,0.00800002,0.992
NA19468	1|1	0,0.011,0.989
NA19471	1|1	0,0.03,0.97
NA19472	1|1	9.99986e-06,0.00697997,0.99301
NA19473	1|1	0,0.00199997,0.998
NA19474	1|1	5.99991e-06,0.00698797,0.993006
NA06985	0|0	1,0,0
NA06991	0|1	0,1,0
NA06993	1|1	0,0,1
NA06994	0|0	1,0,0
NA07000	0|0	1,0,0
NA07019	0|0	1,0,0
NA07022	0|0	1,0,0
NA07029	0|0	1,0,0
NA07034	0|0	1,0,0
NA07048	0|0	1,0,0
NA07055	0|1	0.00199997,0.998,0
NA07056	0|0	1,0,0
NA07345	0|0	1,0,0
NA07348	0|0	1,0,0
NA07357	0|0	1,0,0
NA10830	0|0	1,0,0
NA10831	0|0	1,0,0
NA10835	1|1	0,0,1
NA10838	0|0	1,0,0
NA10839	0|1	0,1,0
NA10846	0|0	1,0,0
NA10847	0|0	1,0,0
NA10851	0|0	1,0,0
NA10854	0|0	0.999,0.001,0
NA10855	0|0	1,0,0
NA10856	0|0	1,0,0
NA10857	0|0	1,0,0
NA10859	0|0	1,0,0
NA10860	0|0	1,0,0
NA10861	0|1	0.000999987,0.999,0
NA10863	1|1	0,0,1
NA11829	1|1	0,0,1
NA11830	0|0	1,0,0
NA11831	0|0	1,0,0
NA11832	0|0	1,0,0
NA11839	0|0	1,0,0
NA11840	1|0	0,1,0
NA11881	0|0	1,0,0
NA11882	0|0	1,0,0
NA11992	0|0	1,0,0
NA11993	0|0	1,0,0
NA11994	1|1	9.99974e-07,0.00199797,0.998001
NA11995	0|0	1,0,0
NA12003	0|0	1,0,0
NA12004	0|0	1,0,0
NA12005	0|0	1,0,0
NA12006	0|1	0,1,0
NA12043	1|1	0,0,1
NA12044	0|0	1,0,0
NA12056	0|0	0.998001,0.001998,1e-06
NA12057	0|0	1,0,0
NA12144	1|1	9.99974e-07,0.00199797,0.998001
NA12145	0|1	0,1,0
NA12146	0|0	1,0,0
NA12154	1|1	0.018496,0.235008,0.746496
NA12155	0|0	1,0,0
NA12156	0|0	1,0,0
NA12234	0|1	0,1,0
NA12236	0|0	1,0,0
NA12239	0|0	1,0,0
NA12248	0|0	1,0,0
NA12249	0|1	0,1,0
NA12264	1|1	0,0,1
NA12707	0|0	1,0,0
NA12716	0|0	1,0,0
NA12717	0|0	1,0,0
NA12740	0|0	1,0,0
NA12750	0|0	1,0,0
NA12751	0|0	1,0,0
NA12752	1|1	0,0,1
NA12753	0|0	1,0,0
NA12760	0|0	1,0,0
NA12761	1|1	0,0,1
NA12762	0|0	1,0,0
NA12763	0|0	1,0,0
NA12801	0|0	1,0,0
NA12802	0|0	1,0,0
NA12812	0|0	1,0,0
NA12813	0|0	1,0,0
NA12814	0|0	1,0,0
NA12815	0|0	1,0,0
NA12864	0|0	1,0,0
NA12865	0|0	1,0,0
NA12872	0|0	1,0,0
NA12873	0|0	1,0,0
NA12874	0|0	1,0,0
NA12875	0|0	0.914,0.086,0
NA12878	0|0	1,0,0
NA12891	0|0	1,0,0
NA12892	0|0	1,0,0
NA20502	0|0	1,0,0
NA20504	1|0	0.00199997,0.998,0
NA20505	0|0	1,0,0
NA20506	0|0	1,0,0
NA20508	0|0	1,0,0
NA20509	0|0	1,0,0
NA20510	0|0	1,0,0
NA20512	0|0	1,0,0
NA20515	1|1	1.60001e-05,0.00796802,0.992016
NA20516	0|0	1,0,0
NA20517	0|0	1,0,0
NA20518	0|0	1,0,0
NA20519	0|0	1,0,0
NA20520	0|0	1,0,0
NA20521	0|0	1,0,0
NA20522	1|0	0,1,0
NA20524	0|0	1,0,0
NA20525	0|0	1,0,0
NA20527	0|0	1,0,0
NA20528	0|0	0.998001,0.001998,1e-06
NA20529	0|0	1,0,0
NA20530	0|0	1,0,0
NA20531	0|0	1,0,0
NA20534	1|1	4.90004e-05,0.0139021,0.986049
NA20535	0|0	1,0,0
NA20538	0|0	1,0,0
NA20539	0|0	1,0,0
NA20540	0|1	0.000999987,0.999,0
NA20541	0|0	1,0,0
NA20542	0|0	1,0,0
NA20543	0|0	1,0,0
NA20544	0|0	1,0,0
NA20581	1|1	0,0,1
NA20582	1|0	0.00399601,0.995008,0.000996
NA20585	0|0	1,0,0
NA20586	0|0	1,0,0
NA20588	1|1	0,0,1
NA20589	0|0	1,0,0
NA20752	0|0	0.954529,0.044942,0.000529
NA20753	0|0	1,0,0
NA20754	0|0	1,0,0
NA20755	1|1	0,0,1
NA20756	0|0	1,0,0
NA20757	0|0	0.999,0.001,0
NA20758	0|0	1,0,0
NA20759	0|0	1,0,0
NA20760	0|0	1,0,0
NA20761	0|0	1,0,0
NA20765	0|0	1,0,0
NA20766	0|1	0.038532,0.949936,0.011532
NA20768	0|0	1,0,0
NA20769	0|0	1,0,0
NA20770	0|0	1,0,0
NA20771	0|1	0,1,0
NA20772	0|0	1,0,0
NA20773	0|0	0.999,0.001,0
NA20774	0|0	1,0,0
NA20778	0|0	1,0,0
NA20783	0|0	1,0,0
NA20785	0|0	1,0,0
NA20786	1|1	0,0,1
NA20787	0|0	1,0,0
NA20790	1|0	0,1,0
NA20792	1|1	0,0,1
NA20795	0|1	0,1,0
NA20796	0|0	1,0,0
NA20797	0|0	1,0,0
NA20798	0|0	1,0,0
NA20799	0|1	0.00400001,0.996,0
NA20800	0|0	1,0,0
NA20801	0|0	1,0,0
NA20802	0|1	0,1,0
NA20803	0|0	1,0,0
NA20804	0|0	0.620403,0.363194,0.016403
NA20805	0|0	1,0,0
NA20806	0|0	1,0,0
NA20807	0|0	1,0,0
NA20808	1|0	0.00400001,0.996,0
NA20809	0|0	1,0,0
NA20810	0|0	1,0,0
NA20811	0|0	1,0,0
NA20812	0|0	1,0,0
NA20813	0|0	1,0,0
NA20815	1|1	9.99974e-07,0.00199797,0.998001
NA20818	0|0	1,0,0
NA20819	0|0	1,0,0
NA20826	1|1	9.99974e-07,0.00199797,0.998001
NA20828	0|0	1,0,0
NA18526	0|0	1,0,0
NA18532	0|0	0.999,0.001,0
NA18537	0|0	1,0,0
NA18542	1|0	0,1,0
NA18545	1|1	0,0,1
NA18547	1|0	0.00999999,0.99,0
NA18550	0|0	0.582,0.418,0
NA18552	1|1	9.99974e-07,0.00199797,0.998001
NA18555	0|0	0.999,0.001,0
NA18558	0|0	1,0,0
NA18561	0|0	1,0,0
NA18562	0|0	1,0,0
NA18563	1|1	3.59998e-05,0.011928,0.988036
NA18564	1|0	0,1,0
NA18566	0|1	0,1,0
NA18570	0|0	0.999,0.001,0
NA18571	0|0	1,0,0
NA18572	0|0	0.657721,0.306558,0.035721
NA18573	0|0	0.979,0.021,0
NA18577	0|0	1,0,0
NA18579	0|1	0,1,0
NA18582	0|0	0.977,0.023,0
NA18592	1|0	0.012,0.988,0
NA18593	0|0	0.76,0.24,0
NA18603	0|0	1,0,0
NA18605	1|1	0,0,1
NA18606	1|1	6.40003e-05,0.015872,0.984064
NA18608	0|0	1,0,0
NA18609	0|0	1,0,0
NA18611	0|0	1,0,0
NA18612	0|0	0.996004,0.003992,4e-06
NA18620	0|0	1,0,0
NA18621	0|0	1,0,0
NA18622	0|0	1,0,0
NA18623	0|0	1,0,0
NA18624	0|0	1,0,0
NA18628	0|1	0.077,0.923,0
NA18632	0|0	1,0,0
NA18633	0|0	1,0,0
NA18635	1|1	0,0,1
NA18636	0|0	1,0,0
NA18637	0|0	1,0,0
NA18647	0|0	1,0,0
NA18940	1|1	0,0,1
NA18942	0|0	1,0,0
NA18943	1|1	0,0,1
NA18944	0|0	1,0,0
NA18945	1|1	0.000676001,0.050648,0.948676
NA18947	1|1	0,0,1
NA18948	1|1	3.9999e-06,0.00399195,0.996004
NA18949	1|0	0,1,0
NA18951	1|0	0,1,0
NA18952	1|1	0,0,1
NA18953	0|0	1,0,0
NA18956	0|0	0.787,0.213,0
NA18959	1|1	0,0,1
NA18960	0|0	1,0,0
NA18961	1|1	0.000624999,0.04875,0.950625
NA18964	0|0	1,0,0
NA18965	1|1	3.9999e-06,0.00399195,0.996004
NA18966	0|0	0.373321,0.475358,0.151321
NA18967	0|0	1,0,0
NA18968	0|0	1,0,0
NA18969	0|0	1,0,0
NA18970	0|0	1,0,0
NA18971	0|0	1,0,0
NA18972	1|0	0.000999987,0.999,0
NA18973	0|1	0,1,0
NA18974	0|0	1,0,0
NA18975	1|0	0,1,0
NA18976	0|0	1,0,0
NA18977	0|0	1,0,0
NA18978	1|0	0,1,0
NA18980	0|0	0.998,0.002,0
NA18981	0|0	1,0,0
NA18987	1|0	0,1,0
NA18990	0|0	0.998001,0.001998,1e-06
NA18991	0|0	1,0,0
NA18992	0|1	0.00999999,0.99,0
NA18994	0|0	1,0,0
NA18995	0|0	1,0,0
NA18997	0|0	1,0,0
NA18998	0|0	0.999,0.001,0
NA18999	0|0	1,0,0
NA19000	0|0	1,0,0
NA19003	0|0	1,0,0
NA19005	1|1	0,0,1
NA19007	0|0	1,0,0
NA19010	0|1	0,1,0
NA19012	0|0	1,0,0
