NA18498	0|1	1	0,1,0
NA18502	1|1	1.99	0,0.01,0.99
NA18505	1|1	1.5	0.01,0.47,0.52
NA18507	1|1	1.97	0,0.03,0.97
NA18508	0|1	0.79	0.21,0.79,0
NA18517	1|1	2	0,0,1
NA18519	0|1	0.55	0.46,0.54,0
NA18867	1|1	1.99	0,0.01,0.99
NA18870	1|1	1.96	0,0.04,0.96
NA18910	0|1	0.96	0.23,0.58,0.19
NA19092	1|1	1.7	0,0.3,0.7
NA19098	0|1	0.72	0.36,0.56,0.08
NA19099	0|0	0.08	0.92,0.08,0
NA19102	1|0	1.22	0,0.78,0.22
NA19108	1|0	1.2	0.13,0.54,0.33
NA19118	1|0	0.85	0.15,0.85,0
NA19119	0|0	0.13	0.87,0.13,0
NA19129	0|0	0.45	0.55,0.45,0
NA19130	0|0	0.38	0.63,0.36,0.01
NA19141	1|0	1.47	0,0.53,0.47
NA19146	0|1	1.01	0,0.99,0.01
NA19150	1|0	1	0.01,0.99,0
NA19152	1|1	2	0,0,1
NA19160	0|1	1.04	0,0.96,0.04
NA19171	1|0	1.01	0,0.98,0.02
NA19189	0|1	1	0,1,0
NA19204	1|0	0.93	0.07,0.93,0
NA19206	1|1	1.99	0,0.01,0.99
NA19207	1|1	1.96	0,0.04,0.96
NA19209	0|0	0.1	0.9,0.1,0
NA19213	0|1	1.01	0,0.99,0.01
NA19240	0|1	0.84	0.17,0.82,0.01
