NA18498	0|0	0.03	0.97,0.03,0
NA18502	0|0	0.01	0.99,0.01,0
NA18505	0|0	0.12	0.88,0.12,0
NA18507	1|1	1.99	0,0.01,0.99
NA18508	0|1	1	0,1,0
NA18517	0|1	1	0,1,0
NA18519	1|0	0.58	0.42,0.58,0
NA18867	0|0	0	1,0,0
NA18870	1|1	2	0,0,1
NA19092	0|0	0	1,0,0
NA19098	0|1	0.83	0.17,0.82,0.01
NA19099	0|0	0	1,0,0
NA19102	0|0	0	1,0,0
NA19108	0|0	0	1,0,0
NA19118	0|0	0	1,0,0
NA19119	0|0	0	1,0,0
NA19129	0|1	1	0,1,0
NA19130	0|0	0.37	0.63,0.37,0
NA19146	1|0	0.97	0.03,0.97,0
NA19152	1|0	1	0,1,0
NA19160	0|0	0	1,0,0
NA19171	1|0	1	0,1,0
NA19204	0|0	0	1,0,0
NA19207	1|0	1	0,1,0
NA19209	1|0	0.99	0.01,0.99,0
NA19213	0|0	0	1,0,0
NA19240	0|1	1	0,1,0
