NA18526	1|1	2	0,0,1
NA18537	0|0	0.01	0.99,0.01,0
NA18550	0|0	0.03	0.97,0.03,0
NA18555	0|0	0	1,0,0
NA18562	0	0	1,0
NA18563	0	0	1,0
NA18582	1|0	1	0,1,0
NA18603	0	0	1,0
NA18606	0	0	1,0
NA18621	1	1	0,1
NA18622	1	1	0,1
NA18628	0|0	0	1,0,0
NA18632	0	0.04	0.96,0.04
NA18636	0	0.02	0.98,0.02
NA18647	0	0	1,0
NA18942	1|1	1.86	0,0.14,0.86
NA18945	0	0	1,0
NA18947	0|0	0	1,0,0
NA18951	1|0	1	0,1,0
NA18952	0	0	1,0
NA18953	0	0	1,0
NA18956	1|0	1	0,1,0
NA18965	1	1	0,1
NA18970	0	0	1,0
NA18973	0|1	1	0,1,0
NA18977	0	0	1,0
NA18987	1|0	1	0,1,0
NA18990	0	0	1,0
NA18995	1	1	0,1
NA19003	0|0	0	1,0,0
NA19010	0|0	0	1,0,0
