NA18498	0|1	1	0,1,0
NA18502	1|1	1.83	0,0.17,0.83
NA18505	1|0	1.4	0.02,0.56,0.42
NA18507	1|1	2	0,0,1
NA18508	0|1	0.78	0.22,0.78,0
NA18517	1|1	2	0,0,1
NA18519	0|0	0.03	0.97,0.03,0
NA18867	1|1	2	0,0,1
NA18870	1|0	0.94	0.06,0.94,0
NA18910	0|1	0.97	0.03,0.97,0
NA19092	1|1	1.85	0,0.15,0.85
NA19098	1|0	0.56	0.44,0.56,0
NA19099	0|0	0	1,0,0
NA19102	1|0	1.01	0,0.99,0.01
NA19108	0|0	0.37	0.63,0.37,0
NA19118	1|0	0.89	0.11,0.89,0
NA19119	0|0	0.09	0.91,0.09,0
NA19129	0|0	0.07	0.93,0.07,0
NA19130	0|1	0.61	0.43,0.53,0.04
NA19141	1|0	1	0,1,0
NA19146	0|1	1.02	0,0.98,0.02
NA19150	1|0	1.04	0,0.96,0.04
NA19152	1|1	2	0,0,1
NA19160	0|1	1.08	0,0.92,0.08
NA19171	1|0	0.85	0.16,0.82,0.02
NA19189	0|1	1	0,1,0
NA19204	1|0	0.97	0.03,0.97,0
NA19206	1|1	2	0,0,1
NA19207	1|0	0.88	0.12,0.88,0
NA19209	0|0	0.06	0.94,0.06,0
NA19213	0|1	1	0,1,0
NA19240	0|0	0.08	0.92,0.08,0
