NA18498	1|0	0.00199997,0.998,0
NA18502	0|1	0,1,0
NA18505	0|0	0.999,0.001,0
NA18507	0|0	0.999,0.001,0
NA18508	0|1	0.00400001,0.996,0
NA18517	1|0	0,0.999,0.001
NA18519	1|0	0.00285002,0.9473,0.04985
NA18858	0|0	1,0,0
NA18861	0|0	0.997002,0.002996,2e-06
NA18867	0|0	1,0,0
NA18870	0|0	0.799,0.201,0
NA18910	0|0	1,0,0
NA18912	0|0	1,0,0
NA19092	0|1	0.018981,0.980038,0.000981
NA19093	0|1	0,1,0
NA19098	1|0	0.137,0.863,0
NA19099	1|0	0.222,0.778,0
NA19102	0|1	0,1,0
NA19108	1|0	0.008982,0.989036,0.001982
NA19116	0|0	1,0,0
NA19118	0|0	1,0,0
NA19119	0|0	0.999,0.001,0
NA19129	0|0	1,0,0
NA19130	0|0	0.999,0.001,0
NA19131	1|1	0.000193998,0.098612,0.901194
NA19137	1|0	0,1,0
NA19138	0|0	0.997,0.003,0
NA19141	0|0	0.993,0.007,0
NA19143	1|1	0,0.028,0.972
NA19144	0|0	1,0,0
NA19146	0|1	0.184,0.816,0
NA19150	0|0	1,0,0
NA19152	1|0	0.014,0.986,0
NA19153	0|0	0.569,0.431,0
NA19159	0|0	0.999,0.001,0
NA19160	1|0	0.00400001,0.996,0
NA19171	0|0	1,0,0
NA19172	0|0	1,0,0
NA19189	0|0	0.999,0.001,0
NA19200	0|0	1,0,0
NA19201	0|0	1,0,0
NA19204	0|1	0.000999987,0.999,0
NA19206	0|1	0.00599998,0.994,0
NA19207	0|1	0,0.956,0.044
NA19209	0|0	0.999,0.001,0
NA19210	0|1	0,0.944,0.056
NA19213	1|0	0,1,0
NA19222	0|0	1,0,0
NA19223	0|0	1,0,0
NA19240	0|0	1,0,0
