NA18526	0|0	0.999,0.001,0
NA18532	0|0	0.689,0.311,0
NA18537	1|1	0,0.00400001,0.996
NA18542	0|1	0.009,0.991,0
NA18545	1|1	0,0.00599998,0.994
NA18547	0|0	1,0,0
NA18550	0|1	0.000999987,0.999,0
NA18552	1|1	0.000187,0.027626,0.972187
NA18555	0|0	0.986,0.014,0
NA18558	1|0	0.067,0.933,0
NA18561	0|0	1,0,0
NA18562	1|0	0,1,0
NA18563	1|1	0.000476,0.047048,0.952476
NA18564	0|1	0.00579999,0.5784,0.4158
NA18566	0|0	0.605,0.395,0
NA18570	1|1	0,0.000999987,0.999
NA18571	1|0	0.00197797,0.987044,0.010978
NA18572	0|0	0.996,0.004,0
NA18573	0|0	0.981,0.019,0
NA18577	1|0	0.009,0.991,0
NA18579	0|1	0,1,0
NA18582	0|1	0.000841989,0.841316,0.157842
NA18592	0|0	0.71,0.29,0
NA18593	0|0	1,0,0
NA18603	0|1	0.277,0.723,0
NA18605	0|1	0.00199997,0.998,0
NA18608	1|1	0,0,1
NA18609	1|1	0,0.00199997,0.998
NA18611	1|0	0,1,0
NA18612	1|0	0.00300002,0.997,0
NA18620	1|1	1.99995e-06,0.00299596,0.997002
NA18621	0|0	0.999,0.001,0
NA18622	0|0	0.986,0.014,0
NA18623	1|1	0,0.00199997,0.998
NA18624	0|0	0.768,0.232,0
NA18632	1|0	0.00539398,0.894212,0.100394
NA18633	0|0	0.998,0.002,0
NA18635	0|0	1,0,0
NA18636	1|1	0.001528,0.195944,0.802528
NA18637	1|0	0,1,0
NA18940	0|1	0,1,0
NA18942	0|0	1,0,0
NA18943	1|1	0,0.057,0.943
NA18944	1|1	0,0.000999987,0.999
NA18945	1|1	0,0.000999987,0.999
NA18947	1|0	0,1,0
NA18948	1|1	0,0.011,0.989
NA18949	1|0	0.012,0.988,0
NA18951	0|1	0,1,0
NA18952	0|0	1,0,0
NA18953	1|1	0,0.000999987,0.999
NA18956	1|1	0,0.014,0.986
NA18959	1|0	0,1,0
NA18960	1|1	0,0.00800002,0.992
NA18961	1|1	0,0.198,0.802
NA18964	1|1	0,0,1
NA18965	1|1	0,0.00999999,0.99
NA18966	1|0	0.13277,0.68546,0.18177
NA18967	0|0	1,0,0
NA18968	1|1	0,0.023,0.977
NA18969	0|0	0.891,0.109,0
NA18970	1|1	1.60001e-05,0.00796802,0.992016
NA18971	1|1	0.000108001,0.038784,0.961108
NA18972	1|1	0,0.000999987,0.999
NA18973	0|1	0,1,0
NA18974	0|1	0.00199397,0.995012,0.002994
NA18975	1|1	0,0.145,0.855
NA18976	1|1	1.99997e-05,0.02096,0.97902
NA18978	0|1	0.014,0.986,0
NA18980	0|0	0.999,0.001,0
NA18981	1|1	0.001175,0.23765,0.761175
NA18987	1|1	0,0.018,0.982
NA18990	1|1	1.80001e-05,0.008964,0.991018
NA18991	1|0	0,1,0
NA18992	1|1	0.00342401,0.429152,0.567424
NA18994	1|1	2.4e-05,0.00995199,0.990024
NA18995	0|1	0,0.962,0.038
NA18997	1|0	0.011,0.989,0
NA18998	1|0	0,1,0
NA18999	0|1	0.004995,0.99401,0.000995
NA19000	0|1	0.023,0.977,0
NA19003	1|1	0,0.015,0.985
NA19005	1|1	0,0.00199997,0.998
NA19007	1|1	2.99999e-05,0.01094,0.98903
NA19012	1|0	0.000999987,0.999,0
