NA18498	1|0	0,1,0
NA18500	0|0	0.906,0.094,0
NA18501	1|0	0.00199997,0.998,0
NA18502	0|0	1,0,0
NA18503	0|0	1,0,0
NA18504	0|0	1,0,0
NA18505	0|0	0.999,0.001,0
NA18506	0|0	1,0,0
NA18507	0|0	0.999,0.001,0
NA18508	0|0	1,0,0
NA18515	0|1	0,1,0
NA18516	0|0	0.998001,0.001998,1e-06
NA18517	0|1	0,1,0
NA18519	0|0	0.998,0.002,0
NA18521	0|0	1,0,0
NA18522	0|0	0.966,0.034,0
NA18523	0|0	1,0,0
NA18852	1|0	0.00400001,0.996,0
NA18853	0|0	1,0,0
NA18854	0|0	1,0,0
NA18855	0|0	1,0,0
NA18856	0|0	0.999,0.001,0
NA18857	0|0	1,0,0
NA18858	1|1	0,0,1
NA18859	1|0	0,0.999,0.001
NA18860	1|1	0,0,1
NA18861	0|0	0.998001,0.001998,1e-06
NA18862	0|0	0.997,0.003,0
NA18863	0|0	1,0,0
NA18867	0|0	0.997002,0.002996,2e-06
NA18870	1|1	0,0,1
NA18871	0|0	1,0,0
NA18872	0|0	1,0,0
NA18910	0|1	0.000999987,0.999,0
NA18912	1|0	0.00300002,0.997,0
NA18913	0|0	1,0,0
NA18914	0|0	1,0,0
NA19027	1|1	0,0.000999987,0.999
NA19028	0|0	1,0,0
NA19031	0|0	1,0,0
NA19035	0|0	0.999,0.001,0
NA19036	0|0	0.999,0.001,0
NA19038	0|0	1,0,0
NA19041	0|0	0.994,0.006,0
NA19092	1|0	0,1,0
NA19093	0|0	1,0,0
NA19094	0|1	0,1,0
NA19098	0|0	0.995,0.005,0
NA19099	0|0	1,0,0
NA19100	0|0	1,0,0
NA19101	0|1	0,1,0
NA19102	0|0	1,0,0
NA19103	0|1	0,1,0
NA19108	0|0	1,0,0
NA19116	1|0	0,0.823,0.177
NA19118	1|0	0.00299702,0.996006,0.000997
NA19119	0|0	1,0,0
NA19120	0|1	0,1,0
NA19127	0|1	0.000999987,0.999,0
NA19128	0|0	1,0,0
NA19129	0|0	0.999,0.001,0
NA19130	0|0	1,0,0
NA19131	0|0	0.995,0.005,0
NA19132	0|0	0.998,0.002,0
NA19137	0|0	1,0,0
NA19138	1|1	0,0.000999987,0.999
NA19139	0|1	0,1,0
NA19140	0|0	1,0,0
NA19141	0|0	0.999,0.001,0
NA19142	0|0	1,0,0
NA19143	0|0	1,0,0
NA19144	0|0	1,0,0
NA19145	0|0	1,0,0
NA19146	0|0	0.999,0.001,0
NA19150	0|0	0.999,0.001,0
NA19152	0|0	1,0,0
NA19153	0|0	1,0,0
NA19154	0|0	1,0,0
NA19159	0|1	0,0.999,0.001
NA19160	0|0	1,0,0
NA19161	1|0	0,1,0
NA19171	0|1	0,1,0
NA19172	0|0	1,0,0
NA19173	0|1	0,1,0
NA19189	0|0	0.994,0.006,0
NA19200	0|0	1,0,0
NA19201	0|0	1,0,0
NA19202	0|0	1,0,0
NA19203	0|0	1,0,0
NA19204	0|0	0.999,0.001,0
NA19205	0|0	1,0,0
NA19206	0|0	1,0,0
NA19207	0|0	1,0,0
NA19208	0|0	1,0,0
NA19209	0|1	0,1,0
NA19210	0|0	1,0,0
NA19211	0|1	0,1,0
NA19213	0|0	0.999,0.001,0
NA19221	0|0	1,0,0
NA19222	0|0	1,0,0
NA19223	0|0	1,0,0
NA19238	0|0	1,0,0
NA19239	0|1	0,1,0
NA19240	1|0	0,1,0
NA19307	1|0	0,1,0
NA19308	0|0	1,0,0
NA19309	0|0	1,0,0
NA19310	0|0	1,0,0
NA19314	0|0	1,0,0
NA19315	0|0	1,0,0
NA19316	0|0	1,0,0
NA19317	0|1	0.00800002,0.992,0
NA19318	1|0	0,1,0
NA19319	0|0	1,0,0
NA19321	0|0	1,0,0
NA19324	0|0	1,0,0
NA19327	0|0	1,0,0
NA19328	0|0	0.999,0.001,0
NA19332	1|0	0.00800002,0.992,0
NA19334	0|1	0.00199797,0.997004,0.000998
NA19346	0|0	1,0,0
NA19347	0|0	0.998,0.002,0
NA19350	1|0	0,1,0
NA19360	0|0	1,0,0
NA19372	1|0	0,0.995,0.005
NA19374	0|0	1,0,0
NA19375	1|0	0,1,0
NA19376	1|0	0.000999987,0.999,0
NA19377	0|0	1,0,0
NA19379	0|0	0.994,0.006,0
NA19380	0|0	1,0,0
NA19384	0|0	1,0,0
NA19385	0|0	0.996,0.004,0
NA19390	0|0	1,0,0
NA19391	0|1	0,0.997,0.003
NA19393	0|0	1,0,0
NA19394	0|0	1,0,0
NA19397	1|0	0,0.997,0.003
NA19399	0|1	0,1,0
NA19403	0|1	0.00300002,0.997,0
NA19404	0|0	0.999,0.001,0
NA19428	0|1	0,1,0
NA19429	0|0	1,0,0
NA19430	0|0	1,0,0
NA19431	0|0	0.999,0.001,0
NA19434	0|0	1,0,0
NA19435	0|0	1,0,0
NA19436	1|0	0,1,0
NA19437	1|0	0.00400001,0.996,0
NA19438	1|1	0,0.00300002,0.997
NA19439	0|1	0,1,0
NA19440	0|0	0.999,0.001,0
NA19443	0|1	0.5,0.5,0
NA19445	0|0	1,0,0
NA19446	0|1	0,1,0
NA19448	0|0	0.998,0.002,0
NA19449	0|0	0.999,0.001,0
NA19451	0|0	1,0,0
NA19452	0|0	1,0,0
NA19455	0|0	1,0,0
NA19456	0|0	1,0,0
NA19457	0|0	0.999,0.001,0
NA19462	1|0	0,1,0
NA19463	1|1	0,0.00199997,0.998
NA19466	0|0	1,0,0
NA19467	1|0	0.00199997,0.998,0
NA19468	0|0	0.999,0.001,0
NA19471	0|0	1,0,0
NA19472	1|0	0,1,0
NA19473	0|0	1,0,0
NA19474	0|0	1,0,0
NA06985	0|0	1,0,0
NA06991	0|0	1,0,0
NA06993	0|1	0.012,0.988,0
NA06994	0|0	1,0,0
NA07000	1|0	0,1,0
NA07019	0|0	1,0,0
NA07022	0|1	0.189,0.811,0
NA07029	0|1	0.00300002,0.997,0
NA07034	0|0	1,0,0
NA07048	1|0	0,1,0
NA07055	0|1	0,1,0
NA07056	1|0	0.000999987,0.999,0
NA07345	1|1	0,0,1
NA07348	0|1	0,0.999,0.001
NA07357	0|1	0.00300002,0.997,0
NA10830	1|1	0,0.00300002,0.997
NA10831	0|0	1,0,0
NA10835	1|1	0,0.00199997,0.998
NA10838	0|0	1,0,0
NA10839	1|0	0,1,0
NA10846	1|1	0,0,1
NA10847	1|1	0,0.00199997,0.998
NA10851	1|1	0,0,1
NA10854	1|1	0,0,1
NA10855	1|0	0,1,0
NA10856	0|1	0,1,0
NA10857	1|0	0,1,0
NA10859	0|1	0,1,0
NA10860	1|1	0,0,1
NA10861	0|1	0,1,0
NA10863	1|1	0,0,1
NA11829	1|1	3.99996e-06,0.004992,0.995004
NA11830	0|0	1,0,0
NA11831	1|1	0,0,1
NA11832	1|0	0,1,0
NA11839	1|1	0,0.009,0.991
NA11840	0|1	0,0.996,0.004
NA11881	1|1	0,0,1
NA11882	0|1	0.00400001,0.996,0
NA11992	1|1	0,0.027,0.973
NA11993	1|1	0,0.000999987,0.999
NA11994	1|0	0,1,0
NA11995	1|1	0,0,1
NA12003	0|1	0.000999987,0.999,0
NA12004	0|0	0.998,0.002,0
NA12005	1|1	0,0.005,0.995
NA12006	0|0	1,0,0
NA12043	1|0	0,1,0
NA12044	0|0	0.999,0.001,0
NA12056	1|0	0,1,0
NA12057	1|0	0,1,0
NA12144	1|1	0,0.155,0.845
NA12145	0|1	0,1,0
NA12146	1|0	0,0.998,0.002
NA12154	1|1	0,0.00199997,0.998
NA12155	0|1	0.032,0.968,0
NA12156	1|0	0.00300002,0.997,0
NA12234	1|1	0,0,1
NA12236	1|1	0,0.000999987,0.999
NA12239	1|1	0,0,1
NA12248	1|1	0,0.091,0.909
NA12249	1|1	0,0.000999987,0.999
NA12264	0|1	0,1,0
NA12707	0|0	1,0,0
NA12716	1|0	0,0.998,0.002
NA12717	1|0	0.00300002,0.997,0
NA12740	0|0	1,0,0
NA12750	0|0	1,0,0
NA12751	0|1	0,0.997,0.003
NA12752	1|0	0,1,0
NA12753	1|1	0,0,1
NA12760	1|0	0.000999987,0.999,0
NA12761	1|1	0,0.005,0.995
NA12762	1|1	0,0,1
NA12763	0|1	0,1,0
NA12801	1|0	0.00700003,0.993,0
NA12802	1|1	0,0,1
NA12812	0|1	0.00299702,0.996006,0.000997
NA12813	1|1	0,0,1
NA12814	1|1	0,0.056,0.944
NA12815	1|0	0,1,0
NA12864	1|1	0,0.00700003,0.993
NA12865	0|1	0,1,0
NA12872	1|1	0,0.00199997,0.998
NA12873	1|1	0,0.00400001,0.996
NA12874	1|0	0.00300002,0.997,0
NA12875	1|0	0,1,0
NA12878	1|1	0,0,1
NA12891	1|0	0,0.991,0.009
NA12892	1|1	0,0,1
NA20502	1|0	0.012,0.988,0
NA20504	1|1	0,0.000999987,0.999
NA20505	1|1	0,0.00999999,0.99
NA20506	0|1	0.009,0.991,0
NA20508	1|1	8.99989e-06,0.00998199,0.990009
NA20509	1|1	0,0.00300002,0.997
NA20510	0|1	0,1,0
NA20512	1|0	0.066,0.934,0
NA20515	1|0	0,0.999,0.001
NA20516	1|0	0.00300002,0.997,0
NA20517	1|0	0.004995,0.99401,0.000995
NA20518	1|1	5.60003e-05,0.014888,0.985056
NA20519	1|1	3.60003e-05,0.014928,0.985036
NA20520	1|1	0.000280001,0.04244,0.95728
NA20521	0|1	0.00700003,0.993,0
NA20522	0|0	1,0,0
NA20524	1|0	0,0.999,0.001
NA20525	1|1	0,0.000999987,0.999
NA20527	0|0	1,0,0
NA20528	1|1	9.99986e-06,0.00697997,0.99301
NA20529	1|1	8.99997e-05,0.02082,0.97909
NA20530	1|1	0,0.00599998,0.994
NA20531	1|1	0,0.000999987,0.999
NA20534	1|1	4.99993e-06,0.00598998,0.994005
NA20535	1|0	0.009,0.991,0
NA20538	1|0	0.000997987,0.997004,0.001998
NA20539	1|1	0,0,1
NA20540	1|1	4.5e-05,0.01391,0.986045
NA20541	0|1	0.032,0.968,0
NA20542	1|1	5.99996e-06,0.004988,0.995006
NA20543	0|1	0.000999987,0.999,0
NA20544	1|0	0.000999987,0.999,0
NA20581	1|1	0,0,1
NA20582	1|1	3.09996e-05,0.031938,0.968031
NA20585	0|1	0.00199997,0.998,0
NA20586	0|0	1,0,0
NA20588	1|0	0,0.998,0.002
NA20589	0|1	0.00199797,0.997004,0.000998
NA20752	1|0	0,0.999,0.001
NA20753	1|1	0,0,1
NA20754	1|0	0.03,0.97,0
NA20755	0|1	0.03,0.97,0
NA20756	0|0	0.999,0.001,0
NA20757	1|0	0.023976,0.975048,0.000976
NA20758	0|1	0.00299102,0.994018,0.002991
NA20759	0|1	0.00199797,0.997004,0.000998
NA20760	1|1	0,0.014,0.986
NA20761	0|1	0.026272,0.800456,0.173272
NA20765	1|1	0.00161,0.32378,0.67461
NA20766	1|0	0.014,0.986,0
NA20768	0|1	0,0.998,0.002
NA20769	1|1	0,0.00300002,0.997
NA20770	1|0	0.000999987,0.999,0
NA20771	0|1	0.00699303,0.992014,0.000993
NA20772	0|0	0.998,0.002,0
NA20773	0|0	1,0,0
NA20774	1|1	0,0,1
NA20778	1|0	0.00199997,0.998,0
NA20783	0|1	0.00199997,0.998,0
NA20785	0|1	0.013,0.987,0
NA20786	1|0	0,0.997,0.003
NA20787	1|0	0.00199997,0.998,0
NA20790	1|0	0,1,0
NA20792	1|0	0.013,0.987,0
NA20795	1|1	0,0,1
NA20796	1|1	0,0.031,0.969
NA20797	0|1	0,0.999,0.001
NA20798	0|0	1,0,0
NA20799	1|1	0,0.00400001,0.996
NA20800	0|1	0.00300002,0.997,0
NA20801	0|1	0.000999987,0.999,0
NA20802	1|1	0,0.00400001,0.996
NA20803	0|0	0.999,0.001,0
NA20804	1|1	0,0.00199997,0.998
NA20805	0|1	0.000999987,0.999,0
NA20806	1|1	0,0.04,0.96
NA20807	1|1	0.000108,0.023784,0.976108
NA20808	0|0	1,0,0
NA20809	0|1	0.00199197,0.994016,0.003992
NA20810	1|1	0,0.000999987,0.999
NA20811	0|1	0.00995999,0.98608,0.00396
NA20812	0|1	0.005,0.995,0
NA20813	0|1	0.000999987,0.999,0
NA20815	1|1	0,0,1
NA20818	0|1	0.351914,0.637172,0.010914
NA20819	1|1	0,0.005,0.995
NA20826	0|1	0.000992987,0.992014,0.006993
NA20828	1|1	0,0.00199997,0.998
NA18526	1|1	0.000109999,0.05678,0.94311
NA18532	1|1	0.000132,0.022736,0.977132
NA18537	1|1	3.60001e-05,0.012928,0.987036
NA18542	1|1	0,0.00300002,0.997
NA18545	1|0	0.00599398,0.993012,0.000994
NA18547	1|1	2.80002e-05,0.010944,0.989028
NA18550	1|1	0.000408,0.040184,0.959408
NA18552	0|1	0,0.998,0.002
NA18555	0|0	1,0,0
NA18558	1|1	0,0.00199997,0.998
NA18561	1|0	0,0.884,0.116
NA18562	1|1	4.99993e-06,0.00598998,0.994005
NA18563	1|0	0.00598798,0.992024,0.001988
NA18564	1|1	0,0.015,0.985
NA18566	1|1	0.000115,0.02777,0.972115
NA18570	1|1	5.99996e-06,0.004988,0.995006
NA18571	1|0	0.000903988,0.903192,0.095904
NA18572	1|1	0,0.018,0.982
NA18573	1|1	2.19997e-05,0.012956,0.987022
NA18577	1|1	2.99998e-06,0.00399401,0.996003
NA18579	0|1	0.00800002,0.992,0
NA18582	1|1	0,0.00400001,0.996
NA18592	0|1	0.014865,0.97627,0.008865
NA18593	1|1	0.00011,0.02078,0.97911
NA18603	1|1	0,0.000999987,0.999
NA18605	1|1	0,0.012,0.988
NA18608	0|1	0.011,0.989,0
NA18609	1|1	0.0015,0.082,0.9165
NA18611	1|0	0,1,0
NA18612	1|1	1.69998e-05,0.017966,0.982017
NA18620	1|1	0.000315,0.03537,0.964315
NA18621	1|1	0,0.00599998,0.994
NA18622	1|1	0,0.000999987,0.999
NA18623	1|1	1.29998e-05,0.013974,0.986013
NA18624	1|1	0,0.00800002,0.992
NA18632	0|1	0.012,0.988,0
NA18633	1|1	0.000195,0.02761,0.972195
NA18635	1|0	0.00693003,0.98314,0.00993
NA18636	1|1	0,0.038,0.962
NA18637	1|1	2.59997e-05,0.026948,0.973026
NA18940	1|0	0.06039,0.93022,0.00939
NA18942	1|1	0,0,1
NA18943	1|1	0,0.00199997,0.998
NA18944	1|1	0,0.016,0.984
NA18945	0|0	1,0,0
NA18947	1|0	0,1,0
NA18948	1|1	7.20002e-05,0.021856,0.978072
NA18949	1|0	0.024875,0.97025,0.004875
NA18951	0|1	0.00300002,0.997,0
NA18952	1|0	0.000999987,0.999,0
NA18953	1|1	2.09998e-05,0.021958,0.978021
NA18956	1|0	0.00199997,0.998,0
NA18959	1|1	0,0.000999987,0.999
NA18960	1|0	0.00400001,0.996,0
NA18961	1|1	0,0.000999987,0.999
NA18964	1|1	0,0.02,0.98
NA18965	0|1	0.022,0.978,0
NA18966	1|1	0,0.009,0.991
NA18967	1|1	1.50001e-05,0.00797002,0.992015
NA18968	1|1	0,0.023,0.977
NA18969	1|1	0,0,1
NA18970	1|1	0,0.005,0.995
NA18971	1|1	0,0.023,0.977
NA18972	1|1	0,0.029,0.971
NA18973	1|1	6.19992e-05,0.062876,0.937062
NA18974	1|1	0,0.00300002,0.997
NA18975	1|1	0,0,1
NA18976	1|1	0.000959999,0.06008,0.93896
NA18978	0|1	0.000999987,0.999,0
NA18980	1|1	4.99993e-05,0.0269,0.97305
NA18981	1|1	2.40002e-05,0.010952,0.989024
NA18987	0|1	0,0.998,0.002
NA18990	1|1	0.000203001,0.035594,0.964203
NA18991	1|1	3.99996e-06,0.004992,0.995004
NA18992	0|0	1,0,0
NA18994	1|1	0.00045,0.0421,0.95745
NA18995	1|1	8.59989e-05,0.044828,0.955086
NA18997	1|1	0,0.00800002,0.992
NA18998	1|1	0,0.00700003,0.993
NA18999	1|0	0.00399201,0.994016,0.001992
NA19000	1|1	0,0.00400001,0.996
NA19003	1|1	0,0,1
NA19005	1|1	3.59998e-05,0.011928,0.988036
NA19007	1|1	2.99998e-06,0.00399401,0.996003
NA19012	1|1	0.000224,0.035552,0.964224
