NA06985	0|0	1,0,0
NA06991	0|0	1,0,0
NA06993	0|1	0.012,0.988,0
NA06994	0|0	1,0,0
NA07000	1|0	0,1,0
NA07019	0|0	1,0,0
NA07022	0|1	0.189,0.811,0
NA07029	0|1	0.00300002,0.997,0
NA07034	0|0	1,0,0
NA07048	1|0	0,1,0
NA07055	0|1	0,1,0
NA07056	1|0	0.000999987,0.999,0
NA07345	1|1	0,0,1
NA07348	0|1	0,0.999,0.001
NA07357	0|1	0.00300002,0.997,0
NA10830	1|1	0,0.00300002,0.997
NA10831	0|0	1,0,0
NA10835	1|1	0,0.00199997,0.998
NA10838	0|0	1,0,0
NA10839	1|0	0,1,0
NA10846	1|1	0,0,1
NA10847	1|1	0,0.00199997,0.998
NA10851	1|1	0,0,1
NA10854	1|1	0,0,1
NA10855	1|0	0,1,0
NA10856	0|1	0,1,0
NA10857	1|0	0,1,0
NA10859	0|1	0,1,0
NA10860	1|1	0,0,1
NA10861	0|1	0,1,0
NA10863	1|1	0,0,1
NA11829	1|1	3.99996e-06,0.004992,0.995004
NA11830	0|0	1,0,0
NA11831	1|1	0,0,1
NA11832	1|0	0,1,0
NA11839	1|1	0,0.009,0.991
NA11840	0|1	0,0.996,0.004
NA11881	1|1	0,0,1
NA11882	0|1	0.00400001,0.996,0
NA11992	1|1	0,0.027,0.973
NA11993	1|1	0,0.000999987,0.999
NA11994	1|0	0,1,0
NA11995	1|1	0,0,1
NA12003	0|1	0.000999987,0.999,0
NA12004	0|0	0.998,0.002,0
NA12005	1|1	0,0.005,0.995
NA12006	0|0	1,0,0
NA12043	1|0	0,1,0
NA12044	0|0	0.999,0.001,0
NA12056	1|0	0,1,0
NA12057	1|0	0,1,0
NA12144	1|1	0,0.155,0.845
NA12145	0|1	0,1,0
NA12146	1|0	0,0.998,0.002
NA12154	1|1	0,0.00199997,0.998
NA12155	0|1	0.032,0.968,0
NA12156	1|0	0.00300002,0.997,0
NA12234	1|1	0,0,1
NA12236	1|1	0,0.000999987,0.999
NA12239	1|1	0,0,1
NA12248	1|1	0,0.091,0.909
NA12249	1|1	0,0.000999987,0.999
NA12264	0|1	0,1,0
NA12707	0|0	1,0,0
NA12716	1|0	0,0.998,0.002
NA12717	1|0	0.00300002,0.997,0
NA12740	0|0	1,0,0
NA12750	0|0	1,0,0
NA12751	0|1	0,0.997,0.003
NA12752	1|0	0,1,0
NA12753	1|1	0,0,1
NA12760	1|0	0.000999987,0.999,0
NA12761	1|1	0,0.005,0.995
NA12762	1|1	0,0,1
NA12763	0|1	0,1,0
NA12801	1|0	0.00700003,0.993,0
NA12802	1|1	0,0,1
NA12812	0|1	0.00299702,0.996006,0.000997
NA12813	1|1	0,0,1
NA12814	1|1	0,0.056,0.944
NA12815	1|0	0,1,0
NA12864	1|1	0,0.00700003,0.993
NA12865	0|1	0,1,0
NA12872	1|1	0,0.00199997,0.998
NA12873	1|1	0,0.00400001,0.996
NA12874	1|0	0.00300002,0.997,0
NA12875	1|0	0,1,0
NA12878	1|1	0,0,1
NA12891	1|0	0,0.991,0.009
NA12892	1|1	0,0,1
NA20502	1|0	0.012,0.988,0
NA20504	1|1	0,0.000999987,0.999
NA20505	1|1	0,0.00999999,0.99
NA20506	0|1	0.009,0.991,0
NA20508	1|1	8.99989e-06,0.00998199,0.990009
NA20509	1|1	0,0.00300002,0.997
NA20510	0|1	0,1,0
NA20512	1|0	0.066,0.934,0
NA20515	1|0	0,0.999,0.001
NA20516	1|0	0.00300002,0.997,0
NA20517	1|0	0.004995,0.99401,0.000995
NA20518	1|1	5.60003e-05,0.014888,0.985056
NA20519	1|1	3.60003e-05,0.014928,0.985036
NA20520	1|1	0.000280001,0.04244,0.95728
NA20521	0|1	0.00700003,0.993,0
NA20522	0|0	1,0,0
NA20524	1|0	0,0.999,0.001
NA20525	1|1	0,0.000999987,0.999
NA20527	0|0	1,0,0
NA20528	1|1	9.99986e-06,0.00697997,0.99301
NA20529	1|1	8.99997e-05,0.02082,0.97909
NA20530	1|1	0,0.00599998,0.994
NA20531	1|1	0,0.000999987,0.999
NA20534	1|1	4.99993e-06,0.00598998,0.994005
NA20535	1|0	0.009,0.991,0
NA20538	1|0	0.000997987,0.997004,0.001998
NA20539	1|1	0,0,1
NA20540	1|1	4.5e-05,0.01391,0.986045
NA20541	0|1	0.032,0.968,0
NA20542	1|1	5.99996e-06,0.004988,0.995006
NA20543	0|1	0.000999987,0.999,0
NA20544	1|0	0.000999987,0.999,0
NA20581	1|1	0,0,1
NA20582	1|1	3.09996e-05,0.031938,0.968031
NA20585	0|1	0.00199997,0.998,0
NA20586	0|0	1,0,0
NA20588	1|0	0,0.998,0.002
NA20589	0|1	0.00199797,0.997004,0.000998
NA20752	1|0	0,0.999,0.001
NA20753	1|1	0,0,1
NA20754	1|0	0.03,0.97,0
NA20755	0|1	0.03,0.97,0
NA20756	0|0	0.999,0.001,0
NA20757	1|0	0.023976,0.975048,0.000976
NA20758	0|1	0.00299102,0.994018,0.002991
NA20759	0|1	0.00199797,0.997004,0.000998
NA20760	1|1	0,0.014,0.986
NA20761	0|1	0.026272,0.800456,0.173272
NA20765	1|1	0.00161,0.32378,0.67461
NA20766	1|0	0.014,0.986,0
NA20768	0|1	0,0.998,0.002
NA20769	1|1	0,0.00300002,0.997
NA20770	1|0	0.000999987,0.999,0
NA20771	0|1	0.00699303,0.992014,0.000993
NA20772	0|0	0.998,0.002,0
NA20773	0|0	1,0,0
NA20774	1|1	0,0,1
NA20778	1|0	0.00199997,0.998,0
NA20783	0|1	0.00199997,0.998,0
NA20785	0|1	0.013,0.987,0
NA20786	1|0	0,0.997,0.003
NA20787	1|0	0.00199997,0.998,0
NA20790	1|0	0,1,0
NA20792	1|0	0.013,0.987,0
NA20795	1|1	0,0,1
NA20796	1|1	0,0.031,0.969
NA20797	0|1	0,0.999,0.001
NA20798	0|0	1,0,0
NA20799	1|1	0,0.00400001,0.996
NA20800	0|1	0.00300002,0.997,0
NA20801	0|1	0.000999987,0.999,0
NA20802	1|1	0,0.00400001,0.996
NA20803	0|0	0.999,0.001,0
NA20804	1|1	0,0.00199997,0.998
NA20805	0|1	0.000999987,0.999,0
NA20806	1|1	0,0.04,0.96
NA20807	1|1	0.000108,0.023784,0.976108
NA20808	0|0	1,0,0
NA20809	0|1	0.00199197,0.994016,0.003992
NA20810	1|1	0,0.000999987,0.999
NA20811	0|1	0.00995999,0.98608,0.00396
NA20812	0|1	0.005,0.995,0
NA20813	0|1	0.000999987,0.999,0
NA20815	1|1	0,0,1
NA20818	0|1	0.351914,0.637172,0.010914
NA20819	1|1	0,0.005,0.995
NA20826	0|1	0.000992987,0.992014,0.006993
NA20828	1|1	0,0.00199997,0.998
