NA18498	1|0	1	0,1,0
NA18500	0|0	0	1,0,0
NA18501	0|0	0	1,0,0
NA18502	0|0	0	1,0,0
NA18503	0|0	0	1,0,0
NA18504	0|0	0	1,0,0
NA18505	0|0	0.01	0.99,0.01,0
NA18506	1|1	2	0,0,1
NA18507	1|0	1	0,1,0
NA18508	1|0	1	0,1,0
NA18515	0|1	1	0,1,0
NA18516	1|0	1	0,1,0
NA18517	0|0	0.12	0.88,0.12,0
NA18519	1|0	1	0,1,0
NA18521	1|0	1	0,1,0
NA18522	1|0	1	0,1,0
NA18523	0|1	1	0,1,0
NA18852	0|0	0	1,0,0
NA18853	0|1	1	0,1,0
NA18854	0|0	0	1,0,0
NA18855	1|1	2	0,0,1
NA18856	1|1	1.59	0,0.41,0.59
NA18857	1|1	2	0,0,1
NA18858	1|0	1	0,1,0
NA18859	1|0	1	0,1,0
NA18860	0|1	1	0,1,0
NA18861	0|0	0	1,0,0
NA18862	1|0	1	0,1,0
NA18863	0|0	0	1,0,0
NA18867	1|0	1	0,1,0
NA18870	1|0	1	0,1,0
NA18871	1|0	1	0,1,0
NA18872	0|1	1	0,1,0
NA18910	0|0	0.02	0.98,0.02,0
NA18912	0|1	1	0,1,0
NA18913	1|0	1.09	0,0.91,0.09
NA18914	0|1	1.04	0,0.96,0.04
NA19027	1|0	1.09	0,0.91,0.09
NA19028	0|1	1	0,1,0
NA19031	0|1	1	0,1,0
NA19035	1|0	1.01	0,0.99,0.01
NA19036	0|1	0.99	0.01,0.99,0
NA19038	0|1	0.85	0.2,0.76,0.04
NA19041	0|0	0.02	0.98,0.02,0
NA19092	1|1	2	0,0,1
NA19093	0|0	0.22	0.78,0.22,0
NA19094	0|1	1	0,1,0
NA19098	0|1	1	0,1,0
NA19099	0|1	1.47	0,0.53,0.47
NA19100	0|1	1	0,1,0
NA19101	1|0	1.49	0,0.51,0.49
NA19102	1|0	1	0,1,0
NA19108	0|1	1	0,1,0
NA19116	0|1	1	0,1,0
NA19118	1|1	1.93	0,0.07,0.93
NA19119	0|0	0.01	0.99,0.01,0
NA19120	0|0	0	1,0,0
NA19127	1|0	1.05	0.2,0.55,0.25
NA19128	0|1	1.14	0,0.86,0.14
NA19129	1|0	1.36	0,0.64,0.36
NA19130	1|0	0.66	0.34,0.66,0
NA19131	0|1	1	0,1,0
NA19132	0|0	0	1,0,0
NA19137	0|1	1.36	0,0.64,0.36
NA19138	0|0	0	1,0,0
NA19139	0|1	1	0,1,0
NA19140	1|0	1	0,1,0
NA19141	1|1	2	0,0,1
NA19142	1|1	2	0,0,1
NA19143	1|0	1.03	0,0.97,0.03
NA19144	0|1	1	0,1,0
NA19145	1|0	1	0,1,0
NA19146	1|1	2	0,0,1
NA19150	1|0	1.49	0,0.51,0.49
NA19152	0|0	0.01	0.99,0.01,0
NA19153	1|0	1	0,1,0
NA19154	1|0	1	0,1,0
NA19159	1|0	1	0,1,0
NA19160	0|0	0	1,0,0
NA19161	0|0	0	1,0,0
NA19171	0|0	0	1,0,0
NA19172	0|1	1.09	0,0.91,0.09
NA19173	1|0	1	0,1,0
NA19189	0|0	0	1,0,0
NA19200	0|0	0	1,0,0
NA19201	0|0	0.23	0.77,0.23,0
NA19202	0|0	0	1,0,0
NA19203	0|1	1	0,1,0
NA19204	1|1	2	0,0,1
NA19205	1|1	2	0,0,1
NA19206	1|0	1.14	0,0.86,0.14
NA19207	1|1	1.65	0,0.35,0.65
NA19208	1|1	1.73	0,0.27,0.73
NA19209	1|1	2	0,0,1
NA19210	0|1	0.54	0.46,0.54,0
NA19211	0|1	1	0,1,0
NA19213	0|0	0	1,0,0
NA19221	0|1	1	0,1,0
NA19222	1|1	1.99	0,0.01,0.99
NA19223	0|0	0	1,0,0
NA19238	0|1	1	0,1,0
NA19239	0|0	0	1,0,0
NA19240	0|0	0	1,0,0
NA19307	1|0	1	0,1,0
NA19308	1|1	2	0,0,1
NA19309	1|1	2	0,0,1
NA19310	0|1	1	0,1,0
NA19314	0|1	1	0,1,0
NA19315	0|0	0	1,0,0
NA19316	1|0	0.87	0.13,0.87,0
NA19317	1|1	2	0,0,1
NA19319	1|1	1.99	0,0.01,0.99
NA19321	0|1	1	0,1,0
NA19327	0|0	0	1,0,0
NA19328	0|1	1.25	0,0.75,0.25
NA19332	1|0	1	0,1,0
NA19334	1|1	2	0,0,1
NA19346	0|1	1	0,1,0
NA19347	1|1	2	0,0,1
NA19350	1|0	0.59	0.41,0.59,0
NA19360	0|0	0	1,0,0
NA19372	0|0	0.55	0.5,0.46,0.04
NA19374	1|1	1.96	0,0.04,0.96
NA19375	0|0	0	1,0,0
NA19376	0|1	1	0,1,0
NA19377	0|0	0.13	0.87,0.13,0
NA19379	1|1	2	0,0,1
NA19380	1|0	1	0,1,0
NA19384	1|0	1	0,1,0
NA19385	1|1	2	0,0,1
NA19391	1|0	0.97	0.03,0.97,0
NA19393	1|0	0.62	0.38,0.62,0
NA19394	0|0	0.46	0.54,0.46,0
NA19397	0|0	0	1,0,0
NA19399	1|0	1.23	0,0.77,0.23
NA19403	0|0	0	1,0,0
NA19404	1|0	1.07	0,0.93,0.07
NA19428	0|1	1	0,1,0
NA19429	0|0	0	1,0,0
NA19430	1|0	1	0,1,0
NA19431	1|1	2	0,0,1
NA19434	1|0	1	0,1,0
NA19435	0|0	0	1,0,0
NA19436	1|0	1	0,1,0
NA19437	1|1	2	0,0,1
NA19438	0|1	0.68	0.32,0.68,0
NA19439	1|1	2	0,0,1
NA19440	1|0	1	0,1,0
NA19443	1|0	1	0,1,0
NA19445	0|0	0	1,0,0
NA19446	0|1	1	0,1,0
NA19448	0|1	1	0,1,0
NA19449	1|1	2	0,0,1
NA19451	1|1	2	0,0,1
NA19452	1|1	2	0,0,1
NA19455	0|1	1	0,1,0
NA19456	1|1	1.92	0,0.08,0.92
NA19457	1|0	1	0,1,0
NA19462	1|0	1.06	0,0.94,0.06
NA19463	0|0	0	1,0,0
NA19466	1|1	2	0,0,1
NA19467	0|1	1.07	0,0.93,0.07
NA19468	1|0	1	0,1,0
NA19471	1|1	1.97	0,0.03,0.97
NA19472	0|1	1	0,1,0
NA19473	1|1	1.98	0,0.02,0.98
NA19474	0|0	0	1,0,0
NA06985	0|1	1	0,1,0
NA06991	0|0	0	1,0,0
NA06993	1|0	0.96	0.04,0.96,0
NA06994	0|0	0	1,0,0
NA07000	1|0	1	0,1,0
NA07019	1|1	2	0,0,1
NA07022	1|1	1.79	0,0.21,0.79
NA07029	0|0	0	1,0,0
NA07034	0|0	0	1,0,0
NA07048	0|1	1	0,1,0
NA07055	0|1	1.02	0,0.98,0.02
NA07056	1|1	2	0,0,1
NA07345	1|1	1.6	0,0.4,0.6
NA07348	1|1	2	0,0,1
NA07357	1|0	1	0,1,0
NA10830	1|0	1	0,1,0
NA10831	0|1	1	0,1,0
NA10835	0|0	0	1,0,0
NA10838	1|0	1	0,1,0
NA10839	0|1	1	0,1,0
NA10846	0|1	1	0,1,0
NA10847	1|0	1	0,1,0
NA10851	0|0	0	1,0,0
NA10854	0|0	0	1,0,0
NA10855	0|0	0	1,0,0
NA10857	0|1	1	0,1,0
NA10859	0|1	1	0,1,0
NA10860	1|0	1	0,1,0
NA10861	1|1	2	0,0,1
NA10863	1|1	2	0,0,1
NA11829	0|1	1	0,1,0
NA11830	0|1	1	0,1,0
NA11831	0|1	1	0,1,0
NA11832	0|0	0.08	0.92,0.08,0
NA11839	0|0	0	1,0,0
NA11840	0|0	0	1,0,0
NA11881	1|0	1	0,1,0
NA11882	1|0	0.99	0.01,0.99,0
NA11992	1|0	0.99	0.01,0.99,0
NA11993	0|1	1	0,1,0
NA11994	1|1	2	0,0,1
NA11995	0|1	1	0,1,0
NA12003	1|1	2	0,0,1
NA12004	0|0	0	1,0,0
NA12005	0|0	0	1,0,0
NA12006	0|1	1	0,1,0
NA12043	0|0	0	1,0,0
NA12044	1|1	2	0,0,1
NA12056	0|0	0	1,0,0
NA12057	0|0	0	1,0,0
NA12144	0|1	1	0,1,0
NA12145	1|1	2	0,0,1
NA12146	1|1	2	0,0,1
NA12154	0|0	0	1,0,0
NA12155	0|1	1	0,1,0
NA12156	1|0	1	0,1,0
NA12234	1|1	1.93	0,0.07,0.93
NA12236	1|1	1.75	0,0.25,0.75
NA12239	0|1	1	0,1,0
NA12248	1|0	0.87	0.13,0.87,0
NA12249	0|1	1	0,1,0
NA12264	1|1	1.97	0,0.03,0.97
NA12707	1|0	1	0,1,0
NA12716	0|1	1	0,1,0
NA12717	1|1	2	0,0,1
NA12740	1|1	1.88	0,0.12,0.88
NA12750	1|1	1.97	0,0.03,0.97
NA12751	1|1	1.91	0,0.09,0.91
NA12752	1|1	2	0,0,1
NA12753	0|1	1	0,1,0
NA12760	1|1	2	0,0,1
NA12761	1|1	1.98	0,0.02,0.98
NA12762	1|0	1	0,1,0
NA12763	1|1	2	0,0,1
NA12801	1|0	1	0,1,0
NA12802	1|1	2	0,0,1
NA12812	0|1	1	0,1,0
NA12813	0|1	1.31	0,0.69,0.31
NA12814	1|1	1.79	0,0.21,0.79
NA12815	0|1	1	0,1,0
NA12864	1|1	2	0,0,1
NA12865	1|1	2	0,0,1
NA12872	1|0	1.11	0,0.89,0.11
NA12873	0|1	1	0,1,0
NA12874	1|0	1	0,1,0
NA12875	1|1	2	0,0,1
NA12878	0|1	1	0,1,0
NA12891	0|1	1	0,1,0
NA12892	1|1	2	0,0,1
NA20502	0|1	0.64	0.42,0.52,0.06
NA20504	1|1	2	0,0,1
NA20505	0|0	0	1,0,0
NA20506	1|0	1	0,1,0
NA20508	0|1	1	0,1,0
NA20509	0|0	0.55	0.51,0.43,0.06
NA20510	0|0	0	1,0,0
NA20512	0|1	0.67	0.43,0.48,0.09
NA20515	0|0	0.35	0.65,0.35,0
NA20516	0|1	1.11	0,0.89,0.11
NA20517	1|1	2	0,0,1
NA20518	0|1	1.11	0,0.89,0.11
NA20519	0|0	0	1,0,0
NA20520	1|1	1.99	0,0.01,0.99
NA20521	1|1	1.99	0,0.01,0.99
NA20522	0|0	0.03	0.97,0.03,0
NA20524	0|1	1	0,1,0
NA20525	0|1	1.14	0,0.86,0.14
NA20527	0|0	0	1,0,0
NA20528	1|1	2	0,0,1
NA20529	1|0	1.02	0,0.98,0.02
NA20530	1|0	1	0,1,0
NA20531	0|1	1	0,1,0
NA20534	1|0	0.95	0.05,0.95,0
NA20535	0|0	0.02	0.98,0.02,0
NA20538	1|1	1.85	0,0.15,0.85
NA20539	1|1	2	0,0,1
NA20540	0|0	0	1,0,0
NA20541	0|1	1.04	0,0.96,0.04
NA20542	1|1	1.97	0,0.03,0.97
NA20543	0|1	0.94	0.06,0.94,0
NA20544	0|0	0	1,0,0
NA20581	0|1	1	0,1,0
NA20582	1|0	1.04	0.03,0.9,0.07
NA20585	1|1	2	0,0,1
NA20586	0|0	0	1,0,0
NA20588	0|0	0.27	0.73,0.26,0.01
NA20589	1|0	1.1	0,0.9,0.1
NA20752	0|1	1	0,1,0
NA20753	0|0	0	1,0,0
NA20754	1|1	2	0,0,1
NA20755	0|0	0	1,0,0
NA20756	1|0	0.96	0.04,0.96,0
NA20758	1|1	2	0,0,1
NA20759	1|1	2	0,0,1
NA20760	0|1	1.24	0,0.76,0.24
NA20761	1|0	1.01	0.07,0.84,0.09
NA20765	0|1	1	0,1,0
NA20766	1|1	2	0,0,1
NA20768	0|1	1.04	0,0.96,0.04
NA20769	1|0	1	0,1,0
NA20770	0|1	1	0,1,0
NA20771	0|1	1.2	0.01,0.78,0.21
NA20772	0|0	0	1,0,0
NA20773	1|1	1.96	0,0.04,0.96
NA20774	0|1	0.55	0.45,0.55,0
NA20778	1|0	0.76	0.24,0.76,0
NA20783	0|1	1	0,1,0
NA20785	1|0	1	0,1,0
NA20786	1|1	1.99	0,0.01,0.99
NA20787	0|1	1	0,1,0
NA20790	0|0	0	1,0,0
NA20792	1|1	1.51	0.06,0.38,0.56
NA20796	1|1	1.94	0,0.06,0.94
NA20797	0|0	0	1,0,0
NA20798	0|1	1	0,1,0
NA20799	0|0	0	1,0,0
NA20800	0|0	0	1,0,0
NA20801	1|0	1	0,1,0
NA20802	0|0	0.01	0.99,0.01,0
NA20803	0|0	0	1,0,0
NA20804	1|0	1	0,1,0
NA20805	0|1	0.84	0.16,0.84,0
NA20806	1|1	1.66	0,0.34,0.66
NA20807	1|0	1.4	0,0.6,0.4
NA20808	0|1	0.83	0.17,0.83,0
NA20809	0|0	0	1,0,0
NA20810	0|1	1	0,1,0
NA20811	0|1	0.93	0.07,0.93,0
NA20812	1|1	1.99	0,0.01,0.99
NA20813	0|0	0.11	0.89,0.11,0
NA20815	0|1	0.95	0.05,0.95,0
NA20818	1|0	1.44	0,0.56,0.44
NA20819	0|1	1	0,1,0
NA20826	0|0	0	1,0,0
NA20828	0|1	1	0,1,0
NA18526	1|0	1	0,1,0
NA18532	1|0	1	0,1,0
NA18537	0|1	1	0,1,0
NA18542	0|1	1	0,1,0
NA18545	0|1	1	0,1,0
NA18547	0|1	1.13	0,0.87,0.13
NA18550	1|0	1	0,1,0
NA18552	1|0	1.36	0,0.64,0.36
NA18555	0|0	0	1,0,0
NA18558	1|1	1.82	0,0.18,0.82
NA18561	0|1	1	0,1,0
NA18562	0|0	0	1,0,0
NA18563	0|0	0	1,0,0
NA18564	1|0	1	0,1,0
NA18566	1|0	1	0,1,0
NA18570	0|1	1.2	0,0.8,0.2
NA18571	1|0	1	0,1,0
NA18572	0|0	0	1,0,0
NA18573	0|1	1	0,1,0
NA18577	1|0	1	0,1,0
NA18579	1|1	2	0,0,1
NA18582	0|0	0	1,0,0
NA18592	0|1	0.97	0.03,0.97,0
NA18593	1|1	2	0,0,1
NA18603	0|1	0.98	0.02,0.98,0
NA18605	0|1	1.05	0,0.95,0.05
NA18608	0|0	0.04	0.96,0.04,0
NA18609	1|1	2	0,0,1
NA18611	1|0	1	0,1,0
NA18612	0|1	1	0,1,0
NA18620	1|0	1	0,1,0
NA18621	0|0	0	1,0,0
NA18622	1|0	0.53	0.47,0.53,0
NA18623	0|0	0	1,0,0
NA18624	1|1	2	0,0,1
NA18632	1|0	1	0,1,0
NA18633	0|0	0.33	0.67,0.33,0
NA18635	0|0	0	1,0,0
NA18636	0|1	1	0,1,0
NA18637	0|0	0	1,0,0
NA18940	0|1	1	0,1,0
NA18942	1|0	1	0,1,0
NA18943	0|0	0.06	0.94,0.06,0
NA18944	0|0	0.07	0.93,0.07,0
NA18945	0|0	0	1,0,0
NA18947	0|0	0.06	0.94,0.06,0
NA18948	0|0	0	1,0,0
NA18949	1|0	1.01	0,0.99,0.01
NA18951	0|1	1	0,1,0
NA18952	0|0	0.45	0.55,0.45,0
NA18953	1|0	1	0,1,0
NA18956	1|1	1.76	0,0.24,0.76
NA18959	1|0	1	0,1,0
NA18960	0|0	0	1,0,0
NA18961	1|1	2	0,0,1
NA18964	1|0	0.97	0.03,0.97,0
NA18965	0|1	1	0,1,0
NA18966	0|0	0.08	0.92,0.08,0
NA18967	0|0	0.06	0.94,0.06,0
NA18968	0|0	0	1,0,0
NA18969	1|0	0.97	0.03,0.97,0
NA18970	0|1	0.8	0.2,0.8,0
NA18971	0|0	0.04	0.96,0.04,0
NA18972	1|1	1.54	0,0.46,0.54
NA18973	0|1	1	0,1,0
NA18974	1|0	1.03	0,0.97,0.03
NA18975	0|1	1	0,1,0
NA18976	0|1	1	0,1,0
NA18978	0|0	0.09	0.91,0.09,0
NA18980	1|1	1.98	0,0.02,0.98
NA18981	0|0	0.26	0.74,0.26,0
NA18987	0|0	0	1,0,0
NA18990	0|0	0	1,0,0
NA18991	1|0	1.1	0,0.9,0.1
NA18992	0|0	0	1,0,0
NA18994	1|0	0.64	0.36,0.64,0
NA18995	0|1	1	0,1,0
NA18997	1|0	1.3	0,0.7,0.3
NA18998	0|1	0.87	0.13,0.87,0
NA18999	1|1	2	0,0,1
NA19000	0|1	1	0,1,0
NA19003	0|1	0.95	0.05,0.95,0
NA19005	1|0	1	0,1,0
NA19007	1|0	1	0,1,0
NA19012	0|0	0	1,0,0
