NA18498	1|0	1	0,1,0
NA18500	0|0	0.19	0.81,0.19,0
NA18501	1|0	1	0,1,0
NA18502	0|0	0	1,0,0
NA18503	0|0	0	1,0,0
NA18504	0|0	0	1,0,0
NA18505	0|0	0	1,0,0
NA18506	0|0	0	1,0,0
NA18507	0|0	0	1,0,0
NA18508	0|0	0	1,0,0
NA18515	0|1	1	0,1,0
NA18516	0|0	0	1,0,0
NA18517	0|1	1	0,1,0
NA18519	0|0	0	1,0,0
NA18521	0|0	0	1,0,0
NA18522	0|0	0.07	0.93,0.07,0
NA18523	0|0	0	1,0,0
NA18852	1|0	1	0,1,0
NA18853	0|0	0	1,0,0
NA18854	0|0	0	1,0,0
NA18855	0|0	0	1,0,0
NA18856	0|0	0	1,0,0
NA18857	0|0	0	1,0,0
NA18858	1|1	2	0,0,1
NA18859	1|0	1	0,1,0
NA18860	1|1	2	0,0,1
NA18861	0|0	0	1,0,0
NA18862	0|0	0	1,0,0
NA18863	0|0	0	1,0,0
NA18867	0|0	0	1,0,0
NA18870	1|1	2	0,0,1
NA18871	0|0	0	1,0,0
NA18872	0|0	0	1,0,0
NA18910	0|1	1	0,1,0
NA18912	1|0	1	0,1,0
NA18913	0|0	0	1,0,0
NA18914	0|0	0	1,0,0
NA19027	1|1	2	0,0,1
NA19028	0|0	0	1,0,0
NA19031	0|0	0	1,0,0
NA19035	0|0	0	1,0,0
NA19036	0|0	0.01	0.99,0.01,0
NA19038	0|0	0	1,0,0
NA19041	0|0	0	1,0,0
NA19092	1|0	1	0,1,0
NA19093	0|0	0	1,0,0
NA19094	0|1	1	0,1,0
NA19098	0|0	0	1,0,0
NA19099	0|0	0	1,0,0
NA19100	0|0	0	1,0,0
NA19101	0|1	1	0,1,0
NA19102	0|0	0	1,0,0
NA19103	0|1	1	0,1,0
NA19108	0|0	0	1,0,0
NA19116	1|0	1.27	0,0.73,0.27
NA19118	1|0	1	0,1,0
NA19119	0|0	0	1,0,0
NA19120	0|1	1	0,1,0
NA19127	0|1	1	0,1,0
NA19128	0|0	0	1,0,0
NA19129	0|0	0	1,0,0
NA19130	0|0	0	1,0,0
NA19131	0|0	0	1,0,0
NA19132	0|0	0	1,0,0
NA19137	0|0	0	1,0,0
NA19138	1|1	2	0,0,1
NA19139	0|1	1	0,1,0
NA19140	0|0	0	1,0,0
NA19141	0|0	0	1,0,0
NA19142	0|0	0	1,0,0
NA19143	0|0	0	1,0,0
NA19144	0|0	0	1,0,0
NA19145	0|0	0	1,0,0
NA19146	0|0	0	1,0,0
NA19150	0|0	0	1,0,0
NA19152	0|0	0	1,0,0
NA19153	0|0	0	1,0,0
NA19154	0|0	0	1,0,0
NA19159	0|1	1	0,1,0
NA19160	0|0	0	1,0,0
NA19161	1|0	1	0,1,0
NA19171	0|1	1	0,1,0
NA19172	0|0	0	1,0,0
NA19173	0|1	1	0,1,0
NA19189	0|0	0	1,0,0
NA19200	0|0	0	1,0,0
NA19201	0|0	0	1,0,0
NA19202	0|0	0	1,0,0
NA19203	0|0	0	1,0,0
NA19204	0|0	0.09	0.91,0.09,0
NA19205	0|0	0	1,0,0
NA19206	0|0	0	1,0,0
NA19207	0|0	0	1,0,0
NA19208	0|0	0	1,0,0
NA19209	0|1	1	0,1,0
NA19210	0|0	0	1,0,0
NA19211	0|1	1	0,1,0
NA19213	0|0	0	1,0,0
NA19221	0|0	0	1,0,0
NA19222	0|0	0	1,0,0
NA19223	0|0	0	1,0,0
NA19238	0|0	0	1,0,0
NA19239	0|1	1	0,1,0
NA19240	1|0	1	0,1,0
NA19307	1|0	1	0,1,0
NA19308	0|0	0	1,0,0
NA19309	0|0	0	1,0,0
NA19310	0|0	0	1,0,0
NA19314	0|0	0	1,0,0
NA19315	0|0	0	1,0,0
NA19316	0|0	0	1,0,0
NA19317	0|1	1	0,1,0
NA19318	1|0	1	0,1,0
NA19319	0|0	0	1,0,0
NA19321	0|0	0	1,0,0
NA19324	0|0	0	1,0,0
NA19327	0|0	0	1,0,0
NA19328	0|0	0	1,0,0
NA19332	1|0	1	0,1,0
NA19334	0|1	1.01	0,0.99,0.01
NA19346	0|0	0	1,0,0
NA19347	0|0	0	1,0,0
NA19350	1|0	1	0,1,0
NA19360	0|0	0	1,0,0
NA19372	1|0	1	0,1,0
NA19374	0|0	0	1,0,0
NA19375	1|0	1	0,1,0
NA19376	1|0	1	0,1,0
NA19377	0|0	0	1,0,0
NA19379	0|0	0	1,0,0
NA19380	0|0	0	1,0,0
NA19384	0|0	0	1,0,0
NA19385	0|0	0	1,0,0
NA19390	0|0	0	1,0,0
NA19391	0|1	1	0,1,0
NA19393	0|0	0	1,0,0
NA19394	0|0	0	1,0,0
NA19397	1|0	0.96	0.04,0.96,0
NA19399	0|1	1	0,1,0
NA19403	0|1	1	0,1,0
NA19404	0|0	0	1,0,0
NA19428	0|1	1	0,1,0
NA19429	0|0	0	1,0,0
NA19430	0|0	0	1,0,0
NA19431	0|0	0	1,0,0
NA19434	0|0	0	1,0,0
NA19435	0|0	0	1,0,0
NA19436	1|0	1	0,1,0
NA19437	1|0	1	0,1,0
NA19438	1|1	2	0,0,1
NA19439	0|1	1	0,1,0
NA19440	0|0	0	1,0,0
NA19443	0|0	0.5	0.5,0.5,0
NA19445	0|0	0	1,0,0
NA19446	0|1	1	0,1,0
NA19448	0|0	0	1,0,0
NA19449	0|0	0	1,0,0
NA19451	0|0	0	1,0,0
NA19452	0|0	0	1,0,0
NA19455	0|0	0	1,0,0
NA19456	0|0	0	1,0,0
NA19457	0|0	0	1,0,0
NA19462	1|0	1	0,1,0
NA19463	1|1	2	0,0,1
NA19466	0|0	0	1,0,0
NA19467	1|0	1	0,1,0
NA19468	0|0	0	1,0,0
NA19471	0|0	0	1,0,0
NA19472	1|0	1	0,1,0
NA19473	0|0	0	1,0,0
NA19474	0|0	0	1,0,0
NA06985	0|0	0.01	0.99,0.01,0
NA06991	0|0	0	1,0,0
NA06993	0|1	1	0,1,0
NA06994	0|0	0	1,0,0
NA07000	1|0	1	0,1,0
NA07019	0|0	0	1,0,0
NA07022	0|1	1	0,1,0
NA07029	0|1	1	0,1,0
NA07034	0|0	0	1,0,0
NA07048	1|0	1	0,1,0
NA07055	0|1	1	0,1,0
NA07056	1|0	1	0,1,0
NA07345	1|1	2	0,0,1
NA07348	0|1	1	0,1,0
NA07357	0|1	1	0,1,0
NA10830	1|1	2	0,0,1
NA10831	0|0	0	1,0,0
NA10835	1|1	2	0,0,1
NA10838	0|0	0	1,0,0
NA10839	1|0	1	0,1,0
NA10846	1|1	2	0,0,1
NA10847	1|1	2	0,0,1
NA10851	1|1	2	0,0,1
NA10854	1|1	2	0,0,1
NA10855	1|0	1	0,1,0
NA10856	0|1	1	0,1,0
NA10857	1|0	1	0,1,0
NA10859	0|1	1	0,1,0
NA10860	1|1	2	0,0,1
NA10861	0|1	1	0,1,0
NA10863	1|1	2	0,0,1
NA11829	1|1	2	0,0,1
NA11830	0|0	0	1,0,0
NA11831	1|1	2	0,0,1
NA11832	1|0	1	0,1,0
NA11839	1|1	2	0,0,1
NA11840	0|1	1	0,1,0
NA11881	1|1	2	0,0,1
NA11882	0|1	1	0,1,0
NA11992	1|1	2	0,0,1
NA11993	1|1	2	0,0,1
NA11994	1|0	1	0,1,0
NA11995	1|1	2	0,0,1
NA12003	0|1	1	0,1,0
NA12004	0|0	0	1,0,0
NA12005	1|1	2	0,0,1
NA12006	0|0	0	1,0,0
NA12043	1|0	1	0,1,0
NA12044	0|0	0	1,0,0
NA12056	1|0	1	0,1,0
NA12057	1|0	1	0,1,0
NA12144	1|1	2	0,0,1
NA12145	0|1	1	0,1,0
NA12146	1|0	1	0,1,0
NA12154	1|1	2	0,0,1
NA12155	0|1	0.97	0.03,0.97,0
NA12156	1|0	1	0,1,0
NA12234	1|1	2	0,0,1
NA12236	1|1	2	0,0,1
NA12239	1|1	2	0,0,1
NA12248	1|1	1.98	0,0.02,0.98
NA12249	1|1	2	0,0,1
NA12264	0|1	1	0,1,0
NA12707	0|0	0	1,0,0
NA12716	1|0	1	0,1,0
NA12717	1|0	1	0,1,0
NA12740	0|0	0	1,0,0
NA12750	0|0	0	1,0,0
NA12751	0|1	1	0,1,0
NA12752	1|0	1	0,1,0
NA12753	1|1	2	0,0,1
NA12760	1|0	1	0,1,0
NA12761	1|1	2	0,0,1
NA12762	1|1	2	0,0,1
NA12763	0|1	1	0,1,0
NA12801	1|0	1.01	0,0.99,0.01
NA12802	1|1	2	0,0,1
NA12812	0|1	1	0,1,0
NA12813	1|1	2	0,0,1
NA12814	1|1	1.99	0,0.01,0.99
NA12815	1|0	1	0,1,0
NA12864	1|1	2	0,0,1
NA12865	0|1	1	0,1,0
NA12872	1|1	2	0,0,1
NA12873	1|1	2	0,0,1
NA12874	1|0	1	0,1,0
NA12875	1|0	1	0,1,0
NA12878	1|1	2	0,0,1
NA12891	1|0	1	0,1,0
NA12892	1|1	2	0,0,1
NA20502	1|0	1	0,1,0
NA20504	1|1	2	0,0,1
NA20505	1|1	2	0,0,1
NA20506	0|1	1	0,1,0
NA20508	1|1	2	0,0,1
NA20509	1|1	2	0,0,1
NA20510	0|1	1	0,1,0
NA20512	1|0	0.95	0.05,0.95,0
NA20515	1|0	1	0,1,0
NA20516	1|0	1	0,1,0
NA20517	1|0	1	0,1,0
NA20518	1|1	2	0,0,1
NA20519	1|1	2	0,0,1
NA20520	1|1	2	0,0,1
NA20521	0|1	1	0,1,0
NA20522	0|0	0	1,0,0
NA20524	1|0	1	0,1,0
NA20525	1|1	2	0,0,1
NA20527	0|0	0	1,0,0
NA20528	1|1	2	0,0,1
NA20529	1|1	2	0,0,1
NA20530	1|1	2	0,0,1
NA20531	1|1	2	0,0,1
NA20534	1|1	1.98	0,0.02,0.98
NA20535	1|0	1	0,1,0
NA20538	1|0	1	0,1,0
NA20539	1|1	2	0,0,1
NA20540	1|1	2	0,0,1
NA20541	0|1	1	0,1,0
NA20542	1|1	2	0,0,1
NA20543	0|1	1	0,1,0
NA20544	1|0	1	0,1,0
NA20581	1|1	2	0,0,1
NA20582	1|1	2	0,0,1
NA20585	0|1	1	0,1,0
NA20586	0|0	0	1,0,0
NA20588	1|0	1	0,1,0
NA20589	0|1	1	0,1,0
NA20752	1|0	1	0,1,0
NA20753	1|1	2	0,0,1
NA20754	1|0	1	0,1,0
NA20755	0|1	0.97	0.03,0.97,0
NA20756	0|0	0	1,0,0
NA20757	1|0	1	0,1,0
NA20758	0|1	1.15	0,0.85,0.15
NA20759	0|1	1	0,1,0
NA20760	1|1	2	0,0,1
NA20761	0|1	1.24	0,0.76,0.24
NA20765	1|1	1.58	0.01,0.4,0.59
NA20766	1|0	1	0,1,0
NA20768	0|1	1	0,1,0
NA20769	1|1	2	0,0,1
NA20770	1|0	1	0,1,0
NA20771	0|1	1	0,1,0
NA20772	0|0	0	1,0,0
NA20773	0|0	0	1,0,0
NA20774	1|1	2	0,0,1
NA20778	1|0	1	0,1,0
NA20783	0|1	1	0,1,0
NA20785	0|1	1	0,1,0
NA20786	1|0	1	0,1,0
NA20787	1|0	1	0,1,0
NA20790	1|0	1	0,1,0
NA20792	1|0	1	0,1,0
NA20795	1|1	2	0,0,1
NA20796	1|1	2	0,0,1
NA20797	0|1	1	0,1,0
NA20798	0|0	0	1,0,0
NA20799	1|1	2	0,0,1
NA20800	0|1	1	0,1,0
NA20801	0|1	1	0,1,0
NA20802	1|1	2	0,0,1
NA20803	0|0	0	1,0,0
NA20804	1|1	2	0,0,1
NA20805	0|1	1	0,1,0
NA20806	1|1	2	0,0,1
NA20807	1|1	1.98	0,0.02,0.98
NA20808	0|0	0	1,0,0
NA20809	0|1	1	0,1,0
NA20810	1|1	2	0,0,1
NA20811	0|1	1	0,1,0
NA20812	0|1	1	0,1,0
NA20813	0|1	1	0,1,0
NA20815	1|1	2	0,0,1
NA20818	0|1	0.99	0.01,0.99,0
NA20819	1|1	2	0,0,1
NA20826	0|1	0.88	0.12,0.88,0
NA20828	1|1	1.93	0,0.07,0.93
NA18526	1|1	2	0,0,1
NA18532	1|1	2	0,0,1
NA18537	1|1	2	0,0,1
NA18542	1|1	2	0,0,1
NA18545	1|0	1	0,1,0
NA18547	1|1	2	0,0,1
NA18550	1|1	2	0,0,1
NA18552	0|1	1	0,1,0
NA18555	0|0	0	1,0,0
NA18558	1|1	2	0,0,1
NA18561	1|0	1	0,1,0
NA18562	1|1	2	0,0,1
NA18563	1|0	1	0,1,0
NA18564	1|1	2	0,0,1
NA18566	1|1	2	0,0,1
NA18570	1|1	2	0,0,1
NA18571	1|0	1.04	0,0.96,0.04
NA18572	1|1	2	0,0,1
NA18573	1|1	2	0,0,1
NA18577	1|1	2	0,0,1
NA18579	0|1	1	0,1,0
NA18582	1|1	2	0,0,1
NA18592	0|1	1	0,1,0
NA18593	1|1	2	0,0,1
NA18603	1|1	2	0,0,1
NA18605	1|1	2	0,0,1
NA18608	0|1	1	0,1,0
NA18609	1|1	2	0,0,1
NA18611	1|0	1	0,1,0
NA18612	1|1	2	0,0,1
NA18620	1|1	2	0,0,1
NA18621	1|1	2	0,0,1
NA18622	1|1	2	0,0,1
NA18623	1|1	2	0,0,1
NA18624	1|1	2	0,0,1
NA18632	0|1	1	0,1,0
NA18633	1|1	2	0,0,1
NA18635	1|0	1	0,1,0
NA18636	1|1	2	0,0,1
NA18637	1|1	2	0,0,1
NA18940	1|0	1	0,1,0
NA18942	1|1	2	0,0,1
NA18943	1|1	2	0,0,1
NA18944	1|1	2	0,0,1
NA18945	0|0	0	1,0,0
NA18947	1|0	1	0,1,0
NA18948	1|1	2	0,0,1
NA18949	1|0	1	0,1,0
NA18951	0|1	1	0,1,0
NA18952	1|0	1	0,1,0
NA18953	1|1	2	0,0,1
NA18956	1|0	1	0,1,0
NA18959	1|1	2	0,0,1
NA18960	1|0	1.13	0,0.87,0.13
NA18961	1|1	2	0,0,1
NA18964	1|1	2	0,0,1
NA18965	0|1	1	0,1,0
NA18966	1|1	2	0,0,1
NA18967	1|0	1.44	0.01,0.55,0.44
NA18968	1|1	2	0,0,1
NA18969	1|1	2	0,0,1
NA18970	1|1	2	0,0,1
NA18971	1|1	2	0,0,1
NA18972	1|1	2	0,0,1
NA18973	1|1	2	0,0,1
NA18974	1|1	2	0,0,1
NA18975	1|1	2	0,0,1
NA18976	1|1	2	0,0,1
NA18978	0|1	1	0,1,0
NA18980	1|1	2	0,0,1
NA18981	1|1	2	0,0,1
NA18987	0|1	1	0,1,0
NA18990	1|1	2	0,0,1
NA18991	1|1	2	0,0,1
NA18992	0|0	0	1,0,0
NA18994	1|1	2	0,0,1
NA18995	1|1	2	0,0,1
NA18997	1|1	2	0,0,1
NA18998	1|1	2	0,0,1
NA18999	1|0	1	0,1,0
NA19000	1|1	2	0,0,1
NA19003	1|1	2	0,0,1
NA19005	1|1	2	0,0,1
NA19007	1|1	2	0,0,1
NA19012	1|1	2	0,0,1
