NA18498	0|0	0	1,0,0
NA18500	1|1	2	0,0,1
NA18501	1|1	2	0,0,1
NA18502	1|1	2	0,0,1
NA18503	1|1	2	0,0,1
NA18504	1|1	2	0,0,1
NA18505	1|1	2	0,0,1
NA18506	1|1	2	0,0,1
NA18507	1|0	0.73	0.27,0.73,0
NA18508	1|1	2	0,0,1
NA18515	0|0	0	1,0,0
NA18516	1|1	1.98	0,0.02,0.98
NA18517	0|1	1	0,1,0
NA18519	0|0	0	1,0,0
NA18521	1|1	2	0,0,1
NA18522	0|0	0	1,0,0
NA18523	1|0	1	0,1,0
NA18852	1|1	2	0,0,1
NA18853	1|1	2	0,0,1
NA18854	1|1	2	0,0,1
NA18855	0|0	0	1,0,0
NA18856	1|1	2	0,0,1
NA18857	0|0	0	1,0,0
NA18858	1|1	2	0,0,1
NA18859	0|0	0	1,0,0
NA18860	1|1	2	0,0,1
NA18861	1|0	1.3	0,0.7,0.3
NA18862	0|0	0	1,0,0
NA18863	1|1	2	0,0,1
NA18867	0|1	1	0,1,0
NA18870	0|1	1	0,1,0
NA18871	0|0	0	1,0,0
NA18872	0|0	0	1,0,0
NA18910	1|1	2	0,0,1
NA18912	1|1	2	0,0,1
NA18913	1|1	2	0,0,1
NA18914	1|1	2	0,0,1
NA19027	1|1	2	0,0,1
NA19028	0|0	0	1,0,0
NA19031	1|1	2	0,0,1
NA19035	0|0	0.69	0.42,0.46,0.11
NA19036	1|1	2	0,0,1
NA19038	1|1	1.82	0.01,0.17,0.82
NA19041	0|0	0	1,0,0
NA19092	0|0	0	1,0,0
NA19093	1|1	2	0,0,1
NA19094	1|0	1	0,1,0
NA19098	1|0	1	0,1,0
NA19099	1|1	2	0,0,1
NA19100	0|1	1	0,1,0
NA19101	1|1	2	0,0,1
NA19102	0|0	0	1,0,0
NA19103	0|0	0	1,0,0
NA19108	0|0	0.43	0.57,0.43,0
NA19116	1|0	1	0,1,0
NA19118	0|1	1	0,1,0
NA19119	1|1	2	0,0,1
NA19120	0|0	0	1,0,0
NA19127	0|1	1	0,1,0
NA19128	0|0	0	1,0,0
NA19129	0|0	0	1,0,0
NA19130	0|0	0	1,0,0
NA19131	0|1	1	0,1,0
NA19132	1|0	1	0,1,0
NA19137	0|0	0.02	0.98,0.02,0
NA19138	1|1	2	0,0,1
NA19139	0|0	0	1,0,0
NA19140	1|0	1	0,1,0
NA19141	1|1	2	0,0,1
NA19142	0|0	0	1,0,0
NA19143	1|1	2	0,0,1
NA19144	0|0	0.05	0.95,0.05,0
NA19145	1|1	2	0,0,1
NA19146	0|0	0	1,0,0
NA19150	1|1	1.6	0.01,0.38,0.61
NA19152	1|1	2	0,0,1
NA19153	1|1	2	0,0,1
NA19154	1|1	2	0,0,1
NA19159	1|1	2	0,0,1
NA19160	0|0	0	1,0,0
NA19161	1|1	2	0,0,1
NA19171	1|1	2	0,0,1
NA19172	1|1	2	0,0,1
NA19173	1|1	2	0,0,1
NA19189	0|0	0	1,0,0
NA19200	0|0	0	1,0,0
NA19201	1|0	1	0,1,0
NA19202	1|0	1	0,1,0
NA19203	1|1	2	0,0,1
NA19204	0|1	1	0,1,0
NA19205	0|0	0	1,0,0
NA19206	0|1	1	0,1,0
NA19207	1|1	2	0,0,1
NA19208	1|1	2	0,0,1
NA19209	0|1	1	0,1,0
NA19210	0|0	0	1,0,0
NA19211	0|0	0	1,0,0
NA19213	0|0	0	1,0,0
NA19221	1|1	2	0,0,1
NA19222	1|1	2	0,0,1
NA19223	1|1	2	0,0,1
NA19238	1|1	2	0,0,1
NA19239	1|1	2	0,0,1
NA19240	1|1	2	0,0,1
NA19307	0|1	1	0,1,0
NA19308	1|1	2	0,0,1
NA19309	0|0	0	1,0,0
NA19310	1|1	2	0,0,1
NA19314	1|1	2	0,0,1
NA19315	1|0	1.02	0,0.98,0.02
NA19316	1|1	2	0,0,1
NA19317	1|1	2	0,0,1
NA19319	0|0	0.38	0.65,0.32,0.03
NA19321	0|0	0.21	0.79,0.21,0
NA19324	1|1	2	0,0,1
NA19327	1|1	2	0,0,1
NA19328	1|1	1.81	0,0.19,0.81
NA19332	1|1	2	0,0,1
NA19334	1|1	2	0,0,1
NA19346	1|1	2	0,0,1
NA19347	1|1	2	0,0,1
NA19350	0|0	0	1,0,0
NA19360	1|1	2	0,0,1
NA19372	1|1	2	0,0,1
NA19374	1|1	2	0,0,1
NA19375	0|0	0	1,0,0
NA19376	1|1	2	0,0,1
NA19377	1|1	2	0,0,1
NA19379	1|0	1.01	0.01,0.97,0.02
NA19380	0|0	0	1,0,0
NA19384	0|0	0	1,0,0
NA19385	0|0	0	1,0,0
NA19390	1|1	2	0,0,1
NA19391	0|1	1	0,1,0
NA19393	0|0	0	1,0,0
NA19394	1|1	2	0,0,1
NA19397	0|0	0.27	0.73,0.27,0
NA19399	1|0	0.82	0.18,0.82,0
NA19403	0|0	0.01	0.99,0.01,0
NA19404	1|1	2	0,0,1
NA19428	0|0	0	1,0,0
NA19429	0|0	0	1,0,0
NA19430	0|0	0	1,0,0
NA19431	0|1	1	0,1,0
NA19434	0|1	1	0,1,0
NA19435	0|0	0	1,0,0
NA19436	0|1	0.7	0.3,0.7,0
NA19437	0|1	1	0,1,0
NA19438	1|1	2	0,0,1
NA19439	0|1	1	0,1,0
NA19440	1|1	2	0,0,1
NA19443	1|1	2	0,0,1
NA19445	0|1	1	0,1,0
NA19446	1|0	1.01	0,0.99,0.01
NA19448	1|1	1.94	0,0.06,0.94
NA19449	1|1	1.68	0,0.32,0.68
NA19451	1|1	2	0,0,1
NA19452	1|1	1.72	0.02,0.24,0.74
NA19455	0|0	0.01	0.99,0.01,0
NA19456	1|1	2	0,0,1
NA19457	0|1	1	0,1,0
NA19462	1|0	1	0,1,0
NA19463	1|0	1.01	0,0.99,0.01
NA19466	0|0	0	1,0,0
NA19467	1|1	1.95	0,0.05,0.95
NA19468	0|0	0	1,0,0
NA19471	1|0	0.52	0.48,0.52,0
NA19472	0|1	1	0,1,0
NA19473	0|1	1	0,1,0
NA19474	1|0	1.03	0,0.97,0.03
