NA06985	1|1	4.99993e-06,0.00598998,0.994005
NA06991	1|1	0,0.00199997,0.998
NA06993	1|0	0.000999987,0.999,0
NA06994	0|0	0.999,0.001,0
NA07000	0|0	1,0,0
NA07019	0|0	1,0,0
NA07022	0|0	1,0,0
NA07029	0|0	1,0,0
NA07034	0|1	0,1,0
NA07048	1|1	0,0.209,0.791
NA07055	0|1	0,0.992,0.008
NA07056	0|1	0,1,0
NA07345	1|0	0,1,0
NA07348	0|1	0,1,0
NA07357	1|1	0,0.00199997,0.998
NA10830	1|0	0,1,0
NA10831	0|1	0.000999987,0.999,0
NA10835	1|0	0,1,0
NA10838	1|1	0,0.00599998,0.994
NA10839	0|0	1,0,0
NA10846	0|1	0.231,0.769,0
NA10847	1|0	0,1,0
NA10851	0|1	0,1,0
NA10854	0|0	1,0,0
NA10855	0|1	0,1,0
NA10856	0|1	0,1,0
NA10857	1|1	0,0.00199997,0.998
NA10859	1|0	0,1,0
NA10860	1|1	0,0,1
NA10861	1|1	0,0.023,0.977
NA10863	0|0	1,0,0
NA11829	0|1	0,1,0
NA11830	1|1	2.39997e-05,0.013952,0.986024
NA11831	1|0	0,1,0
NA11832	1|0	0,1,0
NA11839	1|0	0.000999987,0.999,0
NA11840	0|0	1,0,0
NA11881	0|0	1,0,0
NA11882	0|1	0,0.999,0.001
NA11992	1|1	0,0.00199997,0.998
NA11993	1|1	0,0.00599998,0.994
NA11994	1|1	0,0.000999987,0.999
NA11995	1|0	0,1,0
NA12003	1|1	3.99996e-06,0.004992,0.995004
NA12004	1|0	0,1,0
NA12005	0|1	0,1,0
NA12006	1|0	0.038,0.962,0
NA12043	1|1	0,0,1
NA12044	1|1	0,0.00199997,0.998
NA12056	1|0	0.005,0.995,0
NA12057	0|1	0,1,0
NA12144	1|1	2.99998e-06,0.00399401,0.996003
NA12145	0|1	0.00199997,0.998,0
NA12146	1|0	0,1,0
NA12154	1|0	0.052,0.948,0
NA12155	0|1	0,1,0
NA12156	0|0	1,0,0
NA12234	0|0	1,0,0
NA12236	0|1	0,1,0
NA12239	0|1	0.017,0.983,0
NA12248	1|1	0,0.000999987,0.999
NA12249	0|0	0.954,0.046,0
NA12264	0|0	1,0,0
NA12707	0|1	0,1,0
NA12716	0|0	1,0,0
NA12717	1|1	0,0.00300002,0.997
NA12740	0|0	1,0,0
NA12750	0|0	0.998,0.002,0
NA12751	1|0	0,1,0
NA12752	0|1	0,1,0
NA12753	1|0	0,0.999,0.001
NA12760	0|0	1,0,0
NA12761	1|0	0,0.501,0.499
NA12762	1|0	0,0.917,0.083
NA12763	0|0	1,0,0
NA12801	0|0	1,0,0
NA12802	0|1	0,1,0
NA12812	0|0	1,0,0
NA12813	0|1	0,1,0
NA12814	0|1	0,1,0
NA12815	1|1	0,0,1
NA12864	1|0	0,1,0
NA12865	1|0	0,1,0
NA12872	0|0	1,0,0
NA12873	1|0	0.00293702,0.976126,0.020937
NA12874	1|0	0,1,0
NA12875	0|0	0.99,0.01,0
NA12878	0|0	1,0,0
NA12891	0|1	0,1,0
NA12892	0|1	0,1,0
NA20502	1|0	0.000514993,0.51497,0.484515
NA20504	1|0	0,1,0
NA20505	1|0	0.029,0.971,0
NA20506	0|1	0,1,0
NA20508	1|0	0,1,0
NA20509	0|1	0,0.932,0.068
NA20510	1|1	0,0.000999987,0.999
NA20512	0|1	0,1,0
NA20515	0|1	0,1,0
NA20516	1|1	0,0.032,0.968
NA20517	1|0	0,1,0
NA20518	0|0	0.99,0.01,0
NA20519	0|0	0.999,0.001,0
NA20520	0|0	0.991,0.009,0
NA20521	0|1	0.457,0.543,0
NA20522	0|0	0.989,0.011,0
NA20524	1|1	0,0,1
NA20525	0|1	0.099,0.901,0
NA20527	0|0	1,0,0
NA20528	0|0	1,0,0
NA20529	0|0	0.885,0.115,0
NA20530	1|1	0,0.000999987,0.999
NA20531	1|0	0.00400001,0.996,0
NA20534	0|0	0.999,0.001,0
NA20535	1|1	0,0,1
NA20538	0|0	1,0,0
NA20539	1|1	0,0.00300002,0.997
NA20540	1|0	0.00199397,0.995012,0.002994
NA20541	0|1	0,1,0
NA20542	0|1	0.013995,0.92001,0.065995
NA20543	0|0	0.922621,0.076758,0.000621
NA20544	0|0	1,0,0
NA20581	0|0	0.929,0.071,0
NA20582	0|1	0.00399601,0.995008,0.000996
NA20585	1|0	0.009,0.991,0
NA20586	0|0	1,0,0
NA20588	0|1	0,1,0
NA20589	1|1	0,0.014,0.986
NA20752	0|1	0.00599998,0.994,0
NA20753	1|0	0,0.997,0.003
NA20754	1|1	0,0.015,0.985
NA20755	0|0	0.677322,0.322356,0.000322
NA20756	1|1	0,0.161,0.839
NA20757	0|0	1,0,0
NA20758	1|0	0.000999987,0.999,0
NA20759	1|1	0,0.000999987,0.999
NA20760	0|1	0,0.998,0.002
NA20761	1|0	0.00199197,0.994016,0.003992
NA20765	0|0	1,0,0
NA20766	0|0	1,0,0
NA20768	0|1	0.00300002,0.997,0
NA20769	1|1	3.99996e-06,0.004992,0.995004
NA20770	1|1	0,0.000999987,0.999
NA20771	0|0	0.984,0.016,0
NA20772	1|1	0,0.000999987,0.999
NA20773	1|1	0,0,1
NA20774	0|1	0,1,0
NA20778	1|0	0.00199797,0.997004,0.000998
NA20783	1|0	0.00293702,0.976126,0.020937
NA20785	0|1	0.00300002,0.997,0
NA20786	0|0	0.999,0.001,0
NA20787	0|0	0.443415,0.44917,0.107415
NA20790	0|0	0.989,0.011,0
NA20792	1|0	0.000999987,0.999,0
NA20795	1|0	0.01089,0.97922,0.00989
NA20796	1|0	0.00459,0.50982,0.48559
NA20797	1|0	0.000999987,0.999,0
NA20798	0|0	0.997,0.003,0
NA20799	0|0	1,0,0
NA20800	0|0	1,0,0
NA20801	0|0	1,0,0
NA20802	0|1	0.021,0.979,0
NA20803	0|1	0.000999987,0.999,0
NA20804	0|1	0,1,0
NA20805	1|0	0.00300002,0.997,0
NA20806	1|1	2.99998e-06,0.00399401,0.996003
NA20807	1|1	3.9999e-06,0.00399195,0.996004
NA20808	1|1	0,0.00199997,0.998
NA20809	1|0	0.015984,0.983032,0.000984
NA20810	0|1	0.138,0.862,0
NA20811	1|0	0,1,0
NA20812	0|1	0,0.99,0.01
NA20813	0|0	0.719,0.281,0
NA20815	0|1	0.000999987,0.999,0
NA20818	1|0	0.287,0.713,0
NA20819	0|1	0.00700003,0.993,0
NA20826	0|1	0,1,0
NA20828	1|0	0,1,0
