NA18526	0|0	0.759,0.241,0
NA18532	0|0	0.992,0.008,0
NA18537	1|1	0,0.359,0.641
NA18542	0|1	0.011,0.989,0
NA18545	1|1	0,0.000999987,0.999
NA18547	0|0	0.999,0.001,0
NA18550	1|1	8.99989e-06,0.00998199,0.990009
NA18552	1|0	0.00154398,0.770912,0.227544
NA18555	0|0	1,0,0
NA18558	1|0	0.016,0.984,0
NA18561	1|0	0,1,0
NA18562	1|0	0,1,0
NA18563	1|1	0,0.00400001,0.996
NA18564	1|0	0.000998987,0.998002,0.000999
NA18566	0|0	0.607,0.393,0
NA18570	1|1	0,0.00400001,0.996
NA18571	1|0	0.00280802,0.933384,0.063808
NA18572	0|0	0.999,0.001,0
NA18573	0|0	0.994,0.006,0
NA18577	0|1	0,1,0
NA18579	1|0	0.012298,0.934404,0.053298
NA18582	1|0	0.00397,0.79106,0.20497
NA18592	1|0	0,1,0
NA18593	0|0	1,0,0
NA18603	0|1	0.46,0.54,0
NA18605	0|1	0.00300002,0.997,0
NA18608	1|1	0,0,1
NA18609	1|1	0.001948,0.487104,0.510948
NA18611	0|1	0,1,0
NA18612	0|1	0.00400001,0.996,0
NA18620	1|1	0,0.00300002,0.997
NA18621	0|0	0.998,0.002,0
NA18622	0|0	0.996,0.004,0
NA18623	1|0	0.00336001,0.83728,0.15936
NA18624	0|0	0.974105,0.02579,0.000105
NA18632	1|0	0.00400001,0.996,0
NA18633	0|0	1,0,0
NA18635	0|0	0.998,0.002,0
NA18636	1|0	0,0.866,0.134
NA18637	0|1	0,0.999,0.001
NA18940	1|0	0.00199997,0.998,0
NA18942	0|0	1,0,0
NA18943	1|0	0.000931988,0.931136,0.067932
NA18944	1|1	0,0.005,0.995
NA18945	1|1	3.89995e-05,0.039922,0.960039
NA18947	0|1	0,1,0
NA18948	1|0	0.028,0.972,0
NA18949	0|1	0.00700003,0.993,0
NA18951	0|1	0,1,0
NA18952	0|0	1,0,0
NA18953	1|1	4.99999e-05,0.0149,0.98505
NA18956	1|1	0,0.00599998,0.994
NA18959	1|0	0,1,0
NA18960	1|1	1.19999e-05,0.012976,0.987012
NA18961	1|1	0,0.027,0.973
NA18964	1|1	0,0,1
NA18965	1|1	0,0.00199997,0.998
NA18966	1|1	0,0.247,0.753
NA18967	0|0	1,0,0
NA18968	1|1	9.99974e-07,0.00199797,0.998001
NA18969	1|0	0.009,0.991,0
NA18970	1|1	1.59998e-05,0.00996799,0.990016
NA18971	1|1	0.000383999,0.069232,0.930384
NA18972	1|1	0,0,1
NA18973	0|1	0.00595198,0.986096,0.007952
NA18974	1|0	0,1,0
NA18975	1|1	0,0,1
NA18976	1|1	1.99995e-06,0.00299596,0.997002
NA18978	0|1	0.178,0.822,0
NA18980	0|1	0.215784,0.783432,0.000784
NA18981	1|1	0.000156998,0.157686,0.842157
NA18987	0|1	0,0.599,0.401
NA18990	1|1	0,0.041,0.959
NA18991	1|0	0,1,0
NA18992	1|1	0.000575998,0.100848,0.898576
NA18994	1|1	0,0.00599998,0.994
NA18995	1|0	0.00199797,0.997004,0.000998
NA18997	0|1	0,1,0
NA18998	0|1	0,1,0
NA18999	1|0	0.00300002,0.997,0
NA19000	1|0	0.025,0.975,0
NA19003	1|1	0,0,1
NA19005	1|1	0,0.00199997,0.998
NA19007	1|1	1.99995e-06,0.00299596,0.997002
NA19012	0|1	0.088,0.912,0
