NA18526	0|1	0.016,0.984,0
NA18537	0|1	0.038,0.962,0
NA18555	0|0	0.999,0.001,0
NA18562	1|0	0.005,0.995,0
NA18563	0|0	1,0,0
NA18582	0|0	0.998,0.002,0
NA18606	1|1	0.000666,0.053668,0.945666
NA18621	0|0	1,0,0
NA18622	1|0	0,1,0
NA18628	0|1	0.000999987,0.999,0
NA18632	0|0	1,0,0
NA18636	1|1	0,0.00400001,0.996
NA18647	0|0	1,0,0
NA18942	0|0	0.998,0.002,0
NA18945	1|0	0.00498,0.99104,0.00398
NA18947	1|1	0,0.000999987,0.999
NA18951	0|0	1,0,0
NA18952	0|0	1,0,0
NA18953	1|0	0,1,0
NA18956	0|0	1,0,0
NA18965	1|0	0.00300002,0.997,0
NA18970	0|0	1,0,0
NA18973	0|0	1,0,0
NA18977	0|1	0.00999999,0.99,0
NA18987	1|1	0,0.011,0.989
NA18990	0|1	0.00199997,0.998,0
NA18995	0|1	0.026,0.974,0
NA19003	1|0	0.011,0.989,0
NA19010	0|1	0.00599998,0.994,0
