NA18498	0|0	1,0,0
NA18502	0|0	1,0,0
NA18505	0|0	1,0,0
NA18507	1|0	0,0.996,0.004
NA18508	0|0	0.998,0.002,0
NA18517	0|0	1,0,0
NA18519	0|0	0.996,0.004,0
NA18867	0|0	0.666,0.334,0
NA18870	0|0	0.997,0.003,0
NA18910	0|1	0.000999987,0.999,0
NA19092	0|1	0.460539,0.538922,0.000539
NA19098	0|0	0.999,0.001,0
NA19099	0|0	1,0,0
NA19102	0|0	1,0,0
NA19108	0|0	0.98703,0.01294,3e-05
NA19118	0|1	0.49401,0.50498,0.00101
NA19119	0|1	0,1,0
NA19129	1|0	0,1,0
NA19130	0|0	1,0,0
NA19141	0|0	1,0,0
NA19146	0|0	1,0,0
NA19150	0|0	0.999,0.001,0
NA19152	0|0	0.993,0.007,0
NA19160	0|0	0.999,0.001,0
NA19171	0|0	1,0,0
NA19189	0|0	1,0,0
NA19204	0|0	0.999,0.001,0
NA19206	0|0	1,0,0
NA19207	0|1	0.257958,0.505084,0.236958
NA19209	0|0	0.629107,0.369786,0.001107
NA19213	0|0	0.998,0.002,0
NA19240	0|0	0.997002,0.002996,2e-06
NA11829	0|0	1,0,0
NA11830	0|0	1,0,0
NA11831	0|0	1,0,0
NA11832	0|0	1,0,0
NA11840	0|0	1,0,0
NA11881	1|0	0,0.999,0.001
NA11994	0|0	0.999,0.001,0
NA11995	0|0	1,0,0
NA12004	0|0	1,0,0
NA12005	0|0	0.999,0.001,0
NA12043	0|0	1,0,0
NA12044	0|0	1,0,0
NA12144	0|0	0.999,0.001,0
NA12154	0|0	1,0,0
NA12155	0|0	1,0,0
NA12156	0|0	1,0,0
NA12234	0|0	1,0,0
NA12717	0|0	0.998,0.002,0
NA12750	0|0	1,0,0
NA12760	0|0	0.997002,0.002996,2e-06
NA12761	0|0	1,0,0
NA12762	0|0	1,0,0
NA12763	0|0	1,0,0
NA12812	1|0	0,1,0
NA12813	0|0	1,0,0
NA12814	0|0	0.999,0.001,0
NA12815	0|0	1,0,0
NA12872	0|0	1,0,0
NA12873	0|0	1,0,0
NA12874	0|0	1,0,0
NA12878	0|0	1,0,0
NA18526	0|0	0.983,0.017,0
NA18537	1|0	0.332,0.668,0
NA18550	0|0	0.948,0.052,0
NA18555	0|0	1,0,0
NA18562	1|0	0.008982,0.989036,0.001982
NA18563	0|0	1,0,0
NA18582	0|0	1,0,0
NA18603	0|0	1,0,0
NA18606	0|0	0.999,0.001,0
NA18621	0|0	0.901,0.099,0
NA18622	0|0	0.982,0.018,0
NA18628	0|0	0.978,0.022,0
NA18632	0|0	1,0,0
NA18636	0|0	0.636363,0.363274,0.000363
NA18647	0|0	1,0,0
NA18942	0|0	1,0,0
NA18945	0|0	0.999,0.001,0
NA18947	0|1	0.389,0.611,0
NA18951	1|0	0.011,0.989,0
NA18952	0|0	1,0,0
NA18953	0|0	0.998001,0.001998,1e-06
NA18956	0|0	0.999,0.001,0
NA18965	0|0	1,0,0
NA18970	0|0	0.64,0.36,0
NA18973	0|0	0.999,0.001,0
NA18977	0|0	0.999,0.001,0
NA18987	0|0	1,0,0
NA18990	0|0	0.999,0.001,0
NA18995	0|0	0.999,0.001,0
NA19003	1|0	0.00999999,0.99,0
NA19010	0|0	0.999,0.001,0
