NA06985	1|0	1	0,1,0
NA06991	0|1	1	0,1,0
NA06993	1|1	2	0,0,1
NA06994	1|1	1.88	0,0.12,0.88
NA07000	1|0	0.97	0.03,0.97,0
NA07019	1|1	2	0,0,1
NA07022	1|1	1.99	0,0.01,0.99
NA07029	1|0	1	0,1,0
NA07034	1|1	1.99	0,0.01,0.99
NA07048	1|0	1	0,1,0
NA07055	1|0	0.81	0.19,0.81,0
NA07056	0|1	0.95	0.05,0.95,0
NA07345	0|1	0.51	0.49,0.51,0
NA07348	0|0	0	1,0,0
NA07357	0|1	1	0,1,0
NA10830	0|1	1	0,1,0
NA10831	1|1	2	0,0,1
NA10835	0|1	1	0,1,0
NA10838	1|0	1	0,1,0
NA10839	1|0	1	0,1,0
NA10846	0|1	1	0,1,0
NA10847	1|1	2	0,0,1
NA10851	1|0	1	0,1,0
NA10854	1|0	1	0,1,0
NA10855	0|1	1	0,1,0
NA10856	1|1	2	0,0,1
NA10857	1|1	2	0,0,1
NA10859	0|0	0	1,0,0
NA10860	1|1	2	0,0,1
NA10861	1|1	2	0,0,1
NA10863	0|1	1	0,1,0
NA11829	1|1	1.94	0,0.06,0.94
NA11830	1|1	2	0,0,1
NA11831	1|1	2	0,0,1
NA11832	1|0	1	0,1,0
NA11839	0|1	0.9	0.1,0.9,0
NA11840	1|0	0.95	0.05,0.95,0
NA11881	0|1	0.98	0.02,0.98,0
NA11882	0|1	0.97	0.03,0.97,0
NA11992	1|0	1	0,1,0
NA11993	1|1	2	0,0,1
NA11994	1|0	1	0,1,0
NA11995	1|1	1.98	0,0.02,0.98
NA12003	1|0	1	0,1,0
NA12004	0|0	0	1,0,0
NA12005	0|0	0.07	0.93,0.07,0
NA12006	1|1	2	0,0,1
NA12043	1|1	2	0,0,1
NA12044	0|1	1.01	0,0.99,0.01
NA12056	0|1	1	0,1,0
NA12057	0|1	1	0,1,0
NA12144	0|1	1	0,1,0
NA12145	1|1	2	0,0,1
NA12146	1|1	1.97	0,0.03,0.97
NA12154	0|1	1	0,1,0
NA12155	0|1	1	0,1,0
NA12156	1|0	1	0,1,0
NA12234	1|0	1	0,1,0
NA12236	0|1	1.07	0,0.93,0.07
NA12239	1|0	1	0,1,0
NA12248	0|1	1	0,1,0
NA12249	0|0	0.07	0.93,0.07,0
NA12264	1|1	1.93	0,0.07,0.93
NA12707	0|0	0	1,0,0
NA12716	0|1	1.02	0.16,0.65,0.19
NA12717	0|0	0.08	0.92,0.08,0
NA12740	0|1	1.21	0,0.79,0.21
NA12750	1|1	1.71	0,0.29,0.71
NA12751	1|1	2	0,0,1
NA12752	1|1	2	0,0,1
NA12753	1|0	1	0,1,0
NA12760	1|0	1	0,1,0
NA12761	1|1	2	0,0,1
NA12762	1|1	1.94	0,0.06,0.94
NA12763	0|1	1	0,1,0
NA12801	0|0	0	1,0,0
NA12802	1|1	2	0,0,1
NA12812	0|0	0.37	0.63,0.37,0
NA12813	0|0	0.12	0.88,0.12,0
NA12814	1|1	2	0,0,1
NA12815	1|0	1	0,1,0
NA12864	1|1	2	0,0,1
NA12865	0|1	1	0,1,0
NA12872	1|1	2	0,0,1
NA12873	1|1	1.99	0,0.01,0.99
NA12874	0|1	1	0,1,0
NA12875	1|1	2	0,0,1
NA12878	1|1	2	0,0,1
NA12891	1|1	1.99	0,0.01,0.99
NA12892	1|0	1	0,1,0
NA20502	1|0	1	0,1,0
NA20504	1|0	0.98	0.02,0.98,0
NA20505	1|0	1	0,1,0
NA20506	1|1	2	0,0,1
NA20508	1|1	2	0,0,1
NA20509	0|1	1	0,1,0
NA20510	0|1	1	0,1,0
NA20512	0|0	0.02	0.98,0.02,0
NA20515	0|1	1	0,1,0
NA20516	1|0	1	0,1,0
NA20517	0|0	0.41	0.63,0.33,0.04
NA20518	1|1	1.98	0,0.02,0.98
NA20519	1|0	0.94	0.06,0.94,0
NA20520	0|0	0.01	0.99,0.01,0
NA20521	0|1	1.12	0.01,0.86,0.13
NA20522	1|1	1.96	0,0.04,0.96
NA20524	1|1	1.7	0,0.3,0.7
NA20525	1|1	1.94	0,0.06,0.94
NA20527	0|1	0.62	0.38,0.62,0
NA20528	0|1	1	0,1,0
NA20529	0|1	1	0,1,0
NA20530	0|0	0	1,0,0
NA20531	1|1	2	0,0,1
NA20534	1|0	1	0,1,0
NA20535	0|1	1	0,1,0
NA20538	0|1	1	0,1,0
NA20539	0|0	0.47	0.53,0.47,0
NA20540	1|1	1.98	0,0.02,0.98
NA20541	1|1	2	0,0,1
NA20542	1|0	0.99	0.01,0.99,0
NA20543	1|1	1.81	0,0.19,0.81
NA20544	1|1	1.99	0,0.01,0.99
NA20581	1|0	1	0,1,0
NA20582	1|0	1	0,1,0
NA20585	1|0	0.93	0.07,0.93,0
NA20586	0|1	0.91	0.09,0.91,0
NA20588	1|1	1.72	0,0.28,0.72
NA20589	1|0	1	0.02,0.96,0.02
NA20752	1|1	2	0,0,1
NA20753	1|0	1.01	0,0.99,0.01
NA20754	0|0	0	1,0,0
NA20755	0|0	0.13	0.87,0.13,0
NA20756	0|0	0	1,0,0
NA20757	1|0	0.94	0.06,0.94,0
NA20758	1|1	2	0,0,1
NA20759	1|0	1.01	0,0.99,0.01
NA20760	1|0	1	0,1,0
NA20761	1|0	1	0,1,0
NA20765	0|1	1	0,1,0
NA20766	1|1	1.97	0,0.03,0.97
NA20768	1|0	1.19	0,0.81,0.19
NA20769	0|0	0.47	0.53,0.47,0
NA20770	1|0	1	0,1,0
NA20771	1|1	1.99	0,0.01,0.99
NA20772	1|1	1.65	0,0.35,0.65
NA20773	1|1	1.95	0,0.05,0.95
NA20774	1|1	1.96	0,0.04,0.96
NA20775	1|0	0.63	0.37,0.63,0
NA20778	0|0	0	1,0,0
NA20783	1|1	1.93	0,0.07,0.93
NA20785	1|1	2	0,0,1
NA20786	1|0	0.97	0.03,0.97,0
NA20787	1|1	1.99	0,0.01,0.99
NA20790	1|0	1.13	0,0.87,0.13
NA20792	0|1	1	0,1,0
NA20795	1|1	1.52	0.01,0.45,0.53
NA20796	1|1	1.64	0,0.36,0.64
NA20797	1|0	1	0,1,0
NA20798	1|1	1.97	0,0.03,0.97
NA20799	0|1	1.01	0,0.99,0.01
NA20800	1|1	1.56	0,0.44,0.56
NA20801	1|1	1.76	0,0.23,0.77
NA20802	1|1	2	0,0,1
NA20803	0|1	0.95	0.05,0.95,0
NA20804	1|1	2	0,0,1
NA20805	1|0	1	0,1,0
NA20806	1|1	2	0,0,1
NA20807	1|1	1.96	0,0.04,0.96
NA20808	1|1	2	0,0,1
NA20809	0|0	0	1,0,0
NA20810	0|1	1	0,1,0
NA20811	0|0	0.25	0.75,0.25,0
NA20812	1|0	1.01	0,0.99,0.01
NA20813	1|1	1.99	0,0.01,0.99
NA20815	1|1	2	0,0,1
NA20818	1|1	2	0,0,1
NA20819	0|0	0	1,0,0
NA20826	1|0	1	0,1,0
NA20828	1|1	2	0,0,1
