NA06985	0|0	0.999,0.001,0
NA06991	0|0	0.995,0.005,0
NA06993	0|0	0.998001,0.001998,1e-06
NA06994	0|0	1,0,0
NA07000	0|0	1,0,0
NA07019	0|0	1,0,0
NA07022	0|0	1,0,0
NA07029	0|0	1,0,0
NA07034	1|1	0,0,1
NA07048	0|0	1,0,0
NA07055	0|0	1,0,0
NA07056	0|1	0,1,0
NA07345	0|0	1,0,0
NA07348	0|0	0.899,0.101,0
NA07357	0|0	1,0,0
NA10830	1|1	9.00013e-06,0.00598204,0.994009
NA10831	0|0	1,0,0
NA10835	0|0	1,0,0
NA10838	0|0	1,0,0
NA10839	1|0	0,1,0
NA10846	0|0	1,0,0
NA10847	0|1	0,1,0
NA10851	0|0	1,0,0
NA10854	0|0	1,0,0
NA10855	0|0	1,0,0
NA10856	0|0	1,0,0
NA10857	0|0	1,0,0
NA10859	0|0	1,0,0
NA10860	0|0	1,0,0
NA10861	0|0	1,0,0
NA10863	0|0	1,0,0
NA11829	1|1	9.99974e-07,0.00199797,0.998001
NA11830	0|0	1,0,0
NA11831	0|0	1,0,0
NA11832	0|0	1,0,0
NA11839	0|0	1,0,0
NA11840	0|0	1,0,0
NA11881	0|0	1,0,0
NA11882	0|1	0,1,0
NA11992	0|0	1,0,0
NA11993	0|0	1,0,0
NA11994	0|0	1,0,0
NA11995	0|0	1,0,0
NA12003	1|1	0,0,1
NA12004	0|0	1,0,0
NA12005	1|1	0,0,1
NA12006	0|0	1,0,0
NA12043	1|1	0,0,1
NA12044	1|0	0,1,0
NA12056	1|1	3.59998e-05,0.011928,0.988036
NA12057	0|0	1,0,0
NA12144	0|0	1,0,0
NA12145	0|0	1,0,0
NA12146	0|0	1,0,0
NA12154	0|0	1,0,0
NA12155	0|0	1,0,0
NA12156	0|0	1,0,0
NA12234	0|0	1,0,0
NA12239	0|1	0,1,0
NA12248	0|0	1,0,0
NA12249	0|0	1,0,0
NA12264	0|0	1,0,0
NA12707	0|0	1,0,0
NA12716	0|0	1,0,0
NA12717	0|0	1,0,0
NA12740	0|0	1,0,0
NA12750	0|0	1,0,0
NA12751	0|0	1,0,0
NA12752	0|0	1,0,0
NA12753	0|0	0.998,0.002,0
NA12760	0|0	1,0,0
NA12761	0|0	1,0,0
NA12762	0|0	1,0,0
NA12763	0|0	1,0,0
NA12801	0|0	1,0,0
NA12802	0|0	1,0,0
NA12812	1|1	0,0,1
NA12813	0|0	1,0,0
NA12814	0|0	1,0,0
NA12815	0|1	0.005,0.995,0
NA12864	1|1	9.99974e-07,0.00199797,0.998001
NA12865	0|1	0.005,0.995,0
NA12872	0|0	1,0,0
NA12873	0|1	0.000999987,0.999,0
NA12874	1|1	0.000196,0.027608,0.972196
NA12875	1|0	0.005,0.995,0
NA12878	0|0	1,0,0
NA12891	0|0	0.998001,0.001998,1e-06
NA12892	0|0	0.786137,0.209726,0.004137
NA20502	1|0	0.00599998,0.994,0
NA20504	0|0	1,0,0
NA20505	0|0	0.84,0.16,0
NA20506	0|0	0.998,0.002,0
NA20508	0|0	0.877,0.123,0
NA20509	0|0	1,0,0
NA20510	0|0	0.998001,0.001998,1e-06
NA20512	0|0	1,0,0
NA20515	0|0	1,0,0
NA20516	0|0	1,0,0
NA20517	1|0	0,1,0
NA20518	0|0	1,0,0
NA20519	0|0	1,0,0
NA20520	0|0	1,0,0
NA20521	0|0	1,0,0
NA20522	1|0	0.00800002,0.992,0
NA20524	1|1	2.5e-05,0.00994999,0.990025
NA20525	1|1	0,0,1
NA20527	0|0	1,0,0
NA20528	0|0	1,0,0
NA20529	0|0	1,0,0
NA20530	0|0	0.998,0.002,0
NA20531	0|0	1,0,0
NA20534	1|1	0,0,1
NA20535	0|0	0.546,0.454,0
NA20538	0|0	0.840889,0.152222,0.006889
NA20539	0|0	1,0,0
NA20540	0|0	1,0,0
NA20541	0|0	0.943,0.057,0
NA20542	0|1	0.000999987,0.999,0
NA20543	0|0	1,0,0
NA20544	0|0	1,0,0
NA20581	0|0	1,0,0
NA20582	0|0	1,0,0
NA20585	0|0	0.971,0.029,0
NA20586	0|0	0.998001,0.001998,1e-06
NA20588	0|0	1,0,0
NA20589	0|0	1,0,0
NA20752	1|1	0,0,1
NA20753	0|0	1,0,0
NA20754	0|0	1,0,0
NA20755	0|0	1,0,0
NA20756	1|0	0,1,0
NA20757	0|0	1,0,0
NA20758	0|0	1,0,0
NA20759	0|0	0.732736,0.246528,0.020736
NA20760	0|1	0.005,0.995,0
NA20761	0|0	1,0,0
NA20765	0|0	1,0,0
NA20766	0|1	0,1,0
NA20768	0|0	1,0,0
NA20769	0|0	1,0,0
NA20770	1|1	0,0,1
NA20771	0|1	0,1,0
NA20772	0|0	0.999,0.001,0
NA20773	0|0	1,0,0
NA20774	0|0	1,0,0
NA20778	1|1	0,0,1
NA20783	0|0	1,0,0
NA20785	0|0	1,0,0
NA20786	0|0	1,0,0
NA20790	0|0	1,0,0
NA20792	0|0	1,0,0
NA20795	0|0	1,0,0
NA20796	0|0	1,0,0
NA20797	0|0	1,0,0
NA20798	0|0	1,0,0
NA20799	0|0	1,0,0
NA20800	0|0	0.965,0.035,0
NA20801	0|0	1,0,0
NA20802	0|0	0.913,0.087,0
NA20803	0|0	1,0,0
NA20804	0|0	1,0,0
NA20805	0|0	1,0,0
NA20806	0|0	1,0,0
NA20807	0|0	1,0,0
NA20808	0|0	0.898101,0.101798,0.000101
NA20809	0|0	1,0,0
NA20810	0|0	0.998001,0.001998,1e-06
NA20811	0|0	0.274576,0.498848,0.226576
NA20812	0|0	1,0,0
NA20813	0|0	1,0,0
NA20815	0|0	1,0,0
NA20818	0|0	1,0,0
NA20819	0|0	1,0,0
NA20826	0|0	1,0,0
NA20828	1|0	0.000998987,0.998002,0.000999
