NA18498	0|0	1,0,0
NA18500	0|0	1,0,0
NA18501	0|1	0.005,0.995,0
NA18502	0|1	0.000999987,0.999,0
NA18503	0|0	1,0,0
NA18504	0|0	1,0,0
NA18505	1|0	0,1,0
NA18506	1|0	0,1,0
NA18507	1|1	0,0,1
NA18508	0|0	0.996,0.004,0
NA18515	0|1	0,1,0
NA18516	1|0	0,0.998,0.002
NA18517	0|1	0,1,0
NA18519	1|0	0,1,0
NA18521	1|0	0,1,0
NA18522	1|0	0,1,0
NA18523	0|1	0,1,0
NA18852	0|1	0,1,0
NA18853	1|0	0,1,0
NA18854	0|1	0,1,0
NA18855	0|1	0,1,0
NA18856	1|1	0,0,1
NA18857	1|0	0,1,0
NA18858	1|0	0,1,0
NA18859	0|1	0,1,0
NA18860	1|0	0,1,0
NA18861	1|0	0,1,0
NA18862	1|0	0,1,0
NA18863	1|0	0,1,0
NA18867	1|0	0,1,0
NA18870	0|1	0,1,0
NA18871	0|0	0.998,0.002,0
NA18872	0|1	0.000999987,0.999,0
NA18910	1|0	0.00693003,0.98314,0.00993
NA18912	0|0	1,0,0
NA18913	0|1	0.00300002,0.997,0
NA18914	0|0	1,0,0
NA19027	0|1	0.00199997,0.998,0
NA19028	1|0	0,1,0
NA19031	0|1	0,1,0
NA19035	0|0	1,0,0
NA19036	1|0	0,1,0
NA19038	1|0	0,1,0
NA19041	0|0	1,0,0
NA19092	0|0	1,0,0
NA19093	0|0	0.997,0.003,0
NA19094	0|0	1,0,0
NA19098	0|0	1,0,0
NA19099	1|1	0,0.015,0.985
NA19100	0|1	0,1,0
NA19101	0|0	1,0,0
NA19102	1|1	0,0,1
NA19103	0|1	0,1,0
NA19108	1|0	0.00300002,0.997,0
NA19116	0|0	0.998,0.002,0
NA19118	1|1	1.20001e-05,0.00697603,0.993012
NA19119	1|0	0,1,0
NA19120	1|0	0,1,0
NA19127	1|1	0,0.00599998,0.994
NA19128	1|0	0,0.999,0.001
NA19129	1|1	0,0,1
NA19130	0|0	1,0,0
NA19131	0|1	0,1,0
NA19132	0|0	1,0,0
NA19137	0|0	1,0,0
NA19138	0|0	0.992,0.008,0
NA19139	0|0	1,0,0
NA19140	0|0	1,0,0
NA19141	1|1	0,0.00700003,0.993
NA19142	1|0	0,1,0
NA19143	0|0	1,0,0
NA19144	0|1	0,1,0
NA19145	1|0	0,1,0
NA19146	0|1	0,1,0
NA19150	1|0	0,1,0
NA19152	1|1	0,0.005,0.995
NA19153	0|1	0.00300002,0.997,0
NA19154	0|1	0,1,0
NA19159	1|1	0,0,1
NA19160	0|0	1,0,0
NA19161	0|1	0,1,0
NA19171	0|1	0,1,0
NA19172	1|0	0,1,0
NA19173	0|1	0,1,0
NA19189	0|0	0.997,0.003,0
NA19200	1|0	0,1,0
NA19201	1|1	0,0.00199997,0.998
NA19202	1|1	0,0,1
NA19203	0|0	0.999,0.001,0
NA19204	0|1	0,1,0
NA19205	1|0	0,1,0
NA19206	0|0	1,0,0
NA19207	0|0	1,0,0
NA19208	0|0	1,0,0
NA19209	1|1	0,0.00599998,0.994
NA19210	0|1	0,1,0
NA19211	1|1	0,0,1
NA19213	1|1	0,0.00199997,0.998
NA19221	1|1	0,0,1
NA19222	0|1	0,1,0
NA19223	1|1	0,0,1
NA19238	0|0	0.998,0.002,0
NA19239	1|0	0,1,0
NA19240	0|0	1,0,0
NA19307	0|1	0.00199997,0.998,0
NA19308	0|1	0,1,0
NA19309	0|0	1,0,0
NA19310	0|0	0.998,0.002,0
NA19314	0|1	0.00400001,0.996,0
NA19315	0|0	1,0,0
NA19316	0|1	0,1,0
NA19317	1|0	0,1,0
NA19318	0|1	0,1,0
NA19319	1|0	0,1,0
NA19321	0|1	0.00300002,0.997,0
NA19324	1|0	0,1,0
NA19327	1|0	0,1,0
NA19328	1|0	0,1,0
NA19332	1|0	0,1,0
NA19334	0|1	0.00300002,0.997,0
NA19346	1|1	0,0.163,0.837
NA19347	0|0	1,0,0
NA19350	1|0	0,0.999,0.001
NA19360	1|0	0.000999987,0.999,0
NA19372	0|1	0,0.997,0.003
NA19374	1|1	0,0,1
NA19375	0|1	0.00400001,0.996,0
NA19376	1|1	1.80001e-05,0.008964,0.991018
NA19377	0|0	0.999,0.001,0
NA19379	1|0	0,1,0
NA19380	0|0	1,0,0
NA19383	0|1	0,1,0
NA19384	0|1	0,1,0
NA19385	1|0	0,1,0
NA19390	0|0	0.959,0.041,0
NA19391	0|1	0,0.999,0.001
NA19393	1|1	0,0,1
NA19394	1|1	3.20001e-05,0.011936,0.988032
NA19397	0|0	1,0,0
NA19399	0|0	0.999,0.001,0
NA19403	0|1	0,0.996,0.004
NA19404	0|0	0.998,0.002,0
NA19428	0|1	0.000998987,0.998002,0.000999
NA19429	1|1	1.19999e-05,0.012976,0.987012
NA19430	0|0	1,0,0
NA19431	0|0	1,0,0
NA19434	0|0	1,0,0
NA19435	0|0	1,0,0
NA19436	1|0	0,1,0
NA19437	1|1	0,0,1
NA19438	1|0	0,1,0
NA19439	0|0	1,0,0
NA19440	0|1	0,1,0
NA19443	0|0	0.998,0.002,0
NA19445	0|1	0,1,0
NA19446	1|0	0,1,0
NA19448	1|0	0,1,0
NA19449	0|0	0.999,0.001,0
NA19451	1|0	0.005,0.995,0
NA19452	1|0	0.000999987,0.999,0
NA19455	0|0	1,0,0
NA19456	1|0	0,1,0
NA19457	0|0	0.998,0.002,0
NA19462	1|0	0,0.998,0.002
NA19463	1|0	0.000999987,0.999,0
NA19466	1|0	0,1,0
NA19467	0|0	0.999,0.001,0
NA19468	0|0	0.998,0.002,0
NA19471	0|0	1,0,0
NA19472	1|1	0,0,1
NA19473	0|0	1,0,0
NA19474	1|1	0,0.00199997,0.998
NA06985	1|1	3.00002e-05,0.01294,0.98703
NA06991	1|0	0.00300002,0.997,0
NA06993	0|1	0,1,0
NA06994	1|1	0,0.000999987,0.999
NA07000	1|1	0,0,1
NA07019	0|1	0,1,0
NA07022	1|0	0.000999987,0.999,0
NA07029	1|1	0,0,1
NA07034	0|0	1,0,0
NA07048	0|1	0,1,0
NA07055	1|1	0,0,1
NA07056	1|0	0,1,0
NA07345	1|1	0,0.00800002,0.992
NA07348	1|1	0,0,1
NA07357	1|1	0,0,1
NA10830	1|1	0,0.000999987,0.999
NA10831	0|1	0.00599998,0.994,0
NA10835	1|1	0,0.00999999,0.99
NA10838	0|1	0,1,0
NA10839	0|1	0,0.998,0.002
NA10846	1|1	0,0,1
NA10847	1|1	0,0.005,0.995
NA10851	1|1	0,0.00300002,0.997
NA10854	1|1	0,0,1
NA10855	1|1	0,0,1
NA10856	1|1	0,0,1
NA10857	0|1	0,1,0
NA10859	1|1	0,0,1
NA10860	0|0	1,0,0
NA10861	0|1	0,1,0
NA10863	1|1	0,0.009,0.991
NA11829	1|1	0,0.00800002,0.992
NA11830	1|1	0,0.00599998,0.994
NA11831	1|1	0,0.000999987,0.999
NA11832	1|1	0,0.00199997,0.998
NA11839	0|1	0,1,0
NA11840	1|1	0,0,1
NA11881	1|1	1.99995e-06,0.00299596,0.997002
NA11882	1|1	0,0.00199997,0.998
NA11992	0|1	0,1,0
NA11993	1|0	0.00300002,0.997,0
NA11994	1|1	0,0.00999999,0.99
NA11995	1|0	0.009,0.991,0
NA12003	0|0	1,0,0
NA12004	1|0	0,1,0
NA12005	0|1	0.000999987,0.999,0
NA12006	1|1	0,0.00199997,0.998
NA12043	0|1	0,1,0
NA12044	0|1	0,1,0
NA12056	1|1	0,0,1
NA12057	1|0	0,0.999,0.001
NA12144	1|0	0,1,0
NA12145	1|1	0,0.016,0.984
NA12146	1|1	0,0.00999999,0.99
NA12154	1|1	0,0,1
NA12155	1|1	0,0,1
NA12156	0|0	1,0,0
NA12234	0|1	0,1,0
NA12236	1|1	0,0,1
NA12239	0|1	0.016,0.984,0
NA12248	1|1	0,0.00199997,0.998
NA12249	1|0	0,1,0
NA12264	1|1	0,0,1
NA12707	1|1	0,0,1
NA12716	1|1	0,0,1
NA12717	1|1	0,0,1
NA12740	0|0	1,0,0
NA12750	0|1	0,1,0
NA12751	0|1	0.000999987,0.999,0
NA12752	1|1	0,0,1
NA12753	1|1	0,0,1
NA12760	1|1	0,0,1
NA12761	1|1	0,0.009,0.991
NA12762	1|1	0,0,1
NA12763	1|1	0,0,1
NA12801	1|1	0,0,1
NA12802	1|1	0,0,1
NA12812	1|1	0,0,1
NA12813	1|1	0,0,1
NA12814	1|1	0,0,1
NA12815	1|0	0,1,0
NA12864	1|1	0,0,1
NA12865	0|1	0,1,0
NA12872	1|1	0,0.00599998,0.994
NA12873	1|1	0,0,1
NA12874	1|0	0.000999987,0.999,0
NA12875	1|1	0,0.013,0.987
NA12878	1|1	0,0,1
NA12891	1|1	0,0.00700003,0.993
NA12892	1|1	0,0,1
NA20502	1|1	0,0,1
NA20504	1|1	7.99991e-06,0.00598398,0.994008
NA20505	1|1	0,0,1
NA20506	0|1	0.00400001,0.996,0
NA20508	1|1	9.99986e-06,0.00697997,0.99301
NA20509	1|1	0,0,1
NA20510	1|1	0,0.038,0.962
NA20512	1|1	0,0.00400001,0.996
NA20515	0|0	0.784,0.216,0
NA20516	1|0	0,0.998,0.002
NA20517	1|0	0,1,0
NA20518	1|0	0.00299402,0.995012,0.001994
NA20519	0|1	0.00199997,0.998,0
NA20520	1|1	0.000116,0.032768,0.967116
NA20521	1|1	0,0.039,0.961
NA20522	0|1	0,1,0
NA20524	1|1	9.99974e-07,0.00199797,0.998001
NA20525	1|1	0,0.00599998,0.994
NA20527	1|0	0,1,0
NA20528	0|1	0.00199997,0.998,0
NA20529	1|1	3.9999e-06,0.00399195,0.996004
NA20530	1|1	0,0.000999987,0.999
NA20531	1|0	0,1,0
NA20534	1|1	2.89996e-05,0.029942,0.970029
NA20535	1|0	0.000998987,0.998002,0.000999
NA20538	0|0	1,0,0
NA20539	1|1	3.60001e-05,0.012928,0.987036
NA20540	1|1	0,0,1
NA20541	0|0	0.998,0.002,0
NA20542	1|1	0,0,1
NA20543	0|1	0.00599998,0.994,0
NA20544	1|0	0.000996987,0.996006,0.002997
NA20581	1|1	7.99991e-06,0.008984,0.991008
NA20582	1|1	0,0,1
NA20585	1|1	0,0.00599998,0.994
NA20586	1|1	0,0.000999987,0.999
NA20588	0|1	0.000999987,0.999,0
NA20589	0|1	0,1,0
NA20752	1|1	9.00013e-06,0.00598204,0.994009
NA20753	0|1	0.000993987,0.993012,0.005994
NA20754	1|1	0,0.000999987,0.999
NA20755	1|1	0,0,1
NA20756	1|1	0,0,1
NA20757	1|1	0,0.017,0.983
NA20758	1|1	4.99993e-06,0.00598998,0.994005
NA20759	1|1	0,0.00300002,0.997
NA20760	1|1	5.49998e-05,0.01589,0.984055
NA20761	1|1	0,0.000999987,0.999
NA20765	1|1	0,0.02,0.98
NA20766	1|0	0,1,0
NA20768	1|1	0,0.059,0.941
NA20769	0|1	0.004995,0.99401,0.000995
NA20770	1|0	0.00599998,0.994,0
NA20771	0|1	0,1,0
NA20772	1|0	0,0.996,0.004
NA20773	0|0	1,0,0
NA20774	0|1	0.00199997,0.998,0
NA20775	1|1	0,0,1
NA20778	1|1	0,0.00199997,0.998
NA20783	1|1	0,0.00300002,0.997
NA20785	1|1	0,0,1
NA20786	0|1	0,0.999,0.001
NA20790	1|1	7.99991e-06,0.00598398,0.994008
NA20792	1|1	0,0.00400001,0.996
NA20795	1|0	0.000996987,0.996006,0.002997
NA20796	1|1	0,0.000999987,0.999
NA20797	1|1	0,0,1
NA20798	1|1	1.19999e-05,0.012976,0.987012
NA20799	1|1	2.99998e-06,0.00399401,0.996003
NA20800	1|0	0,1,0
NA20801	1|1	0,0.00599998,0.994
NA20802	1|1	0,0,1
NA20803	1|1	0,0.00700003,0.993
NA20804	1|1	0,0.00400001,0.996
NA20805	1|1	0,0.000999987,0.999
NA20806	1|1	0,0.00999999,0.99
NA20807	1|1	0,0.00999999,0.99
NA20808	0|1	0.00199597,0.996008,0.001996
NA20809	0|0	1,0,0
NA20810	1|1	0,0.000999987,0.999
NA20811	0|1	0.005,0.995,0
NA20812	1|1	0.00018,0.02664,0.97318
NA20813	1|1	9.99974e-07,0.00199797,0.998001
NA20815	1|1	0,0.02,0.98
NA20818	0|1	0.00199797,0.997004,0.000998
NA20819	1|1	0,0.00199997,0.998
NA20826	1|0	0.011,0.989,0
NA20828	1|0	0.000998987,0.998002,0.000999
NA18526	1|1	0,0.00199997,0.998
NA18532	0|0	1,0,0
NA18537	1|1	7.00002e-05,0.01686,0.98307
NA18542	1|1	0.000472001,0.121056,0.878472
NA18545	1|1	0,0.00800002,0.992
NA18547	1|1	7.70002e-05,0.017846,0.982077
NA18550	1|1	0,0.026,0.974
NA18552	1|1	0,0.014,0.986
NA18555	1|1	0,0,1
NA18558	1|1	1.59998e-05,0.016968,0.983016
NA18561	1|1	0,0.000999987,0.999
NA18562	1|1	0,0.005,0.995
NA18563	1|1	6.99992e-05,0.03686,0.96307
NA18564	1|1	0,0.00199997,0.998
NA18566	1|1	0,0.00199997,0.998
NA18570	0|0	1,0,0
NA18571	1|1	0,0.00999999,0.99
NA18572	1|1	3.99996e-06,0.004992,0.995004
NA18573	1|1	1.19998e-05,0.00797596,0.992012
NA18577	0|0	1,0,0
NA18579	1|1	2.99998e-06,0.00399401,0.996003
NA18582	1|0	0.019,0.981,0
NA18592	0|1	0.00800002,0.992,0
NA18593	0|0	0.999,0.001,0
NA18603	1|1	3.00002e-05,0.01294,0.98703
NA18605	1|1	7.99991e-06,0.00598398,0.994008
NA18608	0|1	0.00400001,0.996,0
NA18609	1|1	1.39999e-05,0.008972,0.991014
NA18611	1|1	2.4e-05,0.00995199,0.990024
NA18612	1|0	0.00300002,0.997,0
NA18620	0|1	0.00800002,0.992,0
NA18621	1|1	0,0.02,0.98
NA18622	1|1	1.99995e-06,0.00299596,0.997002
NA18623	1|1	0.001827,0.104346,0.893827
NA18624	1|1	0,0.00300002,0.997
NA18632	1|1	0,0.00199997,0.998
NA18633	1|1	0.000108,0.020784,0.979108
NA18635	1|1	0,0.00700003,0.993
NA18636	1|1	0,0.009,0.991
NA18637	0|1	0.00199997,0.998,0
NA18940	1|1	0,0,1
NA18942	1|0	0,1,0
NA18943	1|1	0,0,1
NA18944	1|1	0,0.00700003,0.993
NA18945	0|1	0.012,0.988,0
NA18947	1|1	2.10002e-05,0.00995805,0.990021
NA18948	1|1	7.19991e-05,0.037856,0.962072
NA18949	1|1	4.80002e-05,0.015904,0.984048
NA18951	1|1	0,0.014,0.986
NA18952	1|1	0,0.047,0.953
NA18953	1|1	0,0.009,0.991
NA18956	0|1	0.00300002,0.997,0
NA18959	0|1	0,1,0
NA18960	1|1	0,0,1
NA18961	1|1	0,0,1
NA18964	1|1	0.000432003,0.146136,0.853432
NA18965	0|1	0,0.999,0.001
NA18966	1|1	0,0.014,0.986
NA18967	1|0	0.00199997,0.998,0
NA18968	1|1	0,0.018,0.982
NA18969	1|1	0,0.00999999,0.99
NA18970	1|1	0,0,1
NA18971	1|1	0,0,1
NA18972	1|1	0,0,1
NA18973	1|1	0,0.00199997,0.998
NA18974	1|1	0,0.00999999,0.99
NA18975	1|1	0,0.000999987,0.999
NA18976	1|0	0,1,0
NA18978	1|1	0,0,1
NA18980	1|1	0,0.005,0.995
NA18981	1|1	0,0.00700003,0.993
NA18987	1|1	0,0.054,0.946
NA18990	1|1	4.69994e-05,0.047906,0.952047
NA18991	1|1	0,0.00199997,0.998
NA18992	1|1	0,0.009,0.991
NA18994	1|1	4e-05,0.01392,0.98604
NA18995	1|1	0.000198,0.028604,0.971198
NA18997	1|1	0,0.017,0.983
NA18998	0|1	0.00300002,0.997,0
NA18999	1|1	0,0.026,0.974
NA19000	0|1	0,0.998,0.002
NA19003	1|1	0,0.00199997,0.998
NA19005	0|1	0.07896,0.90908,0.01196
NA19007	0|1	0.009,0.991,0
NA19012	0|1	0.00599998,0.994,0
