NA18526	0|1	1	0,1,0
NA18537	1|1	2	0,0,1
NA18550	0|0	0	1,0,0
NA18555	0|1	1	0,1,0
NA18562	0|1	1	0,1,0
NA18563	1|0	1	0,1,0
NA18582	0|0	0	1,0,0
NA18603	1|1	2	0,0,1
NA18606	0|1	1	0,1,0
NA18621	1|1	2	0,0,1
NA18622	1|0	1	0,1,0
NA18628	0|1	1	0,1,0
NA18632	0|0	0	1,0,0
NA18636	0|1	1	0,1,0
NA18647	0|1	1	0,1,0
NA18942	0|1	1	0,1,0
NA18945	0|0	0	1,0,0
NA18947	0|0	0	1,0,0
NA18951	1|0	1	0,1,0
NA18952	1|1	2	0,0,1
NA18953	0|1	1	0,1,0
NA18956	0|0	0	1,0,0
NA18965	0|1	1	0,1,0
NA18970	1|0	1	0,1,0
NA18973	0|1	1	0,1,0
NA18977	0|0	0	1,0,0
NA18987	1|0	1	0,1,0
NA18990	0|0	0	1,0,0
NA18995	0|1	1	0,1,0
NA19003	0|1	1	0,1,0
NA19010	0|1	1	0,1,0
