NA18526	1|0	1	0,1,0
NA18537	0|1	1.33	0,0.67,0.33
NA18550	0|1	1	0,1,0
NA18555	1|0	1	0,1,0
NA18562	1	0	0.01,0.01
NA18563	1	1	0,1
NA18582	0|1	1.01	0,0.99,0.01
NA18603	1	1	0,1
NA18606	1	0	0.01,0
NA18621	1	0.33	0.01,0.34
NA18622	1	0	0.01,0
NA18628	1|1	2	0,0,1
NA18632	1	0	0.01,0
NA18636	1	0.59	0.01,0.59
NA18647	1	0.01	0.01,0.01
NA18942	0|1	1	0,1,0
NA18945	1	1	0,1
NA18947	1|0	1	0,1,0
NA18951	1|0	1.37	0,0.63,0.37
NA18952	1	0	0.01,0
NA18953	1	0.62	0.01,0.62
NA18956	0|1	0.84	0.16,0.84,0
NA18965	1	0	0.01,0
NA18970	1	0	0.01,0
NA18973	1|0	1	0,1,0
NA18977	1	0.97	0.01,0.97
NA18987	1|1	1.99	0,0.01,0.99
NA18990	1	1	0,1
NA18995	1	1	0,1
NA19003	0|0	0	1,0,0
NA19010	1|0	1	0,1,0
