NA18498	0	0	1,0
NA18502	0|0	0	1,0,0
NA18505	0|0	0	1,0,0
NA18507	1	0.64	0.36,0.64
NA18508	0|1	1	0,1,0
NA18517	1|0	0.85	0.15,0.85,0
NA18519	0	0	1,0
NA18867	0|0	0	1,0,0
NA18870	0|1	1	0,1,0
NA18910	0	0	1,0
NA19092	0	0.26	0.74,0.26
NA19098	0	0	1,0
NA19099	0|1	0.98	0.03,0.97,0
NA19102	0|1	1	0,1,0
NA19108	1|0	0.98	0.02,0.98,0
NA19118	0|1	1.01	0,0.99,0.01
NA19119	0	0	1,0
NA19129	1|0	1	0,1,0
NA19130	1	1	0,1
NA19141	0	0	1,0
NA19146	0	0	1,0
NA19150	0	0	1,0
NA19152	1|0	1	0,1,0
NA19160	1	1	0,1
NA19171	0	0	1,0
NA19189	0	0	1,0
NA19204	1|0	0.75	0.25,0.75,0
NA19206	1|1	1.8	0,0.2,0.8
NA19207	1	1	0,1
NA19209	0|0	0.11	0.89,0.11,0
NA19213	0	0.04	0.96,0.04
NA19240	0|1	1.35	0,0.65,0.35
NA11829	0	0	1,0
NA11830	1|1	2	0,0,1
NA11831	1	1	0,1
NA11832	0|1	1	0,1,0
NA11840	0|1	1	0,1,0
NA11881	0	0	1,0
NA11994	1	1	0,1
NA11995	1|0	0.85	0.15,0.85,0
NA12004	0|0	0	1,0,0
NA12005	0	0	1,0
NA12043	0	0	1,0
NA12044	0|0	0.44	0.56,0.44,0
NA12144	0	0	1,0
NA12154	0	0.28	0.72,0.28
NA12155	1	1	0,1
NA12156	0|0	0	1,0,0
NA12234	1|1	1.98	0,0.02,0.98
NA12717	0|0	0	1,0,0
NA12750	1	1	0,1
NA12760	0	0	1,0
NA12762	0	0	1,0
NA12763	0|0	0	1,0,0
NA12812	0	0	1,0
NA12813	0|0	0	1,0,0
NA12814	0	0	1,0
NA12815	0|1	1	0,1,0
NA12872	0	0	1,0
NA12873	1|0	0.56	0.44,0.56,0
NA12874	0	0	1,0
NA12878	1|1	2	0,0,1
NA18526	0|1	1	0,1,0
NA18537	1|0	1.21	0.03,0.73,0.24
NA18550	0|0	0.17	0.83,0.17,0
NA18555	1|1	2	0,0,1
NA18562	0	0.02	0.98,0.02
NA18563	1	1	0,1
NA18582	0|0	0.02	0.98,0.02,0
NA18603	0	0	1,0
NA18606	0	0	1,0
NA18621	0	0.05	0.95,0.05
NA18622	1	0.68	0.32,0.68
NA18628	0|1	1	0,1,0
NA18632	0	0	1,0
NA18636	0	0.09	0.91,0.09
NA18647	0	0	1,0
NA18942	1|0	1	0,1,0
NA18945	1	1	0,1
NA18947	0|0	0.04	0.96,0.04,0
NA18951	1|0	1	0,1,0
NA18952	0	0	1,0
NA18953	1	1	0,1
NA18965	0	0.01	0.99,0.01
NA18970	0	0	1,0
NA18977	1	0.97	0.03,0.97
NA18987	0|1	1.03	0,0.97,0.03
NA18990	0	0	1,0
NA18995	0	0.03	0.97,0.03
NA19003	0|1	1	0,1,0
NA19010	1|1	2	0,0,1
