NA18498	0	0	1,0
NA18502	0|0	0	1,0,0
NA18505	0|0	0	1,0,0
NA18507	1	0.64	0.36,0.64
NA18508	0|1	1	0,1,0
NA18517	1|0	0.85	0.15,0.85,0
NA18519	0	0	1,0
NA18867	0|0	0	1,0,0
NA18870	0|1	1	0,1,0
NA18910	0	0	1,0
NA19092	0	0.26	0.74,0.26
NA19098	0	0	1,0
NA19099	0|1	0.98	0.03,0.97,0
NA19102	0|1	1	0,1,0
NA19108	1|0	0.98	0.02,0.98,0
NA19118	0|1	1.01	0,0.99,0.01
NA19119	0	0	1,0
NA19129	1|0	1	0,1,0
NA19130	1	1	0,1
NA19141	0	0	1,0
NA19146	0	0	1,0
NA19150	0	0	1,0
NA19152	1|0	1	0,1,0
NA19160	1	1	0,1
NA19171	0	0	1,0
NA19189	0	0	1,0
NA19204	1|0	0.75	0.25,0.75,0
NA19206	1|1	1.8	0,0.2,0.8
NA19207	1	1	0,1
NA19209	0|0	0.11	0.89,0.11,0
NA19213	0	0.04	0.96,0.04
NA19240	0|1	1.35	0,0.65,0.35
