NA18498	0|0	0	1,0,0
NA18502	1|1	1.71	0,0.29,0.71
NA18505	1|0	1	0,1,0
NA18507	0|0	0	1,0,0
NA18508	1|1	2	0,0,1
NA18517	1|1	2	0,0,1
NA18519	1|1	2	0,0,1
NA18858	0|1	1	0,1,0
NA18861	0|0	0	1,0,0
NA18867	1|0	1.04	0,0.96,0.04
NA18870	1|0	1	0,1,0
NA18910	1|1	2	0,0,1
NA18912	0|0	0	1,0,0
NA19092	1|1	2	0,0,1
NA19093	0|1	1	0,1,0
NA19098	0|0	0	1,0,0
NA19099	0|1	0.96	0.04,0.96,0
NA19102	0|0	0	1,0,0
NA19108	1|1	2	0,0,1
NA19116	1|0	1	0,1,0
NA19118	1|0	1	0,1,0
NA19119	0|0	0.65	0.45,0.44,0.11
NA19129	1|0	1	0,1,0
NA19130	1|1	2	0,0,1
NA19131	1|1	2	0,0,1
NA19137	1|0	1	0,1,0
NA19138	1|1	2	0,0,1
NA19141	1|1	2	0,0,1
NA19143	1|0	1	0,1,0
NA19144	0|0	0.08	0.92,0.07,0
NA19146	1|1	2	0,0,1
NA19150	1|1	1.96	0,0.04,0.96
NA19152	0|0	0	1,0,0
NA19153	0|0	0	1,0,0
NA19159	1|0	1	0,1,0
NA19160	1|1	2	0,0,1
NA19171	1|1	2	0,0,1
NA19172	1|0	1.05	0,0.95,0.05
NA19189	1|1	2	0,0,1
NA19200	1|1	2	0,0,1
NA19201	1|0	1	0,1,0
NA19204	1|0	0.95	0.05,0.95,0
NA19206	0|1	1	0,1,0
NA19207	0|0	0	1,0,0
NA19209	1|1	1.76	0,0.24,0.76
NA19210	0|0	0	1,0,0
NA19213	1|1	2	0,0,1
NA19222	1|0	1	0,1,0
NA19223	1|1	1.57	0,0.43,0.57
NA19240	0|0	0.08	0.93,0.07,0
