NA11829	0|0	1,0,0
NA11830	1|0	0,1,0
NA11831	0|0	1,0,0
NA11832	0|0	1,0,0
NA11840	0|0	1,0,0
NA11881	0|0	1,0,0
NA11994	0|0	1,0,0
NA11995	0|0	1,0,0
NA12004	0|0	1,0,0
NA12005	1|1	0,0,1
NA12043	0|0	1,0,0
NA12044	0|0	1,0,0
NA12144	0|0	1,0,0
NA12154	0|0	0.998001,0.001998,1e-06
NA12155	0|0	1,0,0
NA12156	0|1	0.005,0.995,0
NA12234	1|0	0,1,0
NA12717	0|0	1,0,0
NA12750	1|1	2.5e-05,0.00994999,0.990025
NA12760	0|0	1,0,0
NA12761	0|0	1,0,0
NA12762	0|0	1,0,0
NA12763	0|0	1,0,0
NA12812	0|0	0.998001,0.001998,1e-06
NA12813	1|0	0.00800002,0.992,0
NA12814	1|1	0.000169,0.025662,0.974169
NA12815	0|1	0.000999987,0.999,0
NA12872	1|1	4.90004e-05,0.0139021,0.986049
NA12873	0|0	0.999,0.001,0
NA12874	1|1	0,0,1
NA12878	0|0	0.998,0.002,0
