NA18526	1|1	2	0,0,1
NA18532	0|0	0	1,0,0
NA18537	1|1	2	0,0,1
NA18547	1|1	2	0,0,1
NA18550	0|0	0	1,0,0
NA18555	1|1	2	0,0,1
NA18561	0|1	1	0,1,0
NA18562	1|1	2	0,0,1
NA18563	0|0	0	1,0,0
NA18566	0|1	1	0,1,0
NA18572	0|0	0.11	0.89,0.11,0
NA18577	0|0	0.01	0.99,0.01,0
NA18582	0|1	1	0,1,0
NA18603	1|0	1.01	0,0.99,0.01
NA18605	0|1	0.71	0.29,0.71,0
NA18606	0|1	1	0,1,0
NA18621	0|1	1	0,1,0
NA18622	1|1	1.57	0,0.43,0.57
NA18628	0|0	0	1,0,0
NA18632	1|0	1.09	0,0.91,0.09
NA18636	0|1	1.29	0,0.71,0.29
NA18647	1|0	1	0,1,0
NA18942	1|1	2	0,0,1
NA18943	0|1	1.02	0,0.98,0.02
NA18945	1|1	2	0,0,1
NA18947	1|1	2	0,0,1
NA18949	1|1	2	0,0,1
NA18951	0|1	1	0,1,0
NA18952	0|0	0.02	0.98,0.02,0
NA18953	0|1	1.45	0,0.55,0.45
NA18956	0|1	1	0,1,0
NA18964	0|0	0.47	0.54,0.45,0.01
NA18965	0|1	1	0,1,0
NA18973	0|0	0	1,0,0
NA18974	1|1	2	0,0,1
NA18977	1|0	1.01	0,0.99,0.01
NA18980	1|1	2	0,0,1
NA18987	1|1	2	0,0,1
NA18990	0|1	1	0,1,0
NA18994	1|1	2	0,0,1
NA18995	1|1	2	0,0,1
NA19000	1|0	1	0,1,0
NA19003	1|1	1.29	0.13,0.46,0.41
NA19010	0|1	1	0,1,0
