NA18498	0|0	1,0,0
NA18502	1|1	0.00366299,0.336674,0.659663
NA18505	1|1	0,0,1
NA18507	0|0	1,0,0
NA18508	1|1	0,0.005,0.995
NA18517	1|1	0,0.000999987,0.999
NA18519	1|1	0,0,1
NA18858	0|0	1,0,0
NA18861	0|0	1,0,0
NA18867	1|1	0,0,1
NA18870	0|1	0,0.999,0.001
NA18910	1|1	0,0,1
NA18912	1|0	0.000998987,0.998002,0.000999
NA19092	1|1	0,0,1
NA19093	0|1	0,1,0
NA19098	0|0	1,0,0
NA19099	0|1	0,1,0
NA19102	0|1	0.00700003,0.993,0
NA19108	1|1	8.99989e-06,0.00998199,0.990009
NA19116	0|0	0.995004,0.004992,4e-06
NA19118	1|0	0,1,0
NA19119	1|1	0.000729001,0.052542,0.946729
NA19129	0|1	0,1,0
NA19130	1|1	0.000144001,0.023712,0.976144
NA19131	1|1	3.99996e-06,0.004992,0.995004
NA19137	1|1	0,0.00199997,0.998
NA19138	0|0	0.815409,0.175182,0.009409
NA19141	1|1	0,0,1
NA19143	1|0	0,1,0
NA19144	0|0	1,0,0
NA19146	1|1	0,0,1
NA19150	1|1	2.5e-05,0.00994999,0.990025
NA19152	0|0	1,0,0
NA19153	1|1	0,0,1
NA19159	0|1	0.00599398,0.993012,0.000994
NA19160	1|1	0,0,1
NA19171	1|1	0,0,1
NA19172	1|0	0,1,0
NA19189	1|1	0,0,1
NA19200	1|1	9.99974e-07,0.00199797,0.998001
NA19201	1|0	0.034,0.966,0
NA19204	0|1	0.261,0.739,0
NA19206	1|1	0,0.000999987,0.999
NA19207	1|1	9.99998e-05,0.0198,0.9801
NA19209	1|1	0,0.000999987,0.999
NA19210	0|0	1,0,0
NA19213	1|1	0,0,1
NA19222	0|0	1,0,0
NA19223	1|1	0,0,1
NA19240	0|0	1,0,0
NA06985	1|0	0.00199997,0.998,0
NA06994	0|0	1,0,0
NA07000	1|0	0.00501599,0.831968,0.163016
NA07048	1|1	1.60001e-05,0.00796802,0.992016
NA07056	0|1	0,1,0
NA07357	1|1	0,0,1
NA10847	0|1	0,1,0
NA10851	0|0	0.9801,0.0198,0.0001
NA11829	0|0	1,0,0
NA11830	1|0	0,1,0
NA11831	0|0	1,0,0
NA11832	0|0	1,0,0
NA11840	0|0	1,0,0
NA11881	0|0	1,0,0
NA11992	1|1	0,0,1
NA11994	1|1	0,0,1
NA11995	0|0	1,0,0
NA12003	0|0	0.954529,0.044942,0.000529
NA12004	1|0	0,0.604,0.396
NA12005	1|1	9.99974e-07,0.00199797,0.998001
NA12006	1|1	0,0.000999987,0.999
NA12043	0|0	1,0,0
NA12044	0|1	0,1,0
NA12144	1|1	9.99974e-07,0.00199797,0.998001
NA12154	0|0	1,0,0
NA12155	0|0	1,0,0
NA12156	0|0	0.99,0.01,0
NA12234	0|1	0,1,0
NA12249	1|0	0.011,0.989,0
NA12716	0|0	1,0,0
NA12717	0|0	0.999,0.001,0
NA12750	1|1	0,0,1
NA12751	0|0	1,0,0
NA12760	0|0	1,0,0
NA12761	1|1	3.60001e-05,0.012928,0.987036
NA12762	0|0	1,0,0
NA12763	0|1	0.193,0.807,0
NA12812	1|1	0,0,1
NA12813	1|0	0.015,0.985,0
NA12814	1|1	0.093636,0.424728,0.481636
NA12815	0|0	1,0,0
NA12872	0|0	1,0,0
NA12873	1|1	0.00105301,0.351894,0.647053
NA12874	1|1	0,0,1
NA12878	1|0	0,1,0
NA20502	1|0	0,1,0
NA20504	0|0	0.999,0.001,0
NA20505	0|1	0,1,0
NA20506	1|1	0,0,1
NA20508	0|0	0.564,0.436,0
NA20509	0|0	1,0,0
NA20510	0|0	1,0,0
NA20512	1|1	0,0,1
NA20515	1|1	0,0,1
NA20516	1|1	6.40003e-05,0.015872,0.984064
NA20517	0|0	0.99,0.01,0
NA20518	0|0	1,0,0
NA20519	1|1	0,0,1
NA20520	0|0	1,0,0
NA20521	1|1	0,0,1
NA20522	1|1	0,0,1
NA20524	1|1	1.60001e-05,0.00796802,0.992016
NA20525	0|0	1,0,0
NA20527	1|1	9.99974e-07,0.00199797,0.998001
NA20528	1|1	3.59998e-05,0.011928,0.988036
NA20529	1|1	0,0.00199997,0.998
NA20530	0|1	0,1,0
NA20531	0|1	0.090234,0.538532,0.371234
NA20534	0|0	1,0,0
NA20535	0|0	1,0,0
NA20538	0|0	1,0,0
NA20539	0|0	1,0,0
NA20540	0|0	1,0,0
NA20541	1|1	1.99995e-06,0.00299596,0.997002
NA20542	0|0	0.516483,0.483034,0.000483
NA20543	0|0	1,0,0
NA20544	0|0	1,0,0
NA20581	0|0	1,0,0
NA20582	0|0	1,0,0
NA20585	1|1	0.001852,0.463296,0.534852
NA20586	0|0	1,0,0
NA20588	0|0	0.998001,0.001998,1e-06
NA20589	1|1	2.39997e-05,0.024952,0.975024
NA20752	0|0	0.3025,0.495,0.2025
NA20753	0|0	1,0,0
NA20754	0|0	0.972196,0.027608,0.000196
NA20755	0|0	1,0,0
NA20756	1|1	0.000396,0.039208,0.960396
NA20757	0|0	1,0,0
NA20758	1|1	0.001156,0.065688,0.933156
NA20759	0|0	1,0,0
NA20760	1|1	0,0.000999987,0.999
NA20761	0|0	1,0,0
NA20765	1|1	9.99998e-05,0.0198,0.9801
NA20766	0|0	0.595,0.405,0
NA20768	0|0	0.999,0.001,0
NA20769	0|0	1,0,0
NA20770	0|0	1,0,0
NA20771	1|0	0.00700003,0.993,0
NA20772	0|0	1,0,0
NA20773	1|1	9.99986e-06,0.01098,0.98901
NA20774	1|0	0,1,0
NA20775	1|1	0,0.014,0.986
NA20778	0|0	1,0,0
NA20783	0|0	1,0,0
NA20785	1|1	9.99974e-07,0.00199797,0.998001
NA20786	0|0	0.978,0.022,0
NA20787	1|1	9.99974e-07,0.00199797,0.998001
NA20790	0|0	1,0,0
NA20792	0|0	0.259081,0.499838,0.241081
NA20795	0|1	0,0.998,0.002
NA20796	1|1	0,0,1
NA20797	0|0	0.828,0.172,0
NA20798	0|0	1,0,0
NA20799	0|1	0.036,0.964,0
NA20800	1|0	0.00300002,0.997,0
NA20801	1|1	0.010609,0.184782,0.804609
NA20802	1|0	0.00599998,0.994,0
NA20803	0|0	0.998001,0.001998,1e-06
NA20804	1|0	0,1,0
NA20805	0|0	1,0,0
NA20806	0|0	1,0,0
NA20807	0|0	1,0,0
NA20808	1|1	0.00074599,0.373508,0.625746
NA20809	0|0	1,0,0
NA20810	0|0	1,0,0
NA20811	0|0	1,0,0
NA20812	0|0	1,0,0
NA20813	0|0	0.811756,0.183488,0.004756
NA20815	0|0	1,0,0
NA20818	1|0	0.124,0.876,0
NA20819	0|0	1,0,0
NA20826	0|0	1,0,0
NA20828	1|0	0.114,0.886,0
NA18526	0|0	0.823,0.177,0
NA18532	0|1	0.00599998,0.994,0
NA18537	0|0	0.999,0.001,0
NA18547	1|0	0.000999987,0.999,0
NA18550	1|0	0.223,0.777,0
NA18555	0|0	1,0,0
NA18561	0|0	1,0,0
NA18562	1|1	1.60001e-05,0.00796802,0.992016
NA18563	0|0	0.996004,0.003992,4e-06
NA18566	0|0	1,0,0
NA18577	0|0	1,0,0
NA18582	1|1	0.000265997,0.134468,0.865266
NA18603	0|0	1,0,0
NA18605	0|0	1,0,0
NA18606	0|0	1,0,0
NA18621	1|1	9.00013e-06,0.00598204,0.994009
NA18622	0|0	1,0,0
NA18628	1|1	2.89996e-05,0.029942,0.970029
NA18632	0|0	1,0,0
NA18636	0|0	1,0,0
NA18647	0|0	1,0,0
NA18942	0|0	1,0,0
NA18943	0|0	1,0,0
NA18945	0|0	1,0,0
NA18947	1|0	0.213,0.787,0
NA18949	0|0	1,0,0
NA18951	1|0	0.014,0.986,0
NA18952	1|1	0,0,1
NA18953	0|0	1,0,0
NA18956	0|0	1,0,0
NA18964	1|0	0.3,0.7,0
NA18965	1|1	0,0,1
NA18970	0|0	0.996004,0.003992,4e-06
NA18973	0|0	1,0,0
NA18974	0|0	1,0,0
NA18977	0|0	1,0,0
NA18980	0|0	1,0,0
NA18987	0|0	1,0,0
NA18990	0|0	1,0,0
NA18994	0|0	1,0,0
NA18995	0|0	1,0,0
NA19000	0|0	1,0,0
NA19003	1|0	0,1,0
NA19010	0|0	1,0,0
