NA18498	0|0	1,0,0
NA18502	1|1	0.00366299,0.336674,0.659663
NA18505	1|1	0,0,1
NA18507	0|0	1,0,0
NA18508	1|1	0,0.005,0.995
NA18517	1|1	0,0.000999987,0.999
NA18519	1|1	0,0,1
NA18858	0|0	1,0,0
NA18861	0|0	1,0,0
NA18867	1|1	0,0,1
NA18870	0|1	0,0.999,0.001
NA18910	1|1	0,0,1
NA18912	1|0	0.000998987,0.998002,0.000999
NA19092	1|1	0,0,1
NA19093	0|1	0,1,0
NA19098	0|0	1,0,0
NA19099	0|1	0,1,0
NA19102	0|1	0.00700003,0.993,0
NA19108	1|1	8.99989e-06,0.00998199,0.990009
NA19116	0|0	0.995004,0.004992,4e-06
NA19118	1|0	0,1,0
NA19119	1|1	0.000729001,0.052542,0.946729
NA19129	0|1	0,1,0
NA19130	1|1	0.000144001,0.023712,0.976144
NA19131	1|1	3.99996e-06,0.004992,0.995004
NA19137	1|1	0,0.00199997,0.998
NA19138	0|0	0.815409,0.175182,0.009409
NA19141	1|1	0,0,1
NA19143	1|0	0,1,0
NA19144	0|0	1,0,0
NA19146	1|1	0,0,1
NA19150	1|1	2.5e-05,0.00994999,0.990025
NA19152	0|0	1,0,0
NA19153	1|1	0,0,1
NA19159	0|1	0.00599398,0.993012,0.000994
NA19160	1|1	0,0,1
NA19171	1|1	0,0,1
NA19172	1|0	0,1,0
NA19189	1|1	0,0,1
NA19200	1|1	9.99974e-07,0.00199797,0.998001
NA19201	1|0	0.034,0.966,0
NA19204	0|1	0.261,0.739,0
NA19206	1|1	0,0.000999987,0.999
NA19207	1|1	9.99998e-05,0.0198,0.9801
NA19209	1|1	0,0.000999987,0.999
NA19210	0|0	1,0,0
NA19213	1|1	0,0,1
NA19222	0|0	1,0,0
NA19223	1|1	0,0,1
NA19240	0|0	1,0,0
