NA18526	0|0	0.823,0.177,0
NA18532	0|1	0.00599998,0.994,0
NA18537	0|0	0.999,0.001,0
NA18547	1|0	0.000999987,0.999,0
NA18550	1|0	0.223,0.777,0
NA18555	0|0	1,0,0
NA18561	0|0	1,0,0
NA18562	1|1	1.60001e-05,0.00796802,0.992016
NA18563	0|0	0.996004,0.003992,4e-06
NA18566	0|0	1,0,0
NA18577	0|0	1,0,0
NA18582	1|1	0.000265997,0.134468,0.865266
NA18603	0|0	1,0,0
NA18605	0|0	1,0,0
NA18606	0|0	1,0,0
NA18621	1|1	9.00013e-06,0.00598204,0.994009
NA18622	0|0	1,0,0
NA18628	1|1	2.89996e-05,0.029942,0.970029
NA18632	0|0	1,0,0
NA18636	0|0	1,0,0
NA18647	0|0	1,0,0
NA18942	0|0	1,0,0
NA18943	0|0	1,0,0
NA18945	0|0	1,0,0
NA18947	1|0	0.213,0.787,0
NA18949	0|0	1,0,0
NA18951	1|0	0.014,0.986,0
NA18952	1|1	0,0,1
NA18953	0|0	1,0,0
NA18956	0|0	1,0,0
NA18964	1|0	0.3,0.7,0
NA18965	1|1	0,0,1
NA18970	0|0	0.996004,0.003992,4e-06
NA18973	0|0	1,0,0
NA18974	0|0	1,0,0
NA18977	0|0	1,0,0
NA18980	0|0	1,0,0
NA18987	0|0	1,0,0
NA18990	0|0	1,0,0
NA18994	0|0	1,0,0
NA18995	0|0	1,0,0
NA19000	0|0	1,0,0
NA19003	1|0	0,1,0
NA19010	0|0	1,0,0
