NA11829	1	1	0,1
NA11830	1|0	1	0,1,0
NA11831	0	0	1,0
NA11832	0|1	1	0,1,0
NA11840	0|0	0	1,0,0
NA11881	0	0.09	0.91,0.09
NA11994	0	0	1,0
NA11995	0|0	0.06	0.94,0.06,0
NA12004	0|1	1.05	0,0.95,0.05
NA12005	1	1	0,1
NA12043	1	1	0,1
NA12044	0|0	0	1,0,0
NA12144	0	0	1,0
NA12154	0	0.28	0.72,0.28
NA12155	1	1	0,1
NA12156	1|1	2	0,0,1
NA12234	0|0	0	1,0,0
NA12717	0|0	0	1,0,0
NA12750	0	0	1,0
NA12760	0	0	1,0
NA12761	0|0	0	1,0,0
NA12762	0	0	1,0
NA12763	0|1	1	0,1,0
NA12812	0	0	1,0
NA12813	0|1	1.03	0,0.97,0.03
NA12814	0	0	1,0
NA12815	0|0	0	1,0,0
NA12872	1	1	0,1
NA12873	1|1	2	0,0,1
NA12874	1	1	0,1
NA12878	0|1	1	0,1,0
