NA18498	0|1	0,1,0
NA18502	0|0	0.998001,0.001998,1e-06
NA18505	0|1	0.00298802,0.993024,0.003988
NA18508	0|0	1,0,0
NA18517	0|0	1,0,0
NA18519	0|1	0.00800002,0.992,0
NA18867	0|0	0.995004,0.004992,4e-06
NA18870	1|0	0.000991987,0.991016,0.007992
NA18910	0|0	1,0,0
NA19092	0|0	1,0,0
NA19098	1|0	0.000999987,0.999,0
NA19099	0|0	0.999,0.001,0
NA19102	0|0	1,0,0
NA19108	0|0	0.999,0.001,0
NA19118	0|1	0.000999987,0.999,0
NA19119	0|1	0,1,0
NA19129	0|0	1,0,0
NA19130	0|0	1,0,0
NA19141	0|0	0.998001,0.001998,1e-06
NA19146	1|0	0,0.999,0.001
NA19150	0|0	0.998,0.002,0
NA19152	0|1	0.000999987,0.999,0
NA19160	0|0	0.999,0.001,0
NA19171	0|0	1,0,0
NA19189	1|0	0,1,0
NA19204	0|1	0,1,0
NA19206	0|1	0,0.999,0.001
NA19207	0|0	0.999,0.001,0
NA19209	0|1	0.00599398,0.993012,0.000994
NA19213	0|0	0.995004,0.004992,4e-06
