NA06985	1|0	1	0,1,0
NA06991	0|1	1	0,1,0
NA06993	1|1	2	0,0,1
NA06994	1|1	1.99	0,0.01,0.99
NA07000	1|1	2	0,0,1
NA07019	1|1	2	0,0,1
NA07022	1|1	1.99	0,0.01,0.99
NA07029	1|1	2	0,0,1
NA07034	1|1	2	0,0,1
NA07048	1|0	1	0,1,0
NA07055	1|0	0.79	0.21,0.79,0
NA07056	1|0	1	0,1,0
NA07345	0|0	0.14	0.86,0.14,0
NA07348	0|0	0	1,0,0
NA07357	1|0	1	0,1,0
NA10830	1|0	1	0,1,0
NA10831	1|1	2	0,0,1
NA10835	0|1	1	0,1,0
NA10838	0|1	1	0,1,0
NA10839	0|1	1	0,1,0
NA10846	1|0	1	0,1,0
NA10847	1|1	2	0,0,1
NA10851	1|0	1	0,1,0
NA10854	0|0	0.09	0.91,0.09,0
NA10855	0|1	1	0,1,0
NA10856	1|1	2	0,0,1
NA10857	1|1	2	0,0,1
NA10859	0|0	0	1,0,0
NA10860	1|1	2	0,0,1
NA10861	1|1	2	0,0,1
NA10863	1|0	1	0,1,0
NA11829	1|1	2	0,0,1
NA11830	1|1	2	0,0,1
NA11831	1|1	2	0,0,1
NA11832	1|0	0.5	0.5,0.5,0
NA11839	1|0	1	0,1,0
NA11840	1|0	0.92	0.08,0.92,0
NA11881	0|1	1	0,1,0
NA11882	1|0	0.97	0.03,0.97,0
NA11992	1|0	1	0,1,0
NA11993	1|1	2	0,0,1
NA11994	1|0	1.03	0,0.97,0.03
NA11995	1|1	2	0,0,1
NA12003	0|1	1	0,1,0
NA12004	0|1	0.73	0.27,0.73,0
NA12005	0|0	0	1,0,0
NA12006	1|1	2	0,0,1
NA12043	1|1	2	0,0,1
NA12044	0|1	1	0,1,0
NA12056	0|1	1	0,1,0
NA12057	0|1	1	0,1,0
NA12144	1|0	1	0,1,0
NA12145	1|1	2	0,0,1
NA12146	1|1	1.99	0,0.01,0.99
NA12154	1|0	1	0,1,0
NA12155	0|1	1.11	0,0.89,0.11
NA12156	1|0	1	0,1,0
NA12234	0|1	1	0,1,0
NA12236	0|1	1.21	0,0.79,0.21
NA12239	0|1	1	0,1,0
NA12248	1|0	1	0,1,0
NA12249	0|1	1	0,1,0
NA12264	1|1	2	0,0,1
NA12707	0|0	0	1,0,0
NA12716	0|0	0.13	0.87,0.13,0
NA12717	0|0	0.01	0.99,0.01,0
NA12740	1|1	2	0,0,1
NA12750	0|1	1.44	0,0.56,0.44
NA12751	1|1	2	0,0,1
NA12752	1|1	2	0,0,1
NA12753	1|0	1	0,1,0
NA12760	0|1	1	0,1,0
NA12761	1|1	1.94	0,0.06,0.94
NA12762	1|1	2	0,0,1
NA12763	1|0	1	0,1,0
NA12801	0|0	0	1,0,0
NA12802	1|1	2	0,0,1
NA12812	1|0	1	0,1,0
NA12813	0|0	0	1,0,0
NA12814	1|1	2	0,0,1
NA12815	1|0	0.99	0.01,0.99,0
NA12864	1|1	2	0,0,1
NA12865	1|0	1	0,1,0
NA12872	1|1	2	0,0,1
NA12873	1|1	1.98	0,0.02,0.98
NA12874	1|0	1	0,1,0
NA12875	1|1	2	0,0,1
NA12878	1|1	2	0,0,1
NA12891	1|1	2	0,0,1
NA12892	1|0	1	0,1,0
NA20502	1|0	1	0,1,0
NA20504	1|0	1.37	0,0.63,0.37
NA20505	1|0	1	0,1,0
NA20506	1|1	1.96	0,0.04,0.96
NA20508	1|1	1.93	0,0.07,0.93
NA20509	0|1	0.99	0.01,0.99,0
NA20510	1|0	1	0,1,0
NA20512	0|0	0.17	0.83,0.17,0
NA20515	1|0	0.99	0.01,0.99,0
NA20516	0|1	1.02	0,0.98,0.02
NA20517	0|1	1.43	0.01,0.56,0.43
NA20518	1|1	1.99	0,0.01,0.99
NA20519	0|0	0.01	0.99,0.01,0
NA20520	0|1	1	0,1,0
NA20521	1|0	0.97	0.06,0.92,0.03
NA20522	1|1	2	0,0,1
NA20524	1|1	1.99	0,0.01,0.99
NA20525	1|1	2	0,0,1
NA20527	0|1	0.92	0.25,0.58,0.17
NA20528	1|0	1.31	0.05,0.6,0.36
NA20529	0|1	1	0,1,0
NA20530	0|0	0.01	0.99,0.01,0
NA20531	1|1	2	0,0,1
NA20534	1|0	0.89	0.11,0.89,0
NA20535	0|1	1	0,1,0
NA20538	1|1	2	0,0,1
NA20539	0|1	1.01	0,0.99,0.01
NA20540	1|1	2	0,0,1
NA20541	1|0	1	0,1,0
NA20542	1|0	0.95	0.05,0.95,0
NA20543	1|1	1.99	0,0.01,0.99
NA20544	0|1	1	0,1,0
NA20581	0|0	0.13	0.87,0.13,0
NA20582	0|1	1	0,1,0
NA20585	1|0	1.02	0,0.98,0.02
NA20586	1|0	0.99	0.01,0.99,0
NA20588	1|1	1.72	0.01,0.27,0.73
NA20589	0|1	1.06	0,0.94,0.06
NA20752	1|1	2	0,0,1
NA20753	1|1	1.36	0.1,0.44,0.46
NA20754	0|1	0.99	0.01,0.99,0
NA20755	0|1	1	0,1,0
NA20756	0|0	0	1,0,0
NA20757	0|1	1	0,1,0
NA20758	1|1	2	0,0,1
NA20759	1|0	0.56	0.44,0.56,0
NA20760	0|1	1	0,1,0
NA20761	1|0	1	0,1,0
NA20765	1|0	1	0,1,0
NA20766	0|1	0.97	0.04,0.95,0.01
NA20768	1|0	1.16	0.03,0.79,0.19
NA20769	0|1	1	0,1,0
NA20770	0|1	1	0,1,0
NA20771	1|1	1.92	0,0.08,0.92
NA20772	1|0	1	0,1,0
NA20773	1|1	1.76	0,0.24,0.76
NA20774	1|1	2	0,0,1
NA20775	1|0	0.84	0.16,0.84,0
NA20778	0|0	0.03	0.97,0.03,0
NA20783	1|1	1.86	0,0.14,0.86
NA20785	1|1	2	0,0,1
NA20786	0|1	1	0,1,0
NA20787	1|1	2	0,0,1
NA20790	1|1	1.58	0,0.42,0.58
NA20792	0|0	0.01	0.99,0.01,0
NA20795	1|1	2	0,0,1
NA20796	0|1	1	0,1,0
NA20797	1|0	1	0,1,0
NA20798	1|0	1.07	0.1,0.72,0.17
NA20799	1|0	1	0,1,0
NA20800	1|1	1.82	0,0.18,0.82
NA20801	1|1	1.8	0,0.2,0.8
NA20802	1|1	2	0,0,1
NA20803	1|0	1	0,1,0
NA20804	1|1	1.85	0,0.15,0.85
NA20805	0|1	1	0,1,0
NA20806	1|1	2	0,0,1
NA20807	1|1	1.95	0,0.05,0.95
NA20808	1|1	2	0,0,1
NA20809	0|0	0	1,0,0
NA20810	0|1	1	0,1,0
NA20811	0|0	0	1,0,0
NA20812	1|1	1.96	0,0.04,0.96
NA20813	1|1	1.57	0,0.43,0.57
NA20815	1|1	2	0,0,1
NA20818	1|0	0.92	0.25,0.59,0.17
NA20819	0|0	0	1,0,0
NA20826	0|1	1	0,1,0
NA20828	1|1	2	0,0,1
