NA18526	0|1	0.53	0.47,0.53,0
NA18532	1|1	2	0,0,1
NA18537	0|0	0	1,0,0
NA18547	0|0	0	1,0,0
NA18550	0|1	1	0,1,0
NA18555	0|0	0	1,0,0
NA18562	0|0	0.37	0.63,0.37,0
NA18563	1|0	1	0,1,0
NA18566	1|1	2	0,0,1
NA18572	0|1	1.03	0,0.97,0.03
NA18582	1|1	2	0,0,1
NA18603	0|1	1.22	0,0.78,0.22
NA18605	0|0	0	1,0,0
NA18606	1|1	2	0,0,1
NA18621	1|0	0.94	0.06,0.94,0
NA18622	0|0	0	1,0,0
NA18628	1|1	2	0,0,1
NA18632	0|1	1	0,1,0
NA18636	1|1	1.99	0,0.01,0.99
NA18647	0|0	0	1,0,0
NA18942	0|1	0.84	0.16,0.84,0
NA18943	0|1	1.08	0,0.92,0.08
NA18945	0|0	0	1,0,0
NA18947	0|1	1	0,1,0
NA18949	0|0	0	1,0,0
NA18951	0|0	0	1,0,0
NA18952	1|0	1	0,1,0
NA18953	0|0	0	1,0,0
NA18956	0|0	0	1,0,0
NA18964	0|0	0	1,0,0
NA18965	0|0	0	1,0,0
NA18970	0|0	0	1,0,0
NA18973	1|0	0.99	0.01,0.99,0
NA18974	0|0	0	1,0,0
NA18977	0|0	0	1,0,0
NA18987	0|0	0	1,0,0
NA18990	0|0	0	1,0,0
NA18994	0|0	0	1,0,0
NA18995	0|0	0.04	0.96,0.04,0
NA19000	0|0	0	1,0,0
NA19003	1|0	1	0,1,0
NA19010	1|0	0.99	0.01,0.99,0
