NA18526	1|1	2	0,0,1
NA18532	1|0	0.8	0.2,0.8,0
NA18537	1|1	1.99	0,0.01,0.99
NA18542	1|1	2	0,0,1
NA18545	1|1	2	0,0,1
NA18547	1|1	1.8	0,0.2,0.8
NA18550	1|1	1.84	0,0.16,0.84
NA18552	0|1	1	0,1,0
NA18555	0|1	1	0,1,0
NA18558	1|1	2	0,0,1
NA18561	1|0	0.79	0.25,0.71,0.04
NA18562	1|0	1.22	0,0.78,0.22
NA18563	0|0	0	1,0,0
NA18564	1|1	2	0,0,1
NA18566	1|0	0.72	0.28,0.72,0
NA18570	1|1	2	0,0,1
NA18571	1|1	2	0,0,1
NA18572	1|1	2	0,0,1
NA18573	1|1	2	0,0,1
NA18577	1|1	2	0,0,1
NA18579	0|1	1	0,1,0
NA18582	0|0	0	1,0,0
NA18592	1|1	2	0,0,1
NA18593	1|1	2	0,0,1
NA18603	1|0	1.4	0,0.6,0.4
NA18605	1|1	2	0,0,1
NA18608	1|1	2	0,0,1
NA18609	1|1	2	0,0,1
NA18611	1|1	2	0,0,1
NA18612	1|1	2	0,0,1
NA18620	0|0	0	1,0,0
NA18621	0|0	0.66	0.45,0.45,0.1
NA18622	1|1	2	0,0,1
NA18623	1|1	2	0,0,1
NA18624	1|1	2	0,0,1
NA18632	1|1	1.74	0,0.26,0.74
NA18633	0|0	0	1,0,0
NA18635	1|1	2	0,0,1
NA18636	1|1	2	0,0,1
NA18637	1|1	2	0,0,1
NA18940	0|0	0.12	0.88,0.12,0
NA18942	1|1	2	0,0,1
NA18943	1|1	1.79	0.01,0.19,0.8
NA18944	1|1	2	0,0,1
NA18945	0|0	0	1,0,0
NA18947	1|0	1.13	0,0.87,0.13
NA18948	1|1	2	0,0,1
NA18949	0|0	0.05	0.95,0.05,0
NA18951	1|0	1.14	0,0.86,0.14
NA18952	0|0	0.29	0.73,0.26,0.02
NA18953	0|0	0	1,0,0
NA18956	1|1	2	0,0,1
NA18959	1|1	2	0,0,1
NA18960	0|0	0	1,0,0
NA18961	1|1	2	0,0,1
NA18964	1|1	2	0,0,1
NA18965	1|1	2	0,0,1
NA18966	0|0	0	1,0,0
NA18967	1|1	2	0,0,1
NA18968	1|0	1	0,1,0
NA18969	1|1	1.92	0,0.08,0.92
NA18970	1|1	1.87	0,0.13,0.87
NA18971	1|1	2	0,0,1
NA18972	0|1	1.01	0,0.99,0.01
NA18973	1|1	2	0,0,1
NA18974	1|1	2	0,0,1
NA18975	1|0	1	0,1,0
NA18976	0|1	0.98	0.02,0.98,0
NA18978	1|0	1	0,1,0
NA18980	1|1	2	0,0,1
NA18981	0|1	1	0,1,0
NA18987	1|1	1.37	0.1,0.43,0.47
NA18990	1|1	1.98	0,0.02,0.98
NA18991	0|1	0.85	0.15,0.85,0
NA18992	0|1	1	0,1,0
NA18994	0|0	0	1,0,0
NA18995	1|1	2	0,0,1
NA18997	0|1	1	0,1,0
NA18998	1|1	2	0,0,1
NA18999	1|1	2	0,0,1
NA19000	1|0	1.01	0,0.99,0.01
NA19003	1|0	1	0,1,0
NA19005	1|1	2	0,0,1
NA19007	0|0	0.03	0.97,0.03,0
NA19012	1|1	2	0,0,1
