NA11829	0|0	1,0,0
NA11830	0|0	0.495087,0.417826,0.087087
NA11831	1|0	0,1,0
NA11832	0|1	0.49,0.51,0
NA11840	1|0	0.000999987,0.999,0
NA11881	1|1	0.001564,0.105872,0.892564
NA11994	0|0	0.999,0.001,0
NA11995	1|0	0,0.787,0.213
NA12004	0|0	0.694,0.306,0
NA12005	0|0	1,0,0
NA12043	0|1	0,1,0
NA12044	0|0	1,0,0
NA12144	0|0	0.998,0.002,0
NA12154	0|0	0.863,0.137,0
NA12155	0|1	0.091,0.909,0
NA12156	1|0	0,0.999,0.001
NA12234	1|0	0.00400001,0.996,0
NA12717	0|1	0,1,0
NA12750	0|1	0,0.999,0.001
NA12760	1|0	0.061362,0.914276,0.024362
NA12762	0|0	1,0,0
NA12763	0|0	0.961,0.039,0
NA12812	0|0	0.997,0.003,0
NA12813	0|1	0.197208,0.799584,0.003208
NA12814	1|0	0,1,0
NA12815	0|0	0.998,0.002,0
NA12872	1|0	0.066,0.934,0
NA12873	0|1	0.00934999,0.9263,0.06435
NA12874	1|1	0,0.00199997,0.998
NA12878	0|0	0.997,0.003,0
