NA18498	0|0	0	1,0,0
NA18502	1|0	1.17	0,0.83,0.17
NA18505	1|1	2	0,0,1
NA18507	0|0	0	1,0,0
NA18508	1|1	2	0,0,1
NA18517	1|0	1	0,1,0
NA18519	1|1	2	0,0,1
NA18858	1|0	1	0,1,0
NA18861	0|0	0	1,0,0
NA18867	1|1	2	0,0,1
NA18870	0|1	1	0,1,0
NA18910	1|1	2	0,0,1
NA18912	1|0	1	0,1,0
NA19092	1|1	2	0,0,1
NA19093	0|1	1	0,1,0
NA19098	0|0	0	1,0,0
NA19099	0|1	1	0,1,0
NA19102	0|1	1	0,1,0
NA19108	1|1	2	0,0,1
NA19116	0|0	0	1,0,0
NA19118	1|0	1	0,1,0
NA19119	1|1	2	0,0,1
NA19129	0|1	1	0,1,0
NA19130	1|1	2	0,0,1
NA19131	1|1	2	0,0,1
NA19137	1|0	1	0,1,0
NA19138	0|0	0	1,0,0
NA19141	1|1	2	0,0,1
NA19143	1|0	1	0,1,0
NA19144	0|0	0.72	0.41,0.46,0.13
NA19146	1|1	2	0,0,1
NA19150	1|1	2	0,0,1
NA19152	0|0	0	1,0,0
NA19153	1|1	2	0,0,1
NA19159	0|1	1	0,1,0
NA19160	1|1	2	0,0,1
NA19171	1|1	2	0,0,1
NA19172	1|0	1.5	0,0.5,0.5
NA19189	1|1	2	0,0,1
NA19200	1|1	2	0,0,1
NA19201	1|0	1	0,1,0
NA19204	0|0	0	1,0,0
NA19206	1|1	2	0,0,1
NA19207	0|0	0	1,0,0
NA19209	1|1	1.99	0,0.01,0.99
NA19210	0|1	0.99	0.01,0.99,0
NA19213	1|1	2	0,0,1
NA19222	1|0	1	0,1,0
NA19223	1|1	2	0,0,1
NA19240	1|1	1.99	0,0.01,0.99
