NA11829	0|0	1,0,0
NA11830	0|0	1,0,0
NA11831	0|0	1,0,0
NA11832	0|0	1,0,0
NA11840	0|0	1,0,0
NA11881	0|0	1,0,0
NA11994	0|0	1,0,0
NA11995	0|0	1,0,0
NA12004	0|0	1,0,0
NA12005	0|0	1,0,0
NA12043	0|0	1,0,0
NA12044	0|0	1,0,0
NA12144	0|0	1,0,0
NA12154	0|0	1,0,0
NA12155	0|1	0.00599998,0.994,0
NA12156	0|0	1,0,0
NA12234	0|0	1,0,0
NA12717	0|0	1,0,0
NA12750	0|0	1,0,0
NA12760	0|0	1,0,0
NA12761	0|0	1,0,0
NA12762	0|0	1,0,0
NA12763	0|0	1,0,0
NA12812	0|0	1,0,0
NA12813	0|0	1,0,0
NA12814	0|0	0.999,0.001,0
NA12815	0|1	0,1,0
NA12872	0|0	1,0,0
NA12873	0|1	0.000999987,0.999,0
NA12874	1|0	0.00199997,0.998,0
NA12878	0|0	1,0,0
