NA18498	1	0	0.01,0
NA18500	1	0	0.01,0
NA18501	1	0	0.01,0
NA18502	1|1	2	0,0,1
NA18503	1	0	0.01,0
NA18504	1	0	0.01,0
NA18505	1|1	2	0,0,1
NA18506	1	0	0.01,0
NA18507	1	0	0.01,0
NA18508	1|1	2	0,0,1
NA18515	1	0	0.01,0
NA18516	1	0	0.01,0
NA18517	1|1	2	0,0,1
NA18519	1	0	0.01,0
NA18521	1	0	0.01,0
NA18522	1	0	0.01,0
NA18523	1|1	2	0,0,1
NA18852	1|1	2	0,0,1
NA18853	1	0	0.01,0
NA18854	1	0	0.01,0
NA18855	0|1	1.48	0,0.52,0.48
NA18856	1	0	0.01,0
NA18857	1	0	0.01,0
NA18858	1|1	2	0,0,1
NA18859	1	0.5	0.01,0.51
NA18860	1	0	0.01,0
NA18861	1|1	2	0,0,1
NA18862	1	0	0.01,0
NA18863	1	1	0,1
NA18867	1|1	2	0,0,1
NA18870	1|1	2	0,0,1
NA18871	1	0	0.01,0
NA18872	1	0	0.01,0
NA18910	1	0	0.01,0
NA18912	1|1	2	0,0,1
NA18913	1	0	0.01,0
NA18914	1	0	0.01,0
NA19027	1	0	0.01,0
NA19028	1	1	0,1
NA19031	1	0	0.01,0
NA19035	1	1	0,1
NA19036	1|0	1	0,1,0
NA19038	1|1	2	0,0,1
NA19041	1	0	0.01,0
NA19092	1	0	0.01,0
NA19093	1|1	2	0,0,1
NA19094	1|1	2	0,0,1
NA19098	1	1	0,1
NA19099	1|1	2	0,0,1
NA19100	0|1	1	0,1,0
NA19101	1	0	0.01,0
NA19102	1|1	2	0,0,1
NA19103	1	0	0.01,0
NA19108	1|1	2	0,0,1
NA19116	1|1	2	0,0,1
NA19118	1|1	2	0,0,1
NA19119	1	0	0.01,0
NA19120	1	0	0.01,0
NA19127	0|1	1	0,1,0
NA19128	1	1	0,1
NA19129	1|0	1	0,1,0
NA19130	1	0	0.01,0
NA19131	0|1	1	0,1,0
NA19132	1|1	2	0,0,1
NA19137	1|1	2	0,0,1
NA19138	1	0	0.01,0
NA19139	1	0	0.01,0
NA19140	0|0	0.13	0.87,0.13,0
NA19141	1	0	0.01,0
NA19142	1	1	0,1
NA19143	1|1	2	0,0,1
NA19144	1	0	0.01,0
NA19145	1	0	0.01,0
NA19146	1	0	0.01,0
NA19150	1	0	0.01,0
NA19152	1|1	2	0,0,1
NA19153	1	0	0.01,0
NA19154	1	0	0.01,0
NA19159	1|1	2	0,0,1
NA19160	1	0.99	0,1
NA19161	1	0	0.01,0
NA19171	1	0	0.01,0
NA19172	1|1	2	0,0,1
NA19173	1	0	0.01,0
NA19189	1	0	0.01,0
NA19200	1	0	0.01,0
NA19201	1|1	2	0,0,1
NA19202	1|1	2	0,0,1
NA19203	1	0	0.01,0
NA19204	1|1	2	0,0,1
NA19205	1	0	0.01,0
NA19206	1|1	2	0,0,1
NA19207	1	0	0.01,0
NA19208	1	0	0.01,0
NA19209	1|1	2	0,0,1
NA19210	1	0	0.01,0
NA19211	1	0	0.01,0
NA19213	1	0	0.01,0
NA19221	1|1	2	0,0,1
NA19222	1|1	2	0,0,1
NA19223	1	0	0.01,0
NA19238	1|1	2	0,0,1
NA19239	1	0	0.01,0
NA19240	1|1	2	0,0,1
NA19307	1	0	0.01,0
NA19308	1	0	0.01,0
NA19309	1	0	0.01,0
NA19310	1|1	1.99	0,0.01,0.99
NA19314	1|1	2	0,0,1
NA19315	1|1	2	0,0,1
NA19316	1|1	2	0,0,1
NA19317	1	1	0,1
NA19319	1	0	0.01,0
NA19321	1|1	2	0,0,1
NA19324	1|1	2	0,0,1
NA19327	1|1	1.99	0,0.01,0.99
NA19328	1|1	2	0,0,1
NA19332	1|1	2	0,0,1
NA19334	1	0	0.01,0
NA19346	1	0	0.01,0
NA19347	1	0	0.01,0
NA19350	1	0	0.01,0
NA19360	1	0	0.01,0
NA19372	1	0	0.01,0
NA19374	1	0	0.01,0
NA19375	1	0	0.01,0
NA19376	1	0	0.01,0
NA19377	1|1	2	0,0,1
NA19379	1|1	2	0,0,1
NA19380	1	0	0.01,0
NA19384	1	0	0.01,0
NA19385	1	0	0.01,0
NA19390	1|1	1.61	0,0.39,0.61
NA19391	1|1	2	0,0,1
NA19393	1	0	0.01,0
NA19394	1	0	0.01,0
NA19397	1	0	0.01,0
NA19399	1|1	2	0,0,1
NA19403	1|1	2	0,0,1
NA19404	1|1	1.84	0,0.16,0.84
NA19428	1	0	0.01,0
NA19429	1	1	0,1
NA19430	1	0	0.01,0
NA19431	1|1	2	0,0,1
NA19434	1|1	2	0,0,1
NA19435	1|1	2	0,0,1
NA19436	1|1	2	0,0,1
NA19437	1|1	2	0,0,1
NA19438	0|1	1.21	0,0.79,0.21
NA19439	1|1	2	0,0,1
NA19440	1|1	2	0,0,1
NA19443	1	0	0.01,0
NA19445	0|1	1	0,1,0
NA19446	1|1	2	0,0,1
NA19448	1	0	0.01,0
NA19449	1|1	2	0,0,1
NA19451	1	0	0.01,0
NA19452	1	0.47	0.01,0.48
NA19455	1	0	0.01,0
NA19456	1|1	2	0,0,1
NA19457	1|1	2	0,0,1
NA19462	1|1	2	0,0,1
NA19463	1|1	2	0,0,1
NA19466	1	0	0.01,0
NA19467	1|1	2	0,0,1
NA19468	1|1	2	0,0,1
NA19471	1|1	2	0,0,1
NA19472	1|1	2	0,0,1
NA19473	1|1	2	0,0,1
NA19474	1|1	2	0,0,1
NA06985	1|1	2	0,0,1
NA06991	1|1	2	0,0,1
NA06993	1	0	0.01,0
NA06994	1	0	0.01,0
NA07000	1|1	2	0,0,1
NA07019	1|1	2	0,0,1
NA07022	1	0	0.01,0
NA07029	1	0	0.01,0
NA07034	1	0	0.01,0
NA07048	1	0	0.01,0
NA07055	1|1	2	0,0,1
NA07056	1|1	2	0,0,1
NA07345	1|1	2	0,0,1
NA07348	1|1	2	0,0,1
NA07357	1	0	0.01,0
NA10830	1	0	0.01,0
NA10831	1|1	2	0,0,1
NA10835	1	0	0.01,0
NA10838	1	0	0.01,0
NA10839	1|1	2	0,0,1
NA10846	1	0	0.01,0
NA10847	1|1	2	0,0,1
NA10851	1	0	0.01,0
NA10854	1|1	2	0,0,1
NA10855	1|1	2	0,0,1
NA10856	1	0	0.01,0
NA10857	1	0	0.01,0
NA10859	1|1	2	0,0,1
NA10860	1	0	0.01,0
NA10861	1|1	2	0,0,1
NA10863	1|1	2	0,0,1
NA11829	1	0	0.01,0
NA11830	1|1	2	0,0,1
NA11831	1	0	0.01,0
NA11832	1|1	2	0,0,1
NA11839	1	0	0.01,0
NA11840	1|1	2	0,0,1
NA11881	1	0	0.01,0
NA11882	1|1	2	0,0,1
NA11992	1	0	0.01,0
NA11993	1|1	2	0,0,1
NA11994	1	0	0.01,0
NA11995	1|1	2	0,0,1
NA12003	1	0	0.01,0
NA12004	1|1	2	0,0,1
NA12005	1	0	0.01,0
NA12006	0|1	1	0,1,0
NA12043	1	0	0.01,0
NA12044	1|1	2	0,0,1
NA12056	1	0	0.01,0
NA12057	1|1	2	0,0,1
NA12144	1	0	0.01,0
NA12145	1|1	2	0,0,1
NA12146	1	0	0.01,0
NA12154	1	0	0.01,0
NA12155	1	0	0.01,0
NA12156	1|1	2	0,0,1
NA12234	1|1	2	0,0,1
NA12236	1|1	2	0,0,1
NA12239	1|1	2	0,0,1
NA12248	1	0	0.01,0
NA12249	1|1	2	0,0,1
NA12264	1	0	0.01,0
NA12707	1	0	0.01,0
NA12716	1	0	0.01,0
NA12717	1|1	2	0,0,1
NA12740	1|1	2	0,0,1
NA12750	1	0	0.01,0
NA12751	1|1	2	0,0,1
NA12752	1	0	0.01,0
NA12753	1|1	2	0,0,1
NA12760	1	0	0.01,0
NA12761	1|1	2	0,0,1
NA12762	1	0	0.01,0
NA12763	1|1	2	0,0,1
NA12801	1	0	0.01,0
NA12802	1|1	2	0,0,1
NA12812	1	0	0.01,0
NA12813	1|1	2	0,0,1
NA12814	1	0	0.01,0
NA12815	1|1	2	0,0,1
NA12864	1	0	0.01,0
NA12865	1|1	2	0,0,1
NA12872	1	0	0.01,0
NA12873	1|1	2	0,0,1
NA12874	1	0	0.01,0
NA12875	1|1	2	0,0,1
NA12878	1|1	2	0,0,1
NA12891	1	0	0.01,0
NA12892	1|1	2	0,0,1
NA20502	0|1	1	0,1,0
NA20504	1|1	2	0,0,1
NA20505	1|1	2	0,0,1
NA20506	1|1	2	0,0,1
NA20508	1|1	2	0,0,1
NA20509	1	0	0.01,0
NA20510	1	0	0.01,0
NA20512	1	0	0.01,0
NA20515	1	0	0.01,0
NA20516	1	0	0.01,0
NA20517	1|1	2	0,0,1
NA20518	1	0	0.01,0
NA20519	1	0	0.01,0
NA20520	1	0	0.01,0
NA20521	1	0	0.01,0
NA20522	1|1	2	0,0,1
NA20524	1	0	0.01,0
NA20525	1	0	0.01,0
NA20527	1	0	0.01,0
NA20528	1	0	0.01,0
NA20529	1|1	2	0,0,1
NA20530	1|1	2	0,0,1
NA20531	1|1	2	0,0,1
NA20534	1	0	0.01,0
NA20535	1|1	2	0,0,1
NA20538	1	0	0.01,0
NA20539	1	0	0.01,0
NA20540	1|1	2	0,0,1
NA20541	1|1	2	0,0,1
NA20542	1|1	2	0,0,1
NA20543	1	0	0.01,0
NA20544	1	0	0.01,0
NA20581	1	0	0.01,0
NA20582	1|1	2	0,0,1
NA20585	1|1	2	0,0,1
NA20586	1	0	0.01,0
NA20588	1	0	0.01,0
NA20589	1|1	2	0,0,1
NA20752	1	0	0.01,0
NA20753	1|1	2	0,0,1
NA20754	1	0	0.01,0
NA20755	1	0	0.01,0
NA20756	1|1	2	0,0,1
NA20757	1|1	2	0,0,1
NA20758	1	0	0.01,0
NA20759	1	0	0.01,0
NA20760	1|1	2	0,0,1
NA20761	1|1	2	0,0,1
NA20765	1	0	0.01,0
NA20766	1|1	2	0,0,1
NA20768	1|1	2	0,0,1
NA20769	1|1	2	0,0,1
NA20770	1	0	0.01,0
NA20771	1|1	2	0,0,1
NA20772	1|1	2	0,0,1
NA20773	1|1	2	0,0,1
NA20774	1|1	2	0,0,1
NA20778	1	0	0.01,0
NA20783	1	0	0.01,0
NA20785	1	0	0.01,0
NA20786	1|1	2	0,0,1
NA20787	1	0	0.01,0
NA20790	1|1	2	0,0,1
NA20792	1	0	0.01,0
NA20795	1|1	2	0,0,1
NA20796	1	0	0.01,0
NA20797	1|1	2	0,0,1
NA20798	1	0	0.01,0
NA20799	1|1	2	0,0,1
NA20800	1|1	2	0,0,1
NA20801	1	0	0.01,0
NA20802	1|1	2	0,0,1
NA20803	1	0	0.01,0
NA20804	1|1	2	0,0,1
NA20805	1	0	0.01,0
NA20806	1	0	0.01,0
NA20807	1|1	2	0,0,1
NA20808	1|1	2	0,0,1
NA20809	1	0	0.01,0
NA20810	1	0	0.01,0
NA20811	1	0	0.01,0
NA20812	1	0	0.01,0
NA20813	1|1	2	0,0,1
NA20815	1	0	0.01,0
NA20818	1|1	2	0,0,1
NA20819	1|1	2	0,0,1
NA20826	1|1	2	0,0,1
NA20828	1|1	2	0,0,1
NA18526	1|1	2	0,0,1
NA18532	1|1	2	0,0,1
NA18537	1|1	2	0,0,1
NA18542	1|1	2	0,0,1
NA18545	1|1	2	0,0,1
NA18547	1|1	2	0,0,1
NA18550	1|1	2	0,0,1
NA18552	1|1	2	0,0,1
NA18555	1|1	2	0,0,1
NA18558	1	0	0.01,0
NA18561	1	0	0.01,0
NA18562	1	0	0.01,0
NA18563	1	0	0.01,0
NA18564	1|1	2	0,0,1
NA18566	1|1	2	0,0,1
NA18570	1|1	2	0,0,1
NA18571	1|1	2	0,0,1
NA18572	1	0	0.01,0
NA18573	1|1	2	0,0,1
NA18577	1|1	2	0,0,1
NA18579	1|1	2	0,0,1
NA18582	1|1	2	0,0,1
NA18592	1|1	2	0,0,1
NA18593	1|1	2	0,0,1
NA18603	1	0	0.01,0
NA18605	1	0	0.01,0
NA18608	1	0	0.01,0
NA18609	1	0	0.01,0
NA18611	1	0	0.01,0
NA18612	1	0	0.01,0
NA18620	1	0	0.01,0
NA18621	1	0	0.01,0
NA18622	1	0	0.01,0
NA18623	1	0	0.01,0
NA18624	1	0	0.01,0
NA18632	1	0	0.01,0
NA18633	1	0	0.01,0
NA18635	1	0	0.01,0
NA18636	1	0	0.01,0
NA18637	1	0	0.01,0
NA18940	1	0	0.01,0
NA18942	1|1	2	0,0,1
NA18943	1	0	0.01,0
NA18944	1	0	0.01,0
NA18945	1	0	0.01,0
NA18947	1|1	2	0,0,1
NA18948	1	0	0.01,0
NA18949	1|1	2	0,0,1
NA18951	1|1	2	0,0,1
NA18952	1	0	0.01,0
NA18953	1	0	0.01,0
NA18956	1|1	2	0,0,1
NA18959	1	0	0.01,0
NA18960	1	0	0.01,0
NA18961	1	0	0.01,0
NA18964	1|1	2	0,0,1
NA18965	1	0	0.01,0
NA18966	1	0	0.01,0
NA18967	1	0	0.01,0
NA18968	1|1	2	0,0,1
NA18969	1|1	2	0,0,1
NA18970	1	0	0.01,0
NA18971	1	0	0.01,0
NA18972	1|1	2	0,0,1
NA18973	1|1	2	0,0,1
NA18974	1	0	0.01,0
NA18975	1|1	2	0,0,1
NA18976	1|1	2	0,0,1
NA18978	1|1	2	0,0,1
NA18980	1|1	2	0,0,1
NA18981	1|1	2	0,0,1
NA18987	1|1	2	0,0,1
NA18990	1	0	0.01,0
NA18991	1|1	2	0,0,1
NA18992	1|1	2	0,0,1
NA18994	1	0	0.01,0
NA18995	1	0	0.01,0
NA18997	1|1	2	0,0,1
NA18998	1|1	2	0,0,1
NA18999	1|1	2	0,0,1
NA19000	1	0	0.01,0
NA19003	1|1	2	0,0,1
NA19005	1	0	0.01,0
NA19007	1	0	0.01,0
NA19012	1	0	0.01,0
