NA11829	0|0	0	1,0,0
NA11831	0|1	0.95	0.05,0.95,0
NA11832	1|1	1.9	0,0.1,0.9
NA11840	1|1	1.99	0,0.01,0.99
NA11881	1|0	1	0,1,0
NA11994	0|1	0.87	0.13,0.87,0
NA11995	1|1	2	0,0,1
NA12004	1|1	1.99	0,0.01,0.99
NA12005	0|0	0	1,0,0
NA12043	0|1	1.02	0,0.98,0.02
NA12044	1|0	1.24	0.01,0.74,0.25
NA12144	0|0	0	1,0,0
NA12154	0|0	0	1,0,0
NA12155	1|1	2	0,0,1
NA12156	1|0	1	0,1,0
NA12234	0|1	1.39	0.01,0.59,0.4
NA12717	0|1	1.04	0.04,0.89,0.07
NA12750	1|1	1.89	0,0.11,0.89
NA12760	1|0	1	0,1,0
NA12761	0|1	0.97	0.03,0.97,0
NA12762	0|1	1	0,1,0
NA12763	0|0	0	1,0,0
NA12812	0|1	1.02	0,0.98,0.02
NA12813	0|0	0.27	0.73,0.27,0
NA12814	0|0	0	1,0,0
NA12815	1|1	1.97	0,0.03,0.97
NA12872	0|1	0.65	0.35,0.65,0
NA12873	1|0	1	0,1,0
NA12874	1|1	1.72	0.01,0.26,0.73
NA12878	1|0	1	0,1,0
