NA06985	1|0	0.000999987,0.999,0
NA06991	0|1	0,1,0
NA06993	1|1	0,0.00199997,0.998
NA06994	1|1	0,0.015,0.985
NA07000	1|0	0.022,0.978,0
NA07019	1|1	0,0,1
NA07022	1|1	0,0.00199997,0.998
NA07029	1|0	0,1,0
NA07034	1|1	9.99974e-07,0.00199797,0.998001
NA07048	1|0	0,1,0
NA07055	1|0	0.287,0.713,0
NA07056	0|1	0.012,0.988,0
NA07345	0|0	1,0,0
NA07348	0|0	1,0,0
NA07357	0|1	0.000999987,0.999,0
NA10830	0|1	0,0.998,0.002
NA10831	1|1	0,0.00199997,0.998
NA10835	0|1	0,1,0
NA10838	1|0	0,1,0
NA10839	1|0	0.00400001,0.996,0
NA10846	0|1	0,1,0
NA10847	1|1	0,0,1
NA10851	1|0	0,1,0
NA10854	1|0	0.00599998,0.994,0
NA10855	0|1	0,1,0
NA10856	1|1	0,0,1
NA10857	1|1	0,0,1
NA10859	0|0	1,0,0
NA10860	1|1	0,0.00199997,0.998
NA10861	1|1	0,0,1
NA10863	0|1	0.00300002,0.997,0
NA11829	1|1	0,0.00599998,0.994
NA11830	1|1	0,0.151,0.849
NA11831	1|1	0.000339996,0.34032,0.65934
NA11832	1|0	0.023,0.977,0
NA11839	0|1	0.009,0.991,0
NA11840	1|1	0.025152,0.272696,0.702152
NA11881	0|1	0,1,0
NA11882	0|1	0,1,0
NA11992	1|0	0,1,0
NA11993	1|1	0,0.00400001,0.996
NA11994	1|0	0,1,0
NA11995	1|1	0,0.00199997,0.998
NA12003	1|0	0,1,0
NA12004	0|0	1,0,0
NA12005	0|0	0.993,0.007,0
NA12006	1|1	0,0.000999987,0.999
NA12043	1|1	0,0,1
NA12044	0|1	0,1,0
NA12056	0|1	0,1,0
NA12057	0|1	0,0.999,0.001
NA12144	0|1	0.00199997,0.998,0
NA12145	1|1	0,0.000999987,0.999
NA12146	1|1	0,0.00300002,0.997
NA12154	0|1	0.00299702,0.996006,0.000997
NA12155	0|1	0,1,0
NA12156	1|0	0.00199997,0.998,0
NA12234	1|0	0,1,0
NA12236	0|1	0.000730991,0.730538,0.268731
NA12239	1|0	0.00300002,0.997,0
NA12248	0|1	0,1,0
NA12249	0|1	0.015,0.985,0
NA12264	1|1	5.39993e-05,0.028892,0.971054
NA12707	0|0	0.999,0.001,0
NA12716	0|1	0.000999987,0.999,0
NA12717	0|0	0.689,0.311,0
NA12740	0|1	0,0.809,0.191
NA12750	1|1	0.000183998,0.093632,0.906184
NA12751	1|1	0,0.000999987,0.999
NA12752	1|1	0,0,1
NA12753	1|0	0,1,0
NA12760	1|0	0,1,0
NA12761	1|1	0,0.029,0.971
NA12762	1|1	0,0,1
NA12763	0|1	0.00300002,0.997,0
NA12801	0|0	1,0,0
NA12802	1|1	0,0.005,0.995
NA12812	0|1	0.00300002,0.997,0
NA12813	0|0	1,0,0
NA12814	1|1	0.000342002,0.116316,0.883342
NA12815	1|0	0,1,0
NA12864	1|1	0,0,1
NA12865	0|1	0,1,0
NA12872	1|1	1.19998e-05,0.00797596,0.992012
NA12873	1|1	0,0.204,0.796
NA12874	0|1	0,1,0
NA12875	1|1	0,0.00700003,0.993
NA12878	1|1	0,0,1
NA12891	1|1	0,0.00300002,0.997
NA12892	1|0	0,1,0
NA20502	1|0	0.000999987,0.999,0
NA20504	1|0	0.000999987,0.999,0
NA20505	1|0	0.015,0.985,0
NA20506	1|1	7.20005e-05,0.026856,0.973072
NA20508	1|1	0,0.00300002,0.997
NA20509	0|1	0.005,0.995,0
NA20510	0|1	0.018,0.982,0
NA20512	0|0	0.989018,0.010964,1.8e-05
NA20515	0|1	0,1,0
NA20516	1|0	0.054615,0.93877,0.006615
NA20517	0|0	0.905774,0.093452,0.000774
NA20518	1|1	0,0.00300002,0.997
NA20519	0|0	0.943,0.057,0
NA20520	0|0	0.997,0.003,0
NA20521	1|1	0,0.075,0.925
NA20522	1|1	0.002376,0.100248,0.897376
NA20524	1|1	0,0.00599998,0.994
NA20525	1|1	9.99974e-07,0.00199797,0.998001
NA20527	0|1	0,0.999,0.001
NA20528	0|1	0,1,0
NA20529	0|1	0.00300002,0.997,0
NA20530	0|0	1,0,0
NA20531	1|1	0,0,1
NA20534	1|0	0,1,0
NA20535	0|1	0.00299402,0.995012,0.001994
NA20538	0|1	0,0.999,0.001
NA20539	0|0	0.998,0.002,0
NA20540	1|1	3.30002e-05,0.013934,0.986033
NA20541	1|1	0,0,1
NA20542	1|0	0.031,0.969,0
NA20543	1|1	0,0.00599998,0.994
NA20544	1|1	0,0.015,0.985
NA20581	1|0	0.005,0.995,0
NA20582	1|0	0,0.999,0.001
NA20585	1|0	0.043,0.957,0
NA20586	0|1	0.148,0.852,0
NA20588	0|1	0.013823,0.596354,0.389823
NA20589	1|0	0.011988,0.987024,0.000988
NA20752	1|1	0,0.011,0.989
NA20753	0|0	0.97804,0.02192,4e-05
NA20754	0|0	0.769442,0.228116,0.002442
NA20755	0|0	0.925,0.075,0
NA20756	0|0	1,0,0
NA20757	1|0	0,0.997,0.003
NA20758	1|1	7.99991e-06,0.00598398,0.994008
NA20759	1|0	0.111,0.889,0
NA20760	1|0	0.00400001,0.996,0
NA20761	1|0	0,1,0
NA20765	0|1	0.00199997,0.998,0
NA20766	1|0	0.000989987,0.98902,0.00999
NA20768	1|0	0,0.882,0.118
NA20769	1|0	0.118,0.882,0
NA20770	1|0	0.00300002,0.997,0
NA20771	1|1	0,0.465,0.535
NA20772	0|1	0.00300002,0.997,0
NA20773	1|1	0,0.017,0.983
NA20774	1|1	0.000283996,0.284432,0.715284
NA20775	0|0	0.509978,0.489044,0.000978
NA20778	1|0	0.429,0.571,0
NA20783	1|1	0.000125,0.02975,0.970125
NA20785	1|1	0,0,1
NA20786	1|0	0.046,0.954,0
NA20787	1|1	4.99993e-06,0.00598998,0.994005
NA20790	1|1	0,0.016,0.984
NA20792	0|0	1,0,0
NA20795	1|1	0.000135,0.03173,0.968135
NA20796	0|1	0,1,0
NA20797	1|0	0.000999987,0.999,0
NA20798	1|1	0,0.005,0.995
NA20799	0|1	0.000999987,0.999,0
NA20800	1|0	0,0.753,0.247
NA20801	1|0	0.00599998,0.994,0
NA20802	1|1	5.99991e-06,0.00698797,0.993006
NA20803	0|1	0,1,0
NA20804	1|1	0,0.000999987,0.999
NA20805	1|0	0.00199997,0.998,0
NA20806	1|1	0,0.00700003,0.993
NA20807	1|1	0.000106999,0.107786,0.892107
NA20808	1|1	0,0,1
NA20809	0|0	1,0,0
NA20810	0|1	0,0.999,0.001
NA20811	0|0	1,0,0
NA20812	1|0	0,0.995,0.005
NA20813	1|1	0,0.00400001,0.996
NA20815	1|1	0,0.00300002,0.997
NA20818	1|1	0,0.00199997,0.998
NA20819	0|0	1,0,0
NA20826	1|0	0.000999987,0.999,0
NA20828	1|1	0,0,1
