NA18498	1|1	2	0,0,1
NA18500	1|1	2	0,0,1
NA18501	1|1	2	0,0,1
NA18502	1|1	2	0,0,1
NA18503	1|1	2	0,0,1
NA18504	1|1	2	0,0,1
NA18505	1|1	2	0,0,1
NA18506	1|0	1	0,1,0
NA18507	1|1	2	0,0,1
NA18508	0|1	1	0,1,0
NA18515	1|1	2	0,0,1
NA18516	1|1	2	0,0,1
NA18517	0|1	1	0,1,0
NA18519	1|1	2	0,0,1
NA18521	0|1	1	0,1,0
NA18522	1|0	1	0,1,0
NA18523	1|1	2	0,0,1
NA18852	0|1	1	0,1,0
NA18853	1|1	2	0,0,1
NA18854	1|1	2	0,0,1
NA18855	1|1	2	0,0,1
NA18856	0|1	1	0,1,0
NA18857	1|0	1	0,1,0
NA18858	1|1	2	0,0,1
NA18859	1|0	1	0,1,0
NA18860	1|0	1	0,1,0
NA18861	1|1	2	0,0,1
NA18862	1|1	2	0,0,1
NA18863	1|1	2	0,0,1
NA18867	0|0	0	1,0,0
NA18870	1|1	2	0,0,1
NA18871	0|1	1	0,1,0
NA18872	0|1	1	0,1,0
NA18910	1|1	2	0,0,1
NA18912	1|1	2	0,0,1
NA18913	0|1	1	0,1,0
NA18914	0|1	1	0,1,0
NA19027	1|1	2	0,0,1
NA19028	1|1	2	0,0,1
NA19031	1|1	2	0,0,1
NA19035	1|1	2	0,0,1
NA19036	1|1	2	0,0,1
NA19038	1|1	2	0,0,1
NA19041	1|1	2	0,0,1
NA19092	1|1	2	0,0,1
NA19093	1|1	2	0,0,1
NA19094	1|1	2	0,0,1
NA19098	1|1	2	0,0,1
NA19099	1|1	2	0,0,1
NA19100	1|1	2	0,0,1
NA19101	1|1	2	0,0,1
NA19102	0|1	1	0,1,0
NA19103	1|1	2	0,0,1
NA19108	1|1	1.99	0,0.01,0.99
NA19116	1|1	2	0,0,1
NA19118	0|1	1	0,1,0
NA19119	1|1	2	0,0,1
NA19120	1|1	2	0,0,1
NA19127	1|1	2	0,0,1
NA19128	1|1	2	0,0,1
NA19129	1|1	2	0,0,1
NA19130	1|1	2	0,0,1
NA19131	1|1	2	0,0,1
NA19132	1|1	2	0,0,1
NA19137	1|1	2	0,0,1
NA19138	1|1	2	0,0,1
NA19139	1|1	2	0,0,1
NA19140	1|1	2	0,0,1
NA19141	1|1	2	0,0,1
NA19142	1|1	2	0,0,1
NA19143	1|1	2	0,0,1
NA19144	1|1	2	0,0,1
NA19145	1|1	2	0,0,1
NA19146	1|0	1	0,1,0
NA19150	1|1	2	0,0,1
NA19152	1|0	1	0,1,0
NA19153	1|1	2	0,0,1
NA19154	0|1	1	0,1,0
NA19159	1|1	2	0,0,1
NA19160	1|1	2	0,0,1
NA19161	1|1	2	0,0,1
NA19171	0|1	1	0,1,0
NA19172	1|1	2	0,0,1
NA19173	1|1	2	0,0,1
NA19189	1|1	2	0,0,1
NA19200	1|1	2	0,0,1
NA19201	1|1	2	0,0,1
NA19202	1|1	2	0,0,1
NA19203	1|1	2	0,0,1
NA19204	1|1	2	0,0,1
NA19205	1|1	2	0,0,1
NA19206	1|0	1	0,1,0
NA19207	1|1	2	0,0,1
NA19208	1|1	2	0,0,1
NA19209	1|0	1.24	0,0.76,0.24
NA19210	1|1	2	0,0,1
NA19211	1|1	2	0,0,1
NA19213	0|1	1	0,1,0
NA19221	1|1	2	0,0,1
NA19222	1|1	2	0,0,1
NA19223	1|1	2	0,0,1
NA19238	1|1	2	0,0,1
NA19239	1|1	2	0,0,1
NA19240	1|1	2	0,0,1
NA19307	1|1	2	0,0,1
NA19308	1|1	2	0,0,1
NA19309	1|1	2	0,0,1
NA19310	1|0	1.16	0,0.84,0.16
NA19314	1|1	2	0,0,1
NA19315	1|0	1	0,1,0
NA19316	0|1	1	0,1,0
NA19317	1|1	2	0,0,1
NA19319	0|1	1	0,1,0
NA19321	1|1	2	0,0,1
NA19324	1|1	1.98	0,0.02,0.98
NA19327	0|1	1	0,1,0
NA19328	1|1	2	0,0,1
NA19332	0|1	0.66	0.34,0.66,0
NA19334	1|1	2	0,0,1
NA19346	1|1	2	0,0,1
NA19347	1|1	2	0,0,1
NA19350	1|1	2	0,0,1
NA19360	0|1	1	0,1,0
NA19372	1|1	2	0,0,1
NA19374	1|1	2	0,0,1
NA19375	0|1	1	0,1,0
NA19376	1|1	2	0,0,1
NA19377	1|1	2	0,0,1
NA19379	1|1	2	0,0,1
NA19380	1|1	1.84	0,0.16,0.84
NA19384	1|1	2	0,0,1
NA19385	1|1	2	0,0,1
NA19390	1|0	1	0,1,0
NA19391	0|1	1	0,1,0
NA19393	0|0	0	1,0,0
NA19394	1|1	2	0,0,1
NA19397	1|1	2	0,0,1
NA19399	1|1	2	0,0,1
NA19403	1|1	2	0,0,1
NA19404	1|1	2	0,0,1
NA19428	1|1	2	0,0,1
NA19429	1|0	1	0,1,0
NA19430	1|0	1	0,1,0
NA19431	1|1	2	0,0,1
NA19434	1|1	2	0,0,1
NA19435	1|1	2	0,0,1
NA19436	1|1	2	0,0,1
NA19437	1|1	2	0,0,1
NA19438	0|1	1	0,1,0
NA19439	1|1	2	0,0,1
NA19440	1|1	2	0,0,1
NA19443	1|1	2	0,0,1
NA19445	1|1	2	0,0,1
NA19446	0|0	0	1,0,0
NA19448	1|0	1	0,1,0
NA19449	1|1	2	0,0,1
NA19451	1|0	1	0,1,0
NA19452	1|1	1.96	0,0.04,0.96
NA19455	1|1	2	0,0,1
NA19456	1|1	2	0,0,1
NA19457	1|1	2	0,0,1
NA19462	1|0	1	0,1,0
NA19463	1|1	2	0,0,1
NA19466	1|1	2	0,0,1
NA19467	1|1	2	0,0,1
NA19468	1|1	2	0,0,1
NA19471	1|0	1	0,1,0
NA19472	1|1	2	0,0,1
NA19473	1|1	2	0,0,1
NA19474	1|1	2	0,0,1
NA06985	1|0	1	0,1,0
NA06991	1|0	1	0,1,0
NA06993	0|0	0	1,0,0
NA06994	1|0	1	0,1,0
NA07000	1|1	2	0,0,1
NA07019	0|0	0	1,0,0
NA07022	0|0	0	1,0,0
NA07029	1|1	2	0,0,1
NA07034	0|0	0	1,0,0
NA07048	0|0	0	1,0,0
NA07055	0|0	0	1,0,0
NA07056	1|0	1	0,1,0
NA07345	1|1	2	0,0,1
NA07348	1|1	2	0,0,1
NA07357	0|1	1	0,1,0
NA10830	1|0	1	0,1,0
NA10831	0|0	0	1,0,0
NA10835	0|0	0	1,0,0
NA10838	0|0	0	1,0,0
NA10839	1|0	1	0,1,0
NA10846	1|1	2	0,0,1
NA10847	1|0	1	0,1,0
NA10851	0|0	0	1,0,0
NA10854	0|1	1	0,1,0
NA10855	0|1	1	0,1,0
NA10856	1|1	2	0,0,1
NA10857	1|0	1	0,1,0
NA10859	1|0	1	0,1,0
NA10860	0|1	1	0,1,0
NA10861	0|1	1	0,1,0
NA10863	0|0	0	1,0,0
NA11829	1|1	2	0,0,1
NA11830	1|1	2	0,0,1
NA11831	1|1	2	0,0,1
NA11832	0|1	1	0,1,0
NA11839	0|1	1	0,1,0
NA11840	0|0	0	1,0,0
NA11881	0|1	1	0,1,0
NA11882	1|0	1	0,1,0
NA11992	1|0	1	0,1,0
NA11993	0|1	1	0,1,0
NA11994	0|0	0	1,0,0
NA11995	1|0	1	0,1,0
NA12003	1|0	1	0,1,0
NA12004	0|0	0	1,0,0
NA12005	1|0	1	0,1,0
NA12006	0|0	0	1,0,0
NA12043	0|1	1	0,1,0
NA12044	0|0	0.07	0.93,0.07,0
NA12056	0|0	0	1,0,0
NA12057	1|0	1	0,1,0
NA12144	0|1	1	0,1,0
NA12145	0|1	1	0,1,0
NA12146	1|1	2	0,0,1
NA12154	1|0	1	0,1,0
NA12155	1|0	1	0,1,0
NA12156	1|0	1	0,1,0
NA12234	0|0	0	1,0,0
NA12236	0|1	1	0,1,0
NA12239	0|0	0	1,0,0
NA12248	0|0	0	1,0,0
NA12249	0|0	0	1,0,0
NA12264	0|0	0	1,0,0
NA12707	1|0	1	0,1,0
NA12716	0|1	1	0,1,0
NA12717	0|0	0	1,0,0
NA12740	1|0	1	0,1,0
NA12750	0|1	1	0,1,0
NA12751	1|1	2	0,0,1
NA12752	1|0	1	0,1,0
NA12753	0|0	0	1,0,0
NA12760	1|1	2	0,0,1
NA12761	1|0	1	0,1,0
NA12762	0|0	0	1,0,0
NA12763	1|0	1	0,1,0
NA12801	0|0	0	1,0,0
NA12802	1|0	1	0,1,0
NA12812	0|0	0	1,0,0
NA12813	0|0	0	1,0,0
NA12814	1|1	2	0,0,1
NA12815	0|0	0	1,0,0
NA12864	1|1	2	0,0,1
NA12865	0|0	0	1,0,0
NA12872	1|0	1	0,1,0
NA12873	1|1	2	0,0,1
NA12874	0|0	0	1,0,0
NA12875	0|0	0	1,0,0
NA12878	0|0	0	1,0,0
NA12891	0|0	0	1,0,0
NA12892	0|0	0	1,0,0
NA20502	1|0	1	0,1,0
NA20504	1|1	2	0,0,1
NA20505	1|0	1	0,1,0
NA20506	0|0	0.34	0.66,0.34,0
NA20508	1|1	2	0,0,1
NA20509	0|0	0	1,0,0
NA20510	0|1	1	0,1,0
NA20512	0|0	0	1,0,0
NA20515	1|1	2	0,0,1
NA20516	0|0	0	1,0,0
NA20517	1|0	1	0,1,0
NA20518	0|0	0	1,0,0
NA20519	0|1	1	0,1,0
NA20520	0|0	0	1,0,0
NA20521	0|0	0	1,0,0
NA20522	1|0	1	0,1,0
NA20524	1|1	2	0,0,1
NA20525	1|0	1	0,1,0
NA20527	0|1	1	0,1,0
NA20528	0|1	1	0,1,0
NA20529	0|1	1	0,1,0
NA20530	1|1	2	0,0,1
NA20531	1|0	1	0,1,0
NA20534	0|0	0	1,0,0
NA20535	1|0	1	0,1,0
NA20538	1|0	1	0,1,0
NA20539	1|1	2	0,0,1
NA20540	0|1	1	0,1,0
NA20541	0|1	1	0,1,0
NA20542	0|0	0	1,0,0
NA20543	1|1	2	0,0,1
NA20544	1|0	1	0,1,0
NA20581	0|0	0	1,0,0
NA20582	0|0	0.07	0.93,0.07,0
NA20585	0|0	0	1,0,0
NA20586	1|0	1	0,1,0
NA20588	0|0	0	1,0,0
NA20589	0|1	1	0,1,0
NA20752	1|1	2	0,0,1
NA20753	0|0	0	1,0,0
NA20754	0|0	0	1,0,0
NA20755	0|0	0	1,0,0
NA20756	1|0	1	0,1,0
NA20757	1|1	2	0,0,1
NA20758	1|0	1	0,1,0
NA20759	0|0	0	1,0,0
NA20760	0|0	0	1,0,0
NA20761	1|0	1	0,1,0
NA20765	0|1	1	0,1,0
NA20766	0|0	0	1,0,0
NA20768	1|1	2	0,0,1
NA20769	1|1	2	0,0,1
NA20770	0|1	1	0,1,0
NA20771	1|1	2	0,0,1
NA20772	0|0	0	1,0,0
NA20773	1|0	1	0,1,0
NA20774	0|0	0	1,0,0
NA20778	1|1	2	0,0,1
NA20783	0|0	0	1,0,0
NA20785	0|0	0	1,0,0
NA20786	0|1	1	0,1,0
NA20787	0|1	1	0,1,0
NA20790	0|0	0	1,0,0
NA20792	1|1	2	0,0,1
NA20795	0|0	0	1,0,0
NA20796	0|1	1	0,1,0
NA20797	0|1	1	0,1,0
NA20798	1|0	1	0,1,0
NA20799	1|0	0.97	0.03,0.97,0
NA20800	0|0	0	1,0,0
NA20801	0|1	1	0,1,0
NA20802	0|1	1	0,1,0
NA20803	1|0	1	0,1,0
NA20804	1|0	1	0,1,0
NA20805	0|0	0	1,0,0
NA20806	0|0	0	1,0,0
NA20807	0|0	0	1,0,0
NA20808	1|1	2	0,0,1
NA20809	1|1	2	0,0,1
NA20810	1|0	1	0,1,0
NA20811	1|1	2	0,0,1
NA20812	1|1	2	0,0,1
NA20813	1|1	2	0,0,1
NA20815	1|1	2	0,0,1
NA20818	1|0	1	0,1,0
NA20819	0|1	1	0,1,0
NA20826	0|1	1	0,1,0
NA20828	1|0	1	0,1,0
NA18526	1|1	2	0,0,1
NA18532	1|1	2	0,0,1
NA18537	1|1	2	0,0,1
NA18542	1|1	2	0,0,1
NA18545	1|1	2	0,0,1
NA18547	1|1	2	0,0,1
NA18550	1|1	2	0,0,1
NA18552	1|1	2	0,0,1
NA18555	1|1	2	0,0,1
NA18558	1|1	2	0,0,1
NA18561	1|1	2	0,0,1
NA18562	1|1	2	0,0,1
NA18563	1|1	2	0,0,1
NA18564	1|1	2	0,0,1
NA18566	1|1	2	0,0,1
NA18570	1|1	1.99	0,0.01,0.99
NA18571	1|1	2	0,0,1
NA18572	1|1	2	0,0,1
NA18573	1|1	2	0,0,1
NA18577	1|1	2	0,0,1
NA18579	1|1	2	0,0,1
NA18582	1|1	2	0,0,1
NA18592	1|1	2	0,0,1
NA18593	1|1	2	0,0,1
NA18603	1|1	2	0,0,1
NA18605	1|1	2	0,0,1
NA18608	1|1	2	0,0,1
NA18609	1|1	2	0,0,1
NA18611	1|1	2	0,0,1
NA18612	1|1	2	0,0,1
NA18620	1|1	2	0,0,1
NA18621	1|1	2	0,0,1
NA18622	1|1	2	0,0,1
NA18623	1|1	2	0,0,1
NA18624	1|1	2	0,0,1
NA18632	1|1	2	0,0,1
NA18633	1|1	2	0,0,1
NA18635	1|1	2	0,0,1
NA18636	1|0	1	0,1,0
NA18637	1|1	2	0,0,1
NA18940	1|1	2	0,0,1
NA18942	1|1	2	0,0,1
NA18943	1|1	2	0,0,1
NA18944	1|1	2	0,0,1
NA18945	1|1	2	0,0,1
NA18947	1|1	2	0,0,1
NA18948	1|1	2	0,0,1
NA18949	1|1	2	0,0,1
NA18951	1|1	2	0,0,1
NA18952	1|1	2	0,0,1
NA18953	1|1	2	0,0,1
NA18956	1|1	2	0,0,1
NA18959	1|1	2	0,0,1
NA18960	1|1	2	0,0,1
NA18961	1|1	2	0,0,1
NA18964	1|1	2	0,0,1
NA18965	1|1	2	0,0,1
NA18966	1|1	2	0,0,1
NA18967	1|1	2	0,0,1
NA18968	1|1	2	0,0,1
NA18969	1|1	2	0,0,1
NA18970	0|1	1	0,1,0
NA18971	1|1	2	0,0,1
NA18972	1|1	2	0,0,1
NA18973	1|1	2	0,0,1
NA18974	1|1	2	0,0,1
NA18975	1|1	2	0,0,1
NA18976	1|1	2	0,0,1
NA18978	0|1	1	0,1,0
NA18980	1|1	2	0,0,1
NA18981	1|1	2	0,0,1
NA18987	1|1	2	0,0,1
NA18990	1|1	2	0,0,1
NA18991	1|1	2	0,0,1
NA18992	1|0	1	0,1,0
NA18994	1|1	2	0,0,1
NA18995	1|1	2	0,0,1
NA18997	1|1	2	0,0,1
NA18998	1|1	2	0,0,1
NA18999	1|1	2	0,0,1
NA19000	1|1	2	0,0,1
NA19003	1|1	2	0,0,1
NA19005	1|1	2	0,0,1
NA19007	1|1	2	0,0,1
NA19012	1|1	2	0,0,1
