NA18498	0|0	0	1,0,0
NA18502	0|0	0	1,0,0
NA18505	0|1	1	0,1,0
NA18507	1|0	1	0,1,0
NA18508	0|0	0	1,0,0
NA18517	0|0	0	1,0,0
NA18519	0|0	0	1,0,0
NA18867	0|0	0.33	0.67,0.33,0
NA18870	0|0	0	1,0,0
NA18910	1|0	1	0,1,0
NA19092	0|0	0	1,0,0
NA19098	0|0	0	1,0,0
NA19099	0|0	0	1,0,0
NA19102	0|0	0	1,0,0
NA19108	0|0	0	1,0,0
NA19118	0|0	0	1,0,0
NA19119	1|0	1	0,1,0
NA19129	1|0	0.98	0.02,0.98,0
NA19130	0|0	0	1,0,0
NA19141	0|0	0	1,0,0
NA19146	0|0	0	1,0,0
NA19150	0|0	0	1,0,0
NA19152	1|0	0.97	0.03,0.97,0
NA19160	0|0	0	1,0,0
NA19171	0|0	0	1,0,0
NA19189	0|0	0.25	0.75,0.25,0
NA19204	0|0	0	1,0,0
NA19206	0|0	0	1,0,0
NA19207	0|0	0	1,0,0
NA19209	0|0	0	1,0,0
NA19213	0|0	0	1,0,0
NA19240	0|0	0	1,0,0
