NA18498	0|0	0.998,0.002,0
NA18500	0|0	1,0,0
NA18501	0|0	1,0,0
NA18502	0|0	1,0,0
NA18503	1|0	0,1,0
NA18504	0|1	0,1,0
NA18505	0|0	1,0,0
NA18506	0|0	1,0,0
NA18507	0|0	0.999,0.001,0
NA18508	0|0	1,0,0
NA18515	0|0	1,0,0
NA18516	0|0	1,0,0
NA18517	0|0	1,0,0
NA18519	0|0	1,0,0
NA18521	0|0	1,0,0
NA18522	0|0	1,0,0
NA18523	0|0	1,0,0
NA18852	0|0	1,0,0
NA18853	0|0	1,0,0
NA18854	0|0	1,0,0
NA18855	0|0	1,0,0
NA18856	0|0	1,0,0
NA18857	0|0	1,0,0
NA18858	0|0	1,0,0
NA18859	0|1	0,1,0
NA18860	0|0	1,0,0
NA18861	0|1	0.009,0.991,0
NA18862	0|0	1,0,0
NA18863	0|0	1,0,0
NA18867	0|0	1,0,0
NA18870	0|1	0,1,0
NA18871	0|0	1,0,0
NA18872	0|1	0,1,0
NA18910	0|0	1,0,0
NA18912	0|0	1,0,0
NA18913	0|0	1,0,0
NA18914	0|0	1,0,0
NA19092	0|0	1,0,0
NA19093	0|0	0.999,0.001,0
NA19094	0|0	1,0,0
NA19098	0|0	1,0,0
NA19099	0|0	1,0,0
NA19100	0|0	1,0,0
NA19101	0|0	1,0,0
NA19102	0|0	1,0,0
NA19103	0|0	1,0,0
NA19108	0|0	1,0,0
NA19116	0|0	1,0,0
NA19118	0|0	1,0,0
NA19119	0|0	1,0,0
NA19120	0|0	1,0,0
NA19127	0|1	0,1,0
NA19128	0|0	1,0,0
NA19129	0|0	1,0,0
NA19130	0|0	1,0,0
NA19131	0|0	1,0,0
NA19132	0|0	1,0,0
NA19137	0|0	1,0,0
NA19138	1|0	0,1,0
NA19139	1|0	0,1,0
NA19140	0|0	1,0,0
NA19141	0|0	1,0,0
NA19142	0|0	1,0,0
NA19143	0|0	1,0,0
NA19144	0|0	1,0,0
NA19145	0|0	1,0,0
NA19146	0|0	0.998,0.002,0
NA19150	1|1	0,0,1
NA19152	0|0	1,0,0
NA19153	1|0	0,1,0
NA19154	0|1	0,1,0
NA19159	0|0	1,0,0
NA19160	0|0	1,0,0
NA19161	0|0	1,0,0
NA19171	0|1	0.00300002,0.997,0
NA19172	0|1	0,1,0
NA19173	0|1	0,1,0
NA19189	0|0	1,0,0
NA19200	0|0	1,0,0
NA19201	0|0	1,0,0
NA19202	0|0	1,0,0
NA19203	1|0	0,1,0
NA19204	0|0	1,0,0
NA19205	0|0	1,0,0
NA19206	0|0	1,0,0
NA19207	0|0	1,0,0
NA19208	0|0	1,0,0
NA19209	0|0	1,0,0
NA19210	0|0	1,0,0
NA19211	0|0	1,0,0
NA19213	0|0	1,0,0
NA19221	0|0	1,0,0
NA19222	0|0	1,0,0
NA19223	0|0	1,0,0
NA19238	0|0	1,0,0
NA19239	0|0	1,0,0
NA19240	0|0	1,0,0
