NA18498	1|1	0,0,1
NA18502	0|0	0.722,0.278,0
NA18505	0|0	0.854,0.146,0
NA18507	1|1	0,0,1
NA18508	1|1	0,0.00199997,0.998
NA18517	0|1	0,1,0
NA18519	0|0	1,0,0
NA18867	0|1	0,1,0
NA18870	1|1	0,0,1
NA18910	0|0	1,0,0
NA19092	0|0	1,0,0
NA19098	0|0	1,0,0
NA19099	1|0	0,0.996,0.004
NA19102	0|1	0,0.953,0.047
NA19108	0|0	1,0,0
NA19118	0|0	1,0,0
NA19119	0|0	1,0,0
NA19129	1|1	0,0.00300002,0.997
NA19130	0|0	1,0,0
NA19141	0|0	1,0,0
NA19146	1|1	0,0,1
NA19150	1|1	0,0,1
NA19152	0|1	0,1,0
NA19160	1|1	0,0,1
NA19171	0|0	1,0,0
NA19204	0|1	0,1,0
NA19206	0|0	1,0,0
NA19207	0|0	1,0,0
NA19209	0|1	0.00400001,0.996,0
NA19213	0|0	1,0,0
NA19240	0|1	0.09,0.91,0
