NA18526	0|0	0	1,0,0
NA18537	0|0	0	1,0,0
NA18550	0|0	0	1,0,0
NA18555	0|0	0	1,0,0
NA18562	0	0.46	0.54,0.46
NA18563	0	0.31	0.69,0.31
NA18582	1|0	1.05	0.01,0.94,0.05
NA18603	0	0	1,0
NA18606	1	0.53	0.47,0.53
NA18621	0	0	1,0
NA18622	0	0.15	0.85,0.15
NA18628	0|0	0	1,0,0
NA18632	0	0	1,0
NA18636	0	0	1,0
NA18647	1	1	0,1
NA18942	1|0	1	0,1,0
NA18945	0	0	1,0
NA18947	0|0	0	1,0,0
NA18951	0|0	0	1,0,0
NA18952	0	0	1,0
NA18953	0	0	1,0
NA18956	0|0	0.1	0.9,0.1,0
NA18965	1	0.97	0.03,0.97
NA18970	0	0	1,0
NA18973	0|1	1	0,1,0
NA18977	0	0	1,0
NA18987	0|0	0	1,0,0
NA18990	1	1	0,1
NA18995	1	1	0,1
NA19003	0|0	0	1,0,0
NA19010	1|1	1.82	0,0.18,0.82
