NA18498	1|1	3.9999e-06,0.00399195,0.996004
NA18500	1|1	0,0,1
NA18501	1|1	0,0,1
NA18502	1|1	0,0,1
NA18503	1|1	0,0,1
NA18504	0|0	1,0,0
NA18505	1|1	0,0.00199997,0.998
NA18506	1|1	0,0,1
NA18507	1|1	0,0,1
NA18508	1|1	0,0.00199997,0.998
NA18515	1|1	0,0,1
NA18516	0|0	1,0,0
NA18517	0|1	0,1,0
NA18519	0|0	1,0,0
NA18521	0|0	1,0,0
NA18522	1|1	0,0,1
NA18523	0|0	1,0,0
NA18852	1|0	0,1,0
NA18853	1|1	0,0,1
NA18854	1|1	0,0,1
NA18855	1|1	0,0.000999987,0.999
NA18856	1|1	0,0,1
NA18857	1|1	9.00013e-06,0.00598204,0.994009
NA18858	1|0	0,1,0
NA18859	1|1	0,0,1
NA18860	0|0	1,0,0
NA18861	1|0	0,1,0
NA18862	1|1	9.00013e-06,0.00598204,0.994009
NA18863	0|0	1,0,0
NA18867	1|1	2.99998e-06,0.00399401,0.996003
NA18870	1|1	0,0,1
NA18871	1|1	0,0,1
NA18872	1|1	0,0,1
NA18910	0|0	1,0,0
NA18912	1|0	0,1,0
NA18913	1|1	0,0,1
NA18914	1|1	0,0,1
NA19027	0|0	1,0,0
NA19028	1|1	0,0,1
NA19031	1|1	9.99974e-07,0.00199797,0.998001
NA19035	1|1	9.99974e-07,0.00199797,0.998001
NA19036	1|0	0,1,0
NA19038	0|1	0.024,0.976,0
NA19041	1|1	0,0,1
NA19092	1|1	0,0,1
NA19093	1|1	4.99993e-06,0.00598998,0.994005
NA19094	1|1	0,0,1
NA19098	1|1	1.60001e-05,0.00796802,0.992016
NA19099	0|1	0,1,0
NA19100	0|1	0.00599998,0.994,0
NA19101	0|0	1,0,0
NA19102	1|1	0,0,1
NA19103	1|1	0,0,1
NA19108	0|1	0.00599998,0.994,0
NA19116	1|0	0,1,0
NA19118	1|1	0,0.005,0.995
NA19119	1|1	0,0,1
NA19120	1|1	0,0,1
NA19127	0|1	0.00300002,0.997,0
NA19128	0|0	1,0,0
NA19129	0|0	1,0,0
NA19130	1|1	0,0,1
NA19131	1|0	0.000999987,0.999,0
NA19132	1|0	0,1,0
NA19137	0|0	1,0,0
NA19138	1|1	0,0,1
NA19139	0|0	1,0,0
NA19140	0|0	1,0,0
NA19141	1|1	0,0,1
NA19142	0|0	1,0,0
NA19143	0|1	0,1,0
NA19144	1|1	0,0,1
NA19145	0|0	1,0,0
NA19146	0|0	1,0,0
NA19150	1|1	0,0,1
NA19152	0|1	0,0.998,0.002
NA19153	1|1	9.99974e-07,0.00199797,0.998001
NA19154	1|1	0,0,1
NA19159	1|0	0.000999987,0.999,0
NA19160	0|0	1,0,0
NA19161	0|0	1,0,0
NA19171	1|1	1.60001e-05,0.00796802,0.992016
NA19172	1|0	0.00198797,0.992024,0.005988
NA19173	1|1	0,0,1
NA19189	0|0	1,0,0
NA19200	1|1	0,0,1
NA19201	1|0	0,1,0
NA19202	0|1	0,1,0
NA19203	1|1	0,0,1
NA19204	1|1	0,0,1
NA19205	1|1	0,0,1
NA19206	1|0	0,1,0
NA19207	0|0	1,0,0
NA19208	0|0	1,0,0
NA19209	1|1	0,0,1
NA19210	1|1	0,0,1
NA19211	1|1	0,0,1
NA19213	1|1	3.9999e-06,0.00399195,0.996004
NA19221	1|0	0,1,0
NA19222	1|1	0,0.00400001,0.996
NA19223	0|0	1,0,0
NA19238	1|0	0,1,0
NA19239	1|1	0,0,1
NA19240	1|1	0,0,1
NA19307	0|0	0.992016,0.007968,1.6e-05
NA19308	1|1	0,0,1
NA19309	1|1	0,0,1
NA19310	1|1	0,0,1
NA19314	1|1	0,0.000999987,0.999
NA19315	1|1	3.99996e-06,0.004992,0.995004
NA19316	1|0	0,1,0
NA19317	1|1	0.000399999,0.0392,0.9604
NA19319	1|1	3.9999e-06,0.00399195,0.996004
NA19321	0|0	0.995,0.005,0
NA19324	1|1	0,0.013,0.987
NA19327	1|0	0.182528,0.810944,0.006528
NA19328	1|1	0,0,1
NA19332	1|1	0,0,1
NA19334	1|1	0,0,1
NA19346	1|1	0.000441001,0.0411181,0.958441
NA19347	0|0	1,0,0
NA19350	1|1	0,0,1
NA19360	1|1	0,0,1
NA19372	1|1	9.99974e-07,0.00199797,0.998001
NA19374	1|1	0,0,1
NA19375	0|0	1,0,0
NA19376	1|1	2.5e-05,0.00994999,0.990025
NA19377	0|1	0,1,0
NA19379	1|1	0,0,1
NA19380	1|1	0,0,1
NA19384	0|0	1,0,0
NA19385	1|1	9.99974e-07,0.00199797,0.998001
NA19390	1|1	0,0,1
NA19391	1|0	0,1,0
NA19393	0|0	1,0,0
NA19394	0|0	1,0,0
NA19397	1|1	0,0,1
NA19399	0|0	1,0,0
NA19403	0|0	1,0,0
NA19404	1|1	0,0.00199997,0.998
NA19428	0|0	1,0,0
NA19429	0|0	1,0,0
NA19430	0|0	1,0,0
NA19431	1|1	0,0,1
NA19434	0|0	1,0,0
NA19435	0|1	0.00136198,0.680276,0.318362
NA19436	0|1	0,1,0
NA19437	1|0	0,1,0
NA19438	1|1	6.99999e-05,0.01886,0.98107
NA19439	1|1	0,0.00199997,0.998
NA19440	1|0	0.000999987,0.999,0
NA19443	0|0	1,0,0
NA19445	0|1	0,0.998,0.002
NA19446	1|1	0,0,1
NA19448	1|1	0,0,1
NA19449	0|1	0,1,0
NA19451	1|1	3.9999e-06,0.00399195,0.996004
NA19452	0|0	0.990025,0.00995,2.5e-05
NA19455	1|1	9.99974e-07,0.00199797,0.998001
NA19456	1|1	0,0,1
NA19457	0|1	0.00199997,0.998,0
NA19462	1|0	0,1,0
NA19463	1|0	0,1,0
NA19466	1|1	0.042436,0.327128,0.630436
NA19467	0|0	1,0,0
NA19468	1|1	0,0.005,0.995
NA19471	0|1	0,1,0
NA19472	1|0	0,1,0
NA19473	0|1	0.00387601,0.965248,0.030876
NA19474	1|1	4.4e-05,0.014912,0.985044
NA06985	0|0	1,0,0
NA06991	1|0	0,1,0
NA06993	1|1	0,0,1
NA06994	0|0	1,0,0
NA07000	0|1	0,1,0
NA07019	0|0	1,0,0
NA07022	0|0	1,0,0
NA07029	1|1	9.99974e-07,0.00199797,0.998001
NA07034	1|1	2.5e-05,0.00994999,0.990025
NA07048	0|0	1,0,0
NA07055	0|0	1,0,0
NA07056	0|0	1,0,0
NA07345	0|0	1,0,0
NA07348	0|0	1,0,0
NA07357	0|0	0.998001,0.001998,1e-06
NA10830	0|0	1,0,0
NA10831	0|0	1,0,0
NA10835	0|0	1,0,0
NA10838	0|0	1,0,0
NA10839	1|1	0,0,1
NA10846	0|0	1,0,0
NA10847	1|0	0.00199997,0.998,0
NA10851	0|0	1,0,0
NA10854	0|0	1,0,0
NA10855	0|0	1,0,0
NA10856	0|0	1,0,0
NA10857	0|0	1,0,0
NA10859	0|1	0,1,0
NA10860	0|0	1,0,0
NA10861	1|0	0,1,0
NA10863	0|0	1,0,0
NA11829	0|0	1,0,0
NA11830	0|0	1,0,0
NA11831	0|0	1,0,0
NA11832	0|0	1,0,0
NA11839	0|0	1,0,0
NA11840	0|0	1,0,0
NA11881	0|0	1,0,0
NA11882	1|1	0,0.00400001,0.996
NA11992	0|0	1,0,0
NA11993	0|0	1,0,0
NA11994	0|0	1,0,0
NA11995	1|0	0,1,0
NA12003	0|0	1,0,0
NA12004	1|0	0.000999987,0.999,0
NA12005	1|1	0,0,1
NA12006	0|1	0,1,0
NA12043	0|0	1,0,0
NA12044	0|1	0.00300002,0.997,0
NA12056	1|1	0,0,1
NA12057	0|0	1,0,0
NA12144	0|0	1,0,0
NA12145	0|0	1,0,0
NA12146	0|0	1,0,0
NA12154	0|0	1,0,0
NA12155	0|0	1,0,0
NA12156	1|0	0.00400001,0.996,0
NA12234	0|0	1,0,0
NA12236	1|0	0,1,0
NA12239	0|1	0.000999987,0.999,0
NA12248	0|0	1,0,0
NA12249	0|0	1,0,0
NA12264	0|0	1,0,0
NA12707	1|1	0,0,1
NA12716	0|0	1,0,0
NA12717	0|1	0.00700003,0.993,0
NA12740	0|0	1,0,0
NA12750	0|0	1,0,0
NA12751	0|0	1,0,0
NA12752	1|1	0,0,1
NA12753	0|0	1,0,0
NA12760	0|0	1,0,0
NA12761	1|1	0,0,1
NA12762	0|0	1,0,0
NA12763	0|0	1,0,0
NA12801	0|0	1,0,0
NA12802	0|1	0,1,0
NA12812	1|1	3.9999e-06,0.00399195,0.996004
NA12813	0|0	1,0,0
NA12814	1|1	0,0,1
NA12815	0|0	1,0,0
NA12864	1|1	0,0,1
NA12865	1|0	0,1,0
NA12872	0|0	1,0,0
NA12873	1|1	0,0,1
NA12874	1|1	0,0,1
NA12875	0|0	0.99,0.01,0
NA12878	1|0	0,1,0
NA12891	0|0	1,0,0
NA12892	0|1	0,1,0
NA20502	0|0	1,0,0
NA20504	1|0	0.00199997,0.998,0
NA20505	1|0	0,1,0
NA20506	0|0	0.41888,0.47024,0.11088
NA20508	0|0	1,0,0
NA20509	0|0	1,0,0
NA20510	1|1	1.60001e-05,0.00796802,0.992016
NA20512	0|0	1,0,0
NA20515	1|1	0,0,1
NA20516	0|0	1,0,0
NA20517	1|0	0,1,0
NA20518	0|0	1,0,0
NA20519	1|1	4.90004e-05,0.0139021,0.986049
NA20520	0|0	1,0,0
NA20521	0|0	1,0,0
NA20522	0|0	1,0,0
NA20524	0|0	1,0,0
NA20525	1|1	0,0,1
NA20527	0|0	1,0,0
NA20528	0|0	1,0,0
NA20529	1|0	0,1,0
NA20530	0|0	0.999,0.001,0
NA20531	0|0	1,0,0
NA20534	1|1	0,0,1
NA20535	0|0	1,0,0
NA20538	0|0	1,0,0
NA20539	0|0	1,0,0
NA20540	0|0	1,0,0
NA20541	0|0	1,0,0
NA20542	0|0	1,0,0
NA20543	1|1	3.9999e-06,0.00399195,0.996004
NA20544	0|0	1,0,0
NA20581	0|0	1,0,0
NA20582	0|1	0,1,0
NA20585	0|0	1,0,0
NA20586	1|1	9.00013e-06,0.00598204,0.994009
NA20588	0|0	1,0,0
NA20589	0|1	0,1,0
NA20752	0|0	1,0,0
NA20753	1|0	0,1,0
NA20754	0|0	1,0,0
NA20755	0|0	1,0,0
NA20756	0|0	1,0,0
NA20757	1|0	0.00400001,0.996,0
NA20758	0|0	1,0,0
NA20759	0|0	1,0,0
NA20760	0|0	1,0,0
NA20761	0|0	0.994,0.006,0
NA20765	0|0	1,0,0
NA20766	0|0	1,0,0
NA20768	0|0	1,0,0
NA20769	0|0	1,0,0
NA20770	1|1	0,0,1
NA20771	0|0	1,0,0
NA20772	1|0	0.00199997,0.998,0
NA20773	0|0	1,0,0
NA20774	0|0	0.992,0.008,0
NA20778	0|0	1,0,0
NA20783	0|0	1,0,0
NA20785	0|0	1,0,0
NA20786	1|0	0,1,0
NA20787	0|0	1,0,0
NA20790	0|0	1,0,0
NA20792	0|0	1,0,0
NA20795	1|0	0.405,0.595,0
NA20796	1|1	0,0,1
NA20797	1|0	0,0.999,0.001
NA20798	0|0	1,0,0
NA20799	1|0	0,1,0
NA20800	0|0	1,0,0
NA20801	1|1	9.99974e-07,0.00199797,0.998001
NA20802	0|1	0.005,0.995,0
NA20804	0|0	0.763,0.237,0
NA20805	0|0	1,0,0
NA20806	0|0	1,0,0
NA20807	0|0	1,0,0
NA20808	1|1	0,0.00400001,0.996
NA20809	0|0	1,0,0
NA20810	0|0	1,0,0
NA20811	0|0	1,0,0
NA20812	0|0	1,0,0
NA20813	0|0	0.999,0.001,0
NA20815	0|0	1,0,0
NA20818	0|0	1,0,0
NA20819	0|1	0.005,0.995,0
NA20826	0|0	1,0,0
NA20828	0|0	1,0,0
NA18526	1|1	0.000272,0.032456,0.967272
NA18532	1|1	0,0.042,0.958
NA18537	1|1	0,0.00300002,0.997
NA18542	1|1	0,0.005,0.995
NA18545	1|1	0,0,1
NA18547	1|0	0.005,0.995,0
NA18550	0|1	0,0.631,0.369
NA18552	0|1	0.005,0.995,0
NA18555	1|1	0,0,1
NA18558	1|1	0,0,1
NA18561	1|1	0.002809,0.100382,0.896809
NA18562	1|1	0,0,1
NA18563	0|0	1,0,0
NA18564	1|1	1.09998e-05,0.011978,0.988011
NA18566	1|0	0.008964,0.987072,0.003964
NA18570	1|1	0,0.00999999,0.99
NA18571	1|1	0,0.000999987,0.999
NA18572	1|1	3.9999e-06,0.00399195,0.996004
NA18573	1|1	0,0.018,0.982
NA18577	1|1	0,0.000999987,0.999
NA18579	0|1	0.00300002,0.997,0
NA18582	0|0	0.999,0.001,0
NA18592	1|1	0,0.000999987,0.999
NA18593	1|1	0,0.019,0.981
NA18603	1|1	0.000784,0.054432,0.944784
NA18605	1|1	0,0,1
NA18608	1|1	0,0,1
NA18609	1|1	0,0,1
NA18611	1|1	0,0,1
NA18612	1|1	0,0,1
NA18620	0|0	0.994009,0.005982,9e-06
NA18621	1|1	0,0,1
NA18622	1|1	0,0,1
NA18623	1|1	0.127449,0.459102,0.413449
NA18624	1|1	0,0,1
NA18632	1|1	0,0,1
NA18633	0|0	1,0,0
NA18635	1|1	0,0,1
NA18636	1|1	0,0,1
NA18637	1|1	0,0,1
NA18940	0|0	1,0,0
NA18942	1|1	0,0,1
NA18943	0|0	0.783225,0.20355,0.013225
NA18944	1|1	0,0,1
NA18945	0|0	1,0,0
NA18947	1|0	0,1,0
NA18948	1|1	0,0,1
NA18949	0|0	0.976063,0.023874,6.3e-05
NA18951	1|1	0,0.000999987,0.999
NA18952	0|0	0.996004,0.003992,4e-06
NA18953	0|0	1,0,0
NA18956	1|1	0,0,1
NA18959	1|1	0,0,1
NA18960	0|0	1,0,0
NA18961	1|1	0.000169,0.025662,0.974169
NA18964	1|1	0.000224,0.029552,0.970224
NA18965	1|1	9.99974e-07,0.00199797,0.998001
NA18966	0|0	1,0,0
NA18967	1|1	0,0,1
NA18968	1|0	0,1,0
NA18969	1|1	0,0.011,0.989
NA18970	1|1	0,0,1
NA18971	1|1	0,0,1
NA18972	0|1	0,1,0
NA18973	1|1	0,0,1
NA18974	1|1	0,0,1
NA18975	1|0	0,1,0
NA18976	0|1	0.00599998,0.994,0
NA18978	1|0	0,0.998,0.002
NA18980	1|1	0,0,1
NA18981	0|1	0,1,0
NA18987	1|1	0.002331,0.263338,0.734331
NA18990	1|1	0.000324,0.035352,0.964324
NA18991	0|1	0.017892,0.976216,0.005892
NA18992	1|1	0.00076399,0.382472,0.616764
NA18994	0|0	1,0,0
NA18995	1|1	0,0,1
NA18997	0|1	0,1,0
NA18998	1|1	0,0,1
NA18999	1|1	0,0.00400001,0.996
NA19000	1|1	0,0,1
NA19003	1|0	0,1,0
NA19005	1|1	0,0,1
NA19007	1|1	0.038025,0.31395,0.648025
NA19012	1|1	0,0,1
