NA18498	1|0	0,0.979,0.021
NA18502	1|1	5.19994e-05,0.027896,0.972052
NA18505	1|1	0,0.141,0.859
NA18507	1|1	1.19998e-05,0.00797596,0.992012
NA18508	1|0	0.064,0.936,0
NA18517	1|1	0,0,1
NA18519	1|1	0,0.151,0.849
NA18867	1|1	0,0,1
NA18870	1|1	0,0.092,0.908
NA18910	0|1	0,0.999,0.001
NA19092	1|1	0.000168,0.045664,0.954168
NA19098	0|1	0,0.986,0.014
NA19099	0|0	0.956043,0.043914,4.3e-05
NA19102	1|1	0,0.015,0.985
NA19108	1|1	0.089032,0.428936,0.482032
NA19118	0|1	0,1,0
NA19119	0|0	0.797,0.203,0
NA19129	0|1	0.005,0.995,0
NA19130	0|1	0.036,0.964,0
NA19141	1|1	0.002961,0.332078,0.664961
NA19146	0|1	0,1,0
NA19150	1|1	0,0.298,0.702
NA19152	1|1	0,0.000999987,0.999
NA19160	0|1	0,1,0
NA19171	1|0	0.00599998,0.994,0
NA19189	0|1	0.00300002,0.997,0
NA19204	0|0	0.894,0.106,0
NA19206	1|1	0,0.00199997,0.998
NA19207	1|0	0.000525993,0.525948,0.473526
NA19209	1|0	0.00199997,0.998,0
NA19213	0|1	0.028,0.972,0
NA19240	1|0	0.00300002,0.997,0
