NA18498	0|0	0.19	0.81,0.19,0
NA18502	0|0	0	1,0,0
NA18505	1|0	1	0,1,0
NA18507	1|0	0.96	0.07,0.89,0.04
NA18508	0|0	0.04	0.96,0.04,0
NA18517	0|1	0.55	0.45,0.55,0
NA18519	0|0	0.03	0.97,0.03,0
NA18867	0|0	0	1,0,0
NA18870	0|1	0.95	0.05,0.95,0
NA18910	0|1	1	0.01,0.98,0.01
NA19092	0|0	0	1,0,0
NA19098	0|0	0	1,0,0
NA19099	0|0	0	1,0,0
NA19102	0|0	0	1,0,0
NA19108	0|1	0.56	0.44,0.56,0
NA19118	0|0	0	1,0,0
NA19119	0|0	0	1,0,0
NA19129	1|0	0.96	0.04,0.96,0
NA19130	0|0	0	1,0,0
NA19141	0|0	0.26	0.74,0.26,0
NA19146	0|0	0	1,0,0
NA19150	0|0	0	1,0,0
NA19152	0|1	0.94	0.06,0.94,0
NA19160	0|0	0	1,0,0
NA19171	0|0	0	1,0,0
NA19189	0|0	0	1,0,0
NA19204	0|0	0	1,0,0
NA19206	0|0	0.25	0.75,0.25,0
NA19207	0|0	0	1,0,0
NA19209	0|0	0.36	0.64,0.36,0
NA19213	0|1	1	0,1,0
NA19240	0|0	0	1,0,0
NA11829	0|0	0	1,0,0
NA11830	0|0	0	1,0,0
NA11831	0|0	0	1,0,0
NA11832	0|0	0	1,0,0
NA11840	0|0	0	1,0,0
NA11881	1|0	1	0,1,0
NA11994	0|0	0	1,0,0
NA11995	0|0	0	1,0,0
NA12004	0|0	0	1,0,0
NA12005	0|0	0	1,0,0
NA12043	0|0	0	1,0,0
NA12044	0|1	0.52	0.48,0.52,0
NA12144	0|0	0	1,0,0
NA12154	0|0	0	1,0,0
NA12155	0|0	0	1,0,0
NA12156	0|0	0	1,0,0
NA12234	0|0	0.01	0.99,0.01,0
NA12717	0|0	0	1,0,0
NA12750	0|0	0	1,0,0
NA12760	0|0	0	1,0,0
NA12761	0|0	0	1,0,0
NA12762	0|0	0	1,0,0
NA12763	0|0	0.04	0.96,0.04,0
NA12812	1|0	1	0,1,0
NA12813	0|0	0	1,0,0
NA12814	0|0	0	1,0,0
NA12815	0|0	0	1,0,0
NA12872	0|0	0	1,0,0
NA12873	0|0	0	1,0,0
NA12874	0|0	0	1,0,0
NA12878	0|0	0.01	0.99,0.01,0
NA18526	0|0	0	1,0,0
NA18537	0|0	0.01	0.99,0.01,0
NA18550	1|0	0.58	0.42,0.58,0
NA18555	0|1	0.83	0.17,0.83,0
NA18562	1|0	1.35	0.07,0.5,0.42
NA18563	0|0	0.24	0.76,0.24,0
NA18582	0|0	0	1,0,0
NA18603	0|0	0	1,0,0
NA18606	0|0	0.01	0.99,0.01,0
NA18621	0|0	0.01	0.99,0.01,0
NA18622	0|0	0.01	0.99,0.01,0
NA18628	0|0	0	1,0,0
NA18632	0|0	0	1,0,0
NA18636	0|1	0.98	0.02,0.98,0
NA18647	0|0	0	1,0,0
NA18942	0|1	0.97	0.03,0.97,0
NA18945	0|0	0	1,0,0
NA18947	0|0	0.53	0.5,0.47,0.03
NA18951	0|0	0	1,0,0
NA18952	0|0	0.03	0.97,0.03,0
NA18953	0|0	0	1,0,0
NA18956	0|0	0	1,0,0
NA18965	0|0	0.01	0.99,0.01,0
NA18970	0|0	0.39	0.61,0.39,0
NA18973	0|0	0	1,0,0
NA18977	0|0	0	1,0,0
NA18987	0|0	0.06	0.94,0.06,0
NA18990	0|0	0	1,0,0
NA18995	0|0	0.47	0.53,0.47,0
NA19003	0|0	0.43	0.57,0.43,0
NA19010	0|0	0.04	0.96,0.04,0
