NA18498	1|1	0.000406002,0.0641881,0.935406
NA18502	1|1	0,0.016,0.984
NA18507	0|0	1,0,0
NA18508	1|0	0.000999987,0.999,0
NA18517	1|0	0.226546,0.771908,0.001546
NA18519	0|0	0.722,0.278,0
NA18861	0|1	0.014985,0.98403,0.000985
NA18867	0|0	1,0,0
NA18870	1|1	0,0.00400001,0.996
NA18910	1|1	7.49999e-05,0.01985,0.980075
NA18912	0|1	0,0.999,0.001
NA19092	1|1	0,0,1
NA19093	1|0	0,1,0
NA19098	1|0	0.00796802,0.988064,0.003968
NA19099	0|0	0.997002,0.002996,2e-06
NA19102	0|0	0.982032,0.017936,3.2e-05
NA19108	0|0	0.581251,0.417498,0.001251
NA19116	1|1	0.000964999,0.19607,0.802965
NA19118	0|0	0.999,0.001,0
NA19119	0|0	0.999,0.001,0
NA19129	0|0	0.986013,0.013974,1.3e-05
NA19130	1|1	0.005796,0.328408,0.665796
NA19131	0|0	1,0,0
NA19137	0|0	1,0,0
NA19141	0|0	0.998,0.002,0
NA19143	0|0	0.991,0.009,0
NA19146	1|0	0,1,0
NA19150	0|0	1,0,0
NA19152	0|0	1,0,0
NA19159	1|1	0,0.017,0.983
NA19160	0|0	0.997,0.003,0
NA19171	0|0	0.764,0.236,0
NA19172	1|1	0,0.026,0.974
NA19189	0|1	0.00199997,0.998,0
NA19200	0|0	0.999,0.001,0
NA19201	0|0	0.508,0.492,0
NA19204	1|0	0,0.547,0.453
NA19206	0|0	0.994,0.006,0
NA19207	0|0	0.575424,0.424152,0.000424
NA19209	0|0	1,0,0
NA19213	0|0	0.999,0.001,0
NA19223	0|0	1,0,0
NA19240	0|1	0.499,0.501,0
