NA18526	0|1	0.44,0.56,0
NA18532	1|1	1.20001e-05,0.00697603,0.993012
NA18537	0|0	0.997002,0.002996,2e-06
NA18547	0|0	1,0,0
NA18550	0|1	0.00358401,0.892832,0.103584
NA18555	0|0	1,0,0
NA18562	0|1	0.199,0.801,0
NA18563	1|0	0,1,0
NA18566	1|1	5.99996e-06,0.004988,0.995006
NA18572	1|1	3.60001e-05,0.012928,0.987036
NA18582	1|1	0.000168001,0.030664,0.969168
NA18603	0|1	0.008199,0.903602,0.088199
NA18605	0|0	0.997,0.003,0
NA18606	1|1	1.19998e-05,0.00797596,0.992012
NA18621	1|0	0.00400001,0.996,0
NA18622	0|0	0.999,0.001,0
NA18628	1|1	0,0.00400001,0.996
NA18632	0|1	0.000997987,0.997004,0.001998
NA18636	1|1	0,0.019,0.981
NA18647	0|0	0.995006,0.004988,6e-06
NA18942	0|1	0.244,0.756,0
NA18943	0|1	0.00074499,0.74451,0.254745
NA18945	0|0	0.999,0.001,0
NA18947	0|1	0.00300002,0.997,0
NA18949	0|0	0.998,0.002,0
NA18951	0|0	1,0,0
NA18952	1|0	0.00700003,0.993,0
NA18953	0|0	0.995006,0.004988,6e-06
NA18956	0|0	1,0,0
NA18964	0|0	0.998,0.002,0
NA18965	0|0	0.999,0.001,0
NA18970	0|0	1,0,0
NA18973	1|0	0.00199997,0.998,0
NA18974	0|0	0.998001,0.001998,1e-06
NA18977	0|0	0.998,0.002,0
NA18987	0|0	0.998,0.002,0
NA18990	0|0	0.999,0.001,0
NA18994	0|0	0.993006,0.006988,6e-06
NA18995	0|0	1,0,0
NA19000	0|0	1,0,0
NA19003	1|0	0.00700003,0.993,0
NA19010	1|0	0.016,0.984,0
