NA18498	1|0	0,1,0
NA18502	0|0	1,0,0
NA18505	1|1	2.99998e-06,0.00399401,0.996003
NA18507	0|0	1,0,0
NA18508	0|0	0.997,0.003,0
NA18517	1|0	0,0.998,0.002
NA18519	0|0	0.997,0.003,0
NA18867	0|0	1,0,0
NA18870	0|0	0.888,0.112,0
NA18910	0|0	1,0,0
NA19092	1|0	0,1,0
NA19098	0|1	0.00998999,0.98902,0.00099
NA19099	0|0	0.778,0.222,0
NA19102	0|1	0,1,0
NA19108	1|0	0.000999987,0.999,0
NA19119	0|1	0,1,0
NA19129	0|0	0.998,0.002,0
NA19130	0|0	0.999,0.001,0
NA19141	1|1	0,0.00300002,0.997
NA19146	1|1	0,0.00199997,0.998
NA19150	0|0	1,0,0
NA19152	1|1	0,0,1
NA19160	0|0	0.996003,0.003994,3e-06
NA19171	1|0	0,1,0
NA19189	0|0	0.989,0.011,0
NA19204	0|0	1,0,0
NA19206	0|0	0.576423,0.423154,0.000423
NA19207	0|0	0.999,0.001,0
NA19209	0|0	0.997,0.003,0
NA19213	0|0	0.998001,0.001998,1e-06
