NA18498	1|1	0,0,1
NA18502	1|1	0,0.000999987,0.999
NA18505	1|1	6.99999e-05,0.01886,0.98107
NA18507	1|1	0,0.00599998,0.994
NA18508	0|0	1,0,0
NA18517	1|1	0,0.00199997,0.998
NA18519	1|1	0,0,1
NA18867	0|1	0,1,0
NA18870	1|1	0,0.028,0.972
NA18910	1|1	3.9999e-06,0.00399195,0.996004
NA19092	1|1	0,0.00199997,0.998
NA19098	1|1	0,0,1
NA19099	1|0	0.015968,0.982064,0.001968
NA19102	1|0	0.005,0.995,0
NA19108	1|0	0.00599998,0.994,0
NA19118	1|1	0,0,1
NA19119	0|0	1,0,0
NA19129	1|0	0,1,0
NA19130	1|1	2.99996e-05,0.03094,0.96903
NA19141	1|1	0,0.00700003,0.993
NA19146	1|1	0,0.000999987,0.999
NA19150	1|1	0,0.009,0.991
NA19152	1|1	6.00001e-05,0.01688,0.98306
NA19160	0|1	0.00800002,0.992,0
NA19171	1|1	5.40004e-05,0.020892,0.979054
NA19189	1|0	0.00300002,0.997,0
NA19204	1|1	0,0.00199997,0.998
NA19206	0|1	0.00700003,0.993,0
NA19207	0|1	0,0.999,0.001
NA19209	1|1	7.99991e-06,0.00598398,0.994008
NA19213	1|1	0,0.025,0.975
NA19240	1|1	0,0.016,0.984
