NA18498	1|0	1	0,1,0
NA18500	0|0	0	1,0,0
NA18501	1|0	0.98	0.02,0.98,0
NA18502	0|1	0.99	0.01,0.99,0
NA18503	0|0	0	1,0,0
NA18504	0|0	0	1,0,0
NA18505	0|0	0	1,0,0
NA18506	1|1	2	0,0,1
NA18507	1|1	1.69	0,0.31,0.69
NA18508	1|1	2	0,0,1
NA18515	0|1	1	0,1,0
NA18516	1|0	1	0,1,0
NA18517	0|0	0	1,0,0
NA18519	1|1	1.84	0,0.16,0.84
NA18521	1|0	1	0,1,0
NA18522	1|0	1	0,1,0
NA18523	0|1	0.87	0.13,0.87,0
NA18852	0|0	0	1,0,0
NA18853	0|0	0	1,0,0
NA18854	0|0	0	1,0,0
NA18855	1|1	2	0,0,1
NA18856	0|1	1	0,1,0
NA18857	1|1	2	0,0,1
NA18858	1|1	1.51	0,0.49,0.51
NA18859	1|0	1	0,1,0
NA18860	0|1	1	0,1,0
NA18861	0|0	0	1,0,0
NA18862	0|0	0	1,0,0
NA18863	0|0	0	1,0,0
NA18867	1|0	1	0,1,0
NA18870	1|0	1	0,1,0
NA18871	1|0	1	0,1,0
NA18872	0|1	1	0,1,0
NA18910	0|0	0.09	0.91,0.09,0
NA18912	0|1	1	0,1,0
NA18913	1|0	1.02	0,0.98,0.02
NA18914	0|1	1.04	0,0.96,0.04
NA19027	1|1	2	0,0,1
NA19028	0|1	1	0,1,0
NA19031	0|0	0	1,0,0
NA19035	1|0	1	0,1,0
NA19036	0|1	1	0,1,0
NA19038	1|1	1.99	0,0.01,0.99
NA19041	0|0	0.13	0.87,0.13,0
NA19092	0|1	1	0,1,0
NA19093	0|0	0.43	0.57,0.43,0
NA19094	0|0	0.33	0.67,0.33,0
NA19098	0|1	1	0,1,0
NA19099	0|1	1.02	0,0.98,0.02
NA19100	0|1	1	0,1,0
NA19101	1|0	1	0,1,0
NA19102	0|1	0.55	0.45,0.54,0.01
NA19108	1|1	1.62	0,0.38,0.62
NA19116	0|1	1	0,1,0
NA19118	0|1	1.39	0,0.61,0.39
NA19119	0|0	0.04	0.96,0.04,0
NA19120	0|0	0	1,0,0
NA19127	0|0	0.08	0.92,0.08,0
NA19128	1|1	1.59	0,0.41,0.59
NA19129	1|0	1	0,1,0
NA19130	1|0	1	0,1,0
NA19131	0|1	0.97	0.03,0.97,0
NA19132	0|0	0	1,0,0
NA19137	0|1	1.2	0,0.8,0.2
NA19138	0|0	0	1,0,0
NA19139	0|1	1	0,1,0
NA19140	1|0	1	0,1,0
NA19141	1|1	2	0,0,1
NA19142	1|1	2	0,0,1
NA19143	1|0	1	0,1,0
NA19144	0|1	1	0,1,0
NA19145	1|0	1	0,1,0
NA19146	1|1	2	0,0,1
NA19150	1|0	1	0,1,0
NA19152	0|0	0	1,0,0
NA19153	1|1	1.96	0,0.04,0.96
NA19154	1|0	1	0,1,0
NA19159	1|0	1	0,1,0
NA19160	0|0	0	1,0,0
NA19161	0|0	0	1,0,0
NA19171	0|0	0.39	0.61,0.39,0
NA19172	0|1	1.01	0,0.99,0.01
NA19173	1|0	1	0,1,0
NA19189	0|0	0.03	0.97,0.03,0
NA19200	0|0	0	1,0,0
NA19201	0|1	0.56	0.45,0.55,0.01
NA19202	0|0	0	1,0,0
NA19203	1|1	1.99	0,0.01,0.99
NA19204	1|1	2	0,0,1
NA19205	1|1	2	0,0,1
NA19206	1|0	1	0,1,0
NA19207	1|1	1.83	0,0.17,0.83
NA19208	1|1	2	0,0,1
NA19209	1|1	2	0,0,1
NA19210	0|1	1	0,1,0
NA19211	0|1	1	0,1,0
NA19213	0|0	0	1,0,0
NA19221	0|1	1	0,1,0
NA19222	1|1	2	0,0,1
NA19223	0|1	1	0,1,0
NA19238	0|1	1	0,1,0
NA19239	0|0	0	1,0,0
NA19240	0|0	0	1,0,0
NA19307	0|0	0.01	0.99,0.01,0
NA19308	1|1	2	0,0,1
NA19309	1|1	1.99	0,0.01,0.99
NA19310	0|1	1	0,1,0
NA19314	1|0	1.01	0,0.99,0.01
NA19315	0|0	0.01	0.99,0.01,0
NA19316	1|0	1	0,1,0
NA19317	1|1	2	0,0,1
NA19319	1|1	2	0,0,1
NA19321	0|1	1.23	0,0.77,0.23
NA19327	0|0	0	1,0,0
NA19328	1|1	1.85	0,0.15,0.85
NA19332	0|0	0	1,0,0
NA19334	1|1	2	0,0,1
NA19346	0|1	0.98	0.02,0.98,0
NA19347	0|1	0.88	0.12,0.88,0
NA19350	0|0	0	1,0,0
NA19360	1|0	0.93	0.07,0.93,0
NA19372	1|0	0.95	0.05,0.95,0
NA19374	1|1	2	0,0,1
NA19375	0|0	0	1,0,0
NA19376	0|1	1	0,1,0
NA19377	0|0	0	1,0,0
NA19379	1|1	2	0,0,1
NA19380	1|0	1	0,1,0
NA19384	1|0	1	0,1,0
NA19385	1|1	2	0,0,1
NA19391	1|0	1	0,1,0
NA19393	1|0	0.89	0.11,0.89,0
NA19394	1|0	0.8	0.2,0.8,0
NA19397	1|0	1	0,1,0
NA19399	0|0	0	1,0,0
NA19403	0|0	0	1,0,0
NA19404	1|1	1.99	0,0.01,0.99
NA19428	0|1	1	0,1,0
NA19429	0|1	0.63	0.37,0.63,0
NA19430	1|0	0.96	0.04,0.96,0
NA19431	1|1	2	0,0,1
NA19434	1|1	2	0,0,1
NA19435	0|0	0	1,0,0
NA19436	1|0	1	0,1,0
NA19437	1|1	2	0,0,1
NA19438	0|1	0.92	0.08,0.92,0
NA19439	1|1	1.66	0,0.34,0.66
NA19440	1|0	1	0,1,0
NA19443	1|0	1	0,1,0
NA19445	0|0	0	1,0,0
NA19446	0|1	0.95	0.05,0.95,0
NA19448	0|1	0.7	0.31,0.69,0
NA19449	1|1	2	0,0,1
NA19451	1|1	2	0,0,1
NA19452	1|1	2	0,0,1
NA19455	0|1	1	0,1,0
NA19456	1|0	1.42	0,0.58,0.42
NA19457	0|0	0	1,0,0
NA19462	0|0	0.18	0.82,0.18,0
NA19463	0|0	0	1,0,0
NA19466	1|1	1.79	0,0.21,0.79
NA19467	1|1	2	0,0,1
NA19468	1|0	1	0,1,0
NA19471	0|1	1.48	0,0.52,0.48
NA19472	0|0	0	1,0,0
NA19473	1|0	1	0,1,0
NA19474	0|0	0	1,0,0
