NA18526	1|0	1	0,1,0
NA18532	1|0	1	0,1,0
NA18537	0|1	1	0,1,0
NA18542	0|1	1	0,1,0
NA18545	0|1	1.2	0,0.8,0.2
NA18547	0|1	1	0,1,0
NA18550	1|0	0.99	0.01,0.99,0
NA18552	1|0	0.94	0.06,0.94,0
NA18555	0|1	1	0,1,0
NA18558	0|1	1.12	0,0.88,0.12
NA18561	1|1	2	0,0,1
NA18562	1|0	1	0,1,0
NA18563	0|0	0	1,0,0
NA18564	1|0	1	0,1,0
NA18566	0|1	1.31	0,0.69,0.31
NA18570	0|1	1.02	0,0.98,0.02
NA18571	1|0	1	0,1,0
NA18572	0|0	0	1,0,0
NA18573	0|0	0.04	0.96,0.04,0
NA18577	1|0	1	0,1,0
NA18579	1|1	1.98	0,0.02,0.98
NA18582	0|0	0	1,0,0
NA18592	0|1	0.98	0.02,0.98,0
NA18593	1|1	2	0,0,1
NA18603	0|1	0.65	0.35,0.65,0
NA18605	0|1	1	0,1,0
NA18608	0|0	0	1,0,0
NA18609	1|0	1	0,1,0
NA18611	1|0	1	0,1,0
NA18612	0|0	0	1,0,0
NA18620	1|0	0.98	0.02,0.98,0
NA18621	0|0	0.01	0.99,0.01,0
NA18622	0|0	0.02	0.98,0.02,0
NA18623	0|0	0	1,0,0
NA18624	1|1	2	0,0,1
NA18632	1|0	1	0,1,0
NA18633	1|0	0.86	0.14,0.86,0
NA18635	0|0	0	1,0,0
NA18636	0|1	1	0,1,0
NA18637	0|0	0.01	0.99,0.01,0
NA18940	0|1	1.01	0,0.99,0.01
NA18942	1|0	1	0,1,0
NA18943	0|0	0	1,0,0
NA18944	0|0	0.04	0.96,0.04,0
NA18945	1|0	0.61	0.39,0.61,0
NA18947	0|0	0	1,0,0
NA18948	0|0	0	1,0,0
NA18949	1|0	1	0,1,0
NA18951	0|1	1	0,1,0
NA18952	0|0	0.3	0.7,0.3,0
NA18953	1|0	1	0,1,0
NA18956	1|0	1	0.03,0.94,0.03
NA18959	1|0	1	0,1,0
NA18960	0|0	0	1,0,0
NA18961	1|1	2	0,0,1
NA18964	1|0	1.41	0,0.59,0.41
NA18965	0|1	0.99	0.01,0.99,0
NA18966	0|0	0.04	0.96,0.04,0
NA18967	0|0	0	1,0,0
NA18968	0|0	0	1,0,0
NA18969	1|0	1	0,1,0
NA18970	0|0	0	1,0,0
NA18971	0|0	0.05	0.95,0.05,0
NA18972	0|1	1.02	0.07,0.85,0.08
NA18973	0|1	0.96	0.04,0.96,0
NA18974	1|0	1	0,1,0
NA18975	1|1	1.8	0,0.2,0.8
NA18976	0|1	1	0,1,0
NA18978	0|0	0	1,0,0
NA18980	0|1	1.04	0.04,0.88,0.08
NA18981	0|0	0	1,0,0
NA18987	0|0	0	1,0,0
NA18990	0|0	0	1,0,0
NA18991	1|0	1	0,1,0
NA18992	0|0	0	1,0,0
NA18994	1|0	0.73	0.27,0.73,0
NA18995	0|0	0.29	0.72,0.27,0.01
NA18997	1|1	2	0,0,1
NA18998	0|1	0.57	0.43,0.57,0
NA18999	1|1	1.65	0,0.35,0.65
NA19000	0|1	1	0,1,0
NA19003	0|0	0	1,0,0
NA19005	1|0	1	0,1,0
NA19007	0|0	0.02	0.98,0.02,0
NA19012	0|0	0	1,0,0
