NA18526	0|0	0.05	0.95,0.05,0
NA18537	1|0	0.99	0.02,0.97,0.01
NA18550	0|0	0	1,0,0
NA18555	0|0	0	1,0,0
NA18562	1|0	1	0,1,0
NA18563	0|0	0.06	0.94,0.06,0
NA18582	0|0	0	1,0,0
NA18603	0|0	0.07	0.93,0.07,0
NA18606	0|0	0.4	0.6,0.4,0
NA18621	0|0	0.27	0.74,0.26,0
NA18622	0|1	1.09	0,0.91,0.09
NA18628	0|0	0	1,0,0
NA18632	0|0	0	1,0,0
NA18636	0|0	0.38	0.62,0.38,0
NA18647	0|0	0	1,0,0
NA18942	1|0	1	0,1,0
NA18945	0|0	0.03	0.97,0.03,0
NA18947	0|0	0	1,0,0
NA18951	0|0	0	1,0,0
NA18952	1|0	1	0,1,0
NA18953	1|0	1	0,1,0
NA18956	0|0	0.04	0.96,0.04,0
NA18965	0|0	0	1,0,0
NA18970	1|0	1	0,1,0
NA18973	0|0	0	1,0,0
NA18977	1|0	1	0,1,0
NA18987	1|1	1.67	0,0.33,0.67
NA18990	0|1	1	0,1,0
NA18995	0|0	0	1,0,0
NA19003	0|0	0.01	0.99,0.01,0
NA19010	0|0	0	1,0,0
