NA18498	1|1	2	0,0,1
NA18502	1|1	2	0,0,1
NA18505	1|1	2	0,0,1
NA18507	1|1	2	0,0,1
NA18508	0|0	0	1,0,0
NA18517	1|1	1.96	0,0.04,0.96
NA18519	1|1	2	0,0,1
NA18867	0|1	1	0,1,0
NA18870	1|1	2	0,0,1
NA18910	1|1	1.95	0,0.05,0.95
NA19092	1|1	2	0,0,1
NA19098	1|1	1.99	0,0.01,0.99
NA19099	1|0	1	0,1,0
NA19102	0|1	1	0,1,0
NA19108	1|0	1	0,1,0
NA19118	1|1	2	0,0,1
NA19119	0|0	0	1,0,0
NA19129	0|1	0.5	0.5,0.5,0
NA19130	1|1	2	0,0,1
NA19141	1|1	2	0,0,1
NA19146	1|1	2	0,0,1
NA19150	1|1	2	0,0,1
NA19152	1|1	2	0,0,1
NA19160	0|1	1	0,1,0
NA19171	1|1	2	0,0,1
NA19189	1|0	1	0,1,0
NA19204	1|1	2	0,0,1
NA19206	1|0	1.27	0,0.73,0.27
NA19207	0|1	1	0,1,0
NA19209	1|1	2	0,0,1
NA19213	1|1	2	0,0,1
NA19240	1|1	2	0,0,1
