NA11829	1|1	2	0,0,1
NA11830	1|0	1.03	0,0.97,0.03
NA11831	1|1	1.74	0,0.26,0.74
NA11832	1|1	2	0,0,1
NA11840	1|1	2	0,0,1
NA11881	1|1	2	0,0,1
NA11994	1|1	1.97	0,0.03,0.97
NA11995	1|1	2	0,0,1
NA12004	1|0	1	0,1,0
NA12005	1|1	2	0,0,1
NA12043	0|1	1	0,1,0
NA12044	1|0	1	0,1,0
NA12144	0|0	0.11	0.89,0.11,0
NA12154	1|1	2	0,0,1
NA12155	0|1	0.98	0.02,0.98,0
NA12156	1|1	2	0,0,1
NA12234	1|1	1.99	0,0.01,0.99
NA12717	1|0	1	0,1,0
NA12750	1|1	1.81	0,0.19,0.81
NA12760	1|0	1.03	0,0.97,0.03
NA12761	1|1	2	0,0,1
NA12762	0|1	1	0,1,0
NA12763	1|1	2	0,0,1
NA12812	1|1	2	0,0,1
NA12813	1|1	2	0,0,1
NA12814	1|1	2	0,0,1
NA12815	0|0	0	1,0,0
NA12872	1|1	2	0,0,1
NA12873	0|1	1	0,1,0
NA12874	1|0	1	0,1,0
NA12878	0|1	1	0,1,0
