NA06985	0|0	1,0,0
NA06991	0|0	1,0,0
NA06993	0|0	0.999,0.001,0
NA06994	0|1	0,1,0
NA07000	0|0	1,0,0
NA07019	0|0	1,0,0
NA07022	0|0	1,0,0
NA07029	1|0	0,1,0
NA07034	0|0	1,0,0
NA07048	0|0	0.999,0.001,0
NA07055	0|0	0.995,0.005,0
NA07056	0|0	1,0,0
NA07345	0|0	1,0,0
NA07348	0|0	0.999,0.001,0
NA07357	0|0	0.998,0.002,0
NA10830	0|0	1,0,0
NA10831	0|0	1,0,0
NA10838	0|0	1,0,0
NA10839	0|1	0,1,0
NA10846	0|0	1,0,0
NA10847	0|1	0.00400001,0.996,0
NA10851	0|0	1,0,0
NA10854	0|1	0,0.999,0.001
NA10855	0|0	0.999,0.001,0
NA10857	0|1	0,1,0
NA10859	1|0	0,1,0
NA10860	0|0	1,0,0
NA10861	1|1	0,0.000999987,0.999
NA10863	1|0	0.00199997,0.998,0
NA11829	0|0	0.998001,0.001998,1e-06
NA11830	0|0	1,0,0
NA11831	0|0	0.998001,0.001998,1e-06
NA11832	0|0	1,0,0
NA11839	0|0	0.998001,0.001998,1e-06
NA11840	1|0	0,1,0
NA11881	1|0	0,1,0
NA11882	0|0	0.991,0.009,0
NA11992	0|0	1,0,0
NA11993	0|0	0.999,0.001,0
NA11994	1|0	0,0.999,0.001
NA11995	1|0	0.00199797,0.997004,0.000998
NA12003	0|0	1,0,0
NA12004	0|0	0.921,0.079,0
NA12005	0|0	1,0,0
NA12006	0|1	0,0.999,0.001
NA12043	0|0	1,0,0
NA12044	0|1	0,1,0
NA12056	0|0	1,0,0
NA12057	1|0	0.005,0.995,0
NA12144	0|0	1,0,0
NA12145	0|0	1,0,0
NA12146	0|0	1,0,0
NA12154	0|0	1,0,0
NA12155	0|0	0.999,0.001,0
NA12156	1|0	0,1,0
NA12234	1|1	0,0.221,0.779
NA12239	1|0	0,1,0
NA12248	0|0	0.999,0.001,0
NA12264	0|1	0,1,0
NA12707	0|0	1,0,0
NA12716	0|0	1,0,0
NA12717	0|0	1,0,0
NA12740	0|0	1,0,0
NA12750	0|0	1,0,0
NA12751	0|0	0.833,0.167,0
NA12752	0|0	1,0,0
NA12753	0|0	1,0,0
NA12760	0|0	1,0,0
NA12761	0|0	1,0,0
NA12762	0|0	0.998,0.002,0
NA12763	0|1	0.00400001,0.996,0
NA12801	0|0	1,0,0
NA12802	0|0	0.999,0.001,0
NA12812	0|0	0.999,0.001,0
NA12813	0|0	0.999,0.001,0
NA12814	0|0	0.867,0.133,0
NA12815	0|1	0.00998999,0.98902,0.00099
NA12864	1|1	0,0.000999987,0.999
NA12865	1|0	0,1,0
NA12872	1|0	0,1,0
NA12873	0|1	0,1,0
NA12874	0|1	0,0.999,0.001
NA12878	1|0	0,1,0
NA12891	1|0	0,1,0
NA12892	0|0	1,0,0
NA20502	0|0	1,0,0
NA20504	0|0	0.939,0.061,0
NA20505	0|0	1,0,0
NA20506	0|0	0.996,0.004,0
NA20508	0|0	1,0,0
NA20509	0|0	1,0,0
NA20510	0|0	0.975,0.025,0
NA20512	0|1	0.000998987,0.998002,0.000999
NA20515	0|0	1,0,0
NA20517	0|0	1,0,0
NA20518	0|0	0.995,0.005,0
NA20519	1|0	0,0.999,0.001
NA20520	0|1	0.005,0.995,0
NA20522	0|0	1,0,0
NA20524	1|0	0,1,0
NA20525	0|0	1,0,0
NA20527	0|1	0.027,0.973,0
NA20528	0|0	1,0,0
NA20529	0|1	0,1,0
NA20530	0|0	0.999,0.001,0
NA20531	1|0	0,0.999,0.001
NA20534	0|0	0.997,0.003,0
NA20535	0|1	0,1,0
NA20538	1|0	0.005,0.995,0
NA20539	0|0	1,0,0
NA20540	1|0	0.00998999,0.98902,0.00099
NA20541	1|0	0,0.986,0.014
NA20542	1|0	0.00199997,0.998,0
NA20543	0|0	1,0,0
NA20544	0|0	1,0,0
NA20581	0|0	0.824348,0.175304,0.000348
NA20582	0|0	1,0,0
NA20585	1|0	0.13,0.87,0
NA20586	0|0	1,0,0
NA20588	0|0	0.676,0.324,0
NA20589	0|0	1,0,0
NA20752	0|0	1,0,0
NA20753	0|0	1,0,0
NA20754	0|0	1,0,0
NA20755	0|0	1,0,0
NA20756	0|0	0.999,0.001,0
NA20757	0|1	0.00199997,0.998,0
NA20758	0|0	0.921,0.079,0
NA20759	0|0	0.999,0.001,0
NA20760	0|1	0.00599998,0.994,0
NA20761	1|0	0.00199997,0.998,0
NA20765	0|0	0.998,0.002,0
NA20766	0|1	0.226,0.774,0
NA20768	0|1	0.000999987,0.999,0
NA20769	0|0	1,0,0
NA20770	0|0	1,0,0
NA20771	0|0	1,0,0
NA20772	0|0	1,0,0
NA20773	0|0	1,0,0
NA20774	0|1	0.00699303,0.992014,0.000993
NA20775	0|0	1,0,0
NA20778	1|1	0,0,1
NA20783	0|0	0.999,0.001,0
NA20785	0|0	1,0,0
NA20786	0|0	0.999,0.001,0
NA20787	0|1	0.049,0.951,0
NA20790	1|1	0,0.005,0.995
NA20792	0|1	0.000999987,0.999,0
NA20795	0|0	1,0,0
NA20796	0|0	1,0,0
NA20797	1|0	0.004995,0.99401,0.000995
NA20798	0|0	0.999,0.001,0
NA20799	0|0	1,0,0
NA20800	0|0	1,0,0
NA20801	0|0	0.999,0.001,0
NA20802	0|0	1,0,0
NA20803	0|1	0.010989,0.988022,0.000989
NA20804	0|0	1,0,0
NA20805	1|0	0.000998987,0.998002,0.000999
NA20806	0|1	0.015,0.985,0
NA20807	0|0	0.913,0.087,0
NA20808	0|0	1,0,0
NA20809	0|0	1,0,0
NA20810	1|0	0.000999987,0.999,0
NA20811	1|0	0.012961,0.984078,0.002961
NA20812	0|0	1,0,0
NA20813	1|0	0.00199997,0.998,0
NA20815	0|0	0.999,0.001,0
NA20819	0|0	0.92,0.08,0
NA20826	0|1	0.00199997,0.998,0
NA20828	1|0	0.000999987,0.999,0
