NA18498	1|1	2	0,0,1
NA18502	1|0	1	0,1,0
NA18505	0|1	1	0,1,0
NA18507	1|1	2	0,0,1
NA18508	1|1	2	0,0,1
NA18517	0|0	0	1,0,0
NA18519	0|0	0	1,0,0
NA18867	1|0	1	0,1,0
NA18870	1|0	1	0,1,0
NA18910	1|1	2	0,0,1
NA19092	0|0	0	1,0,0
NA19098	0|0	0	1,0,0
NA19099	1|0	1	0,1,0
NA19102	1|1	1.98	0,0.02,0.98
NA19108	0|0	0	1,0,0
NA19118	0|0	0	1,0,0
NA19119	0|0	0	1,0,0
NA19129	1|1	2	0,0,1
NA19130	0|0	0	1,0,0
NA19141	0|0	0	1,0,0
NA19146	0|1	1.22	0,0.78,0.22
NA19150	1|1	2	0,0,1
NA19152	1|0	1	0,1,0
NA19160	1|1	2	0,0,1
NA19171	0|0	0	1,0,0
NA19204	0|1	1	0,1,0
NA19206	0|1	1	0,1,0
NA19207	0|0	0	1,0,0
NA19209	1|1	2	0,0,1
NA19213	0|0	0	1,0,0
NA19240	0|0	0	1,0,0
NA11829	0|0	0.43	0.57,0.43,0
NA11830	1|0	1	0,1,0
NA11831	0|0	0	1,0,0
NA11832	1|1	2	0,0,1
NA11840	0|0	0	1,0,0
NA11881	0|0	0	1,0,0
NA11994	0|0	0	1,0,0
NA11995	1|0	1	0,1,0
NA12004	1|0	1	0,1,0
NA12005	1|1	2	0,0,1
NA12043	1|1	2	0,0,1
NA12044	1|0	0.96	0.04,0.96,0
NA12144	1|1	2	0,0,1
NA12154	0|0	0	1,0,0
NA12155	0|0	0	1,0,0
NA12156	0|0	0	1,0,0
NA12234	0|0	0	1,0,0
NA12717	1|1	1.95	0,0.05,0.95
NA12750	0|0	0	1,0,0
NA12760	0|0	0	1,0,0
NA12761	1|0	1	0,1,0
NA12762	1|1	1.73	0.01,0.25,0.74
NA12763	0|0	0	1,0,0
NA12812	1|1	2	0,0,1
NA12813	0|0	0	1,0,0
NA12814	0|0	0	1,0,0
NA12815	1|0	1	0,1,0
NA12872	0|0	0	1,0,0
NA12873	0|0	0	1,0,0
NA12874	1|1	2	0,0,1
NA12878	0|0	0.08	0.92,0.08,0
NA18526	0|1	1.04	0,0.96,0.04
NA18537	1|0	1.36	0,0.64,0.36
NA18550	1|1	1.59	0.03,0.34,0.63
NA18555	1|1	1.98	0,0.02,0.98
NA18562	0|0	0	1,0,0
NA18563	0|0	0.06	0.94,0.06,0
NA18582	1|1	1.65	0,0.35,0.65
NA18603	0|0	0.01	0.99,0.01,0
NA18606	1|1	1.99	0,0.01,0.99
NA18621	1|1	1.15	0.18,0.49,0.33
NA18622	1|1	2	0,0,1
NA18628	1|1	1.93	0,0.07,0.93
NA18632	0|0	0	1,0,0
NA18636	0|0	0.35	0.67,0.32,0.01
NA18647	1|1	2	0,0,1
NA18942	0|1	1	0,1,0
NA18945	1|1	1.66	0.03,0.28,0.69
NA18947	0|1	0.56	0.45,0.54,0.01
NA18951	1|1	2	0,0,1
NA18952	1|1	2	0,0,1
NA18953	0|0	0.16	0.84,0.16,0
NA18956	1|0	1	0,1,0
NA18965	1|1	2	0,0,1
NA18970	1|1	2	0,0,1
NA18973	1|0	0.98	0.02,0.98,0
NA18977	1|1	1.92	0,0.08,0.92
NA18987	1|1	1.99	0,0.01,0.99
NA18990	1|1	1.96	0,0.04,0.96
NA18995	0|0	0	1,0,0
NA19003	0|0	0.04	0.96,0.04,0
NA19010	1|0	1.02	0,0.98,0.02
