NA18498	1|1	1.56	0.05,0.35,0.61
NA18500	1|1	2	0,0,1
NA18501	0|1	1	0,1,0
NA18502	1|1	2	0,0,1
NA18503	1|1	2	0,0,1
NA18504	1|0	0.71	0.29,0.71,0
NA18505	0|0	0.01	0.99,0.01,0
NA18506	0|1	1	0,1,0
NA18507	0|0	0.02	0.98,0.02,0
NA18508	0|1	1	0,1,0
NA18515	1|0	1	0,1,0
NA18516	1|0	1	0,1,0
NA18517	0|1	0.79	0.21,0.79,0
NA18519	1|1	1.41	0.05,0.5,0.46
NA18521	0|0	0	1,0,0
NA18522	1|0	1	0,1,0
NA18523	0|0	0	1,0,0
NA18852	0|0	0	1,0,0
NA18853	0|0	0.02	0.98,0.02,0
NA18854	0|0	0	1,0,0
NA18855	0|1	1	0,1,0
NA18856	0|0	0	1,0,0
NA18857	0|0	0	1,0,0
NA18858	1|0	0.83	0.17,0.83,0
NA18859	1|1	2	0,0,1
NA18860	0|1	1	0,1,0
NA18861	1|0	0.79	0.22,0.78,0.01
NA18862	1|0	1	0,1,0
NA18863	1|1	1.71	0,0.29,0.71
NA18867	0|0	0	1,0,0
NA18870	1|0	1	0,1,0
NA18871	0|0	0.31	0.69,0.31,0
NA18872	0|0	0	1,0,0
NA18910	1|0	1.25	0,0.75,0.25
NA18912	0|1	1	0,1,0
NA18913	1|0	1	0,1,0
NA18914	0|0	0	1,0,0
NA19027	1|0	1	0,1,0
NA19028	1|1	1.57	0.03,0.37,0.6
NA19031	0|0	0	1,0,0
NA19035	1|0	1	0,1,0
NA19036	0|1	1.03	0,0.97,0.03
NA19038	1|0	1	0,1,0
NA19041	0|1	1	0,1,0
NA19092	0|0	0	1,0,0
NA19093	0|0	0	1,0,0
NA19094	0|0	0	1,0,0
NA19099	0|0	0.03	0.97,0.03,0
NA19100	0|0	0.31	0.69,0.31,0
NA19101	1|0	1.22	0,0.78,0.22
NA19102	1|1	2	0,0,1
NA19103	1|1	2	0,0,1
NA19108	1|1	1.97	0,0.03,0.97
NA19116	0|0	0.35	0.65,0.35,0
NA19118	0|0	0.82	0.35,0.49,0.16
NA19119	1|1	2	0,0,1
NA19120	1|0	1	0,1,0
NA19127	0|1	1	0,1,0
NA19128	1|1	2	0,0,1
NA19129	1|1	2	0,0,1
NA19130	1|0	1	0,1,0
NA19131	1|1	2	0,0,1
NA19132	1|0	1	0,1,0
NA19137	1|1	2	0,0,1
NA19138	1|1	2	0,0,1
NA19139	1|1	2	0,0,1
NA19140	0|0	0	1,0,0
NA19141	1|0	1	0,1,0
NA19142	0|0	0	1,0,0
NA19143	1|1	2	0,0,1
NA19144	1|1	1.94	0,0.06,0.94
NA19146	0|0	0	1,0,0
NA19150	1|0	1	0,1,0
NA19152	0|1	1	0,1,0
NA19153	1|1	2	0,0,1
NA19154	1|1	2	0,0,1
NA19159	1|1	1.79	0,0.21,0.79
NA19160	1|0	1	0,1,0
NA19161	1|1	2	0,0,1
NA19171	1|1	2	0,0,1
NA19172	1|0	0.99	0.01,0.99,0
NA19173	0|1	1	0,1,0
NA19189	1|1	1.98	0,0.02,0.98
NA19200	1|0	1.06	0,0.94,0.06
NA19201	1|1	2	0,0,1
NA19202	1|0	1	0,1,0
NA19203	0|0	0.5	0.5,0.5,0
NA19204	1|0	1	0,1,0
NA19205	0|0	0	1,0,0
NA19206	0|0	0	1,0,0
NA19207	1|1	2	0,0,1
NA19208	1|0	1	0,1,0
NA19209	1|0	0.96	0.04,0.96,0
NA19210	1|1	2	0,0,1
NA19211	1|0	1	0,1,0
NA19213	1|0	1	0,1,0
NA19221	1|0	1	0,1,0
NA19222	1|1	2	0,0,1
NA19223	0|1	0.96	0.04,0.96,0
NA19238	1|1	1.86	0,0.14,0.86
NA19239	1|1	2	0,0,1
NA19240	1|1	2	0,0,1
NA19307	0|1	1	0,1,0
NA19308	0|0	0	1,0,0
NA19309	1|0	1.15	0,0.85,0.15
NA19310	0|0	0	1,0,0
NA19314	0|0	0.02	0.98,0.02,0
NA19315	0|0	0.06	0.94,0.06,0
NA19316	1|1	1.57	0,0.43,0.57
NA19317	0|0	0	1,0,0
NA19318	1|1	1.18	0.16,0.49,0.34
NA19319	0|1	0.96	0.06,0.91,0.03
NA19321	0|0	0.11	0.89,0.11,0
NA19324	0|1	1	0,1,0
NA19327	1|0	1.01	0,0.99,0.01
NA19328	1|1	1.95	0,0.05,0.95
NA19332	0|0	0	1,0,0
NA19334	0|0	0.1	0.9,0.1,0
NA19346	1|1	1.81	0,0.19,0.81
NA19347	1|0	1	0,1,0
NA19350	1|0	1	0,1,0
NA19360	0|0	0	1,0,0
NA19372	0|1	1	0,1,0
NA19374	0|0	0	1,0,0
NA19375	1|0	0.9	0.1,0.9,0
NA19376	1|0	1	0,1,0
NA19377	1|0	0.81	0.19,0.81,0
NA19379	1|0	1	0,1,0
NA19380	0|0	0	1,0,0
NA19383	0|0	0.37	0.64,0.34,0.02
NA19384	1|0	1	0,1,0
NA19385	0|1	0.94	0.27,0.53,0.2
NA19390	0|0	0	1,0,0
NA19391	0|0	0.05	0.95,0.05,0
NA19393	0|1	1	0,1,0
NA19394	1|0	0.84	0.16,0.84,0
NA19397	0|0	0.46	0.54,0.46,0
NA19399	1|1	1.81	0,0.19,0.81
NA19403	1|1	1.84	0,0.16,0.84
NA19404	1|1	2	0,0,1
NA19428	0|0	0.1	0.9,0.1,0
NA19430	0|1	1	0,1,0
NA19431	0|1	1	0,1,0
NA19434	0|1	1	0,1,0
NA19435	0|0	0	1,0,0
NA19436	1|0	0.54	0.46,0.54,0
NA19437	0|1	1	0,1,0
NA19438	0|0	0	1,0,0
NA19439	1|0	0.95	0.05,0.95,0
NA19440	0|0	0.32	0.68,0.32,0
NA19443	1|1	1.51	0,0.49,0.51
NA19445	1|1	2	0,0,1
NA19446	1|0	1	0,1,0
NA19448	0|0	0	1,0,0
NA19449	0|1	1.37	0,0.63,0.37
NA19451	0|0	0	1,0,0
NA19452	0|0	0.35	0.65,0.35,0
NA19455	0|0	0	1,0,0
NA19456	0|0	0	1,0,0
NA19457	0|1	1.12	0,0.88,0.12
NA19462	1|1	2	0,0,1
NA19463	1|0	1	0,1,0
NA19466	1|1	1.93	0,0.07,0.93
NA19467	0|0	0	1,0,0
NA19468	0|0	0	1,0,0
NA19471	1|1	1.99	0,0.01,0.99
NA19472	0|1	1	0,1,0
NA19473	0|1	1	0,1,0
NA19474	0|0	0	1,0,0
