NA18526	0|0	0	1,0,0
NA18532	0|0	0	1,0,0
NA18537	0|0	0	1,0,0
NA18547	0|0	0	1,0,0
NA18550	0|0	0	1,0,0
NA18555	0|0	0	1,0,0
NA18561	0|1	0.99	0.01,0.99,0
NA18562	0|0	0	1,0,0
NA18563	0|0	0	1,0,0
NA18566	0|0	0	1,0,0
NA18572	0|0	0	1,0,0
NA18577	0|0	0	1,0,0
NA18582	0|0	0	1,0,0
NA18603	0|0	0	1,0,0
NA18605	0|0	0	1,0,0
NA18606	0|0	0	1,0,0
NA18621	0|0	0.15	0.85,0.15,0
NA18622	0|0	0	1,0,0
NA18628	0|0	0	1,0,0
NA18632	0|0	0.22	0.78,0.22,0
NA18636	0|0	0	1,0,0
NA18647	0|0	0	1,0,0
NA18942	0|0	0	1,0,0
NA18943	0|1	1	0,1,0
NA18945	1|0	1	0,1,0
NA18947	0|0	0	1,0,0
NA18949	1|0	1	0,1,0
NA18951	0|0	0	1,0,0
NA18952	0|0	0	1,0,0
NA18953	0|0	0	1,0,0
NA18956	0|0	0	1,0,0
NA18964	0|0	0	1,0,0
NA18965	1|0	0.59	0.41,0.59,0
NA18970	0|0	0	1,0,0
NA18973	0|0	0	1,0,0
NA18974	0|0	0.03	0.97,0.03,0
NA18977	0|0	0	1,0,0
NA18980	1|0	0.64	0.36,0.64,0
NA18987	0|0	0	1,0,0
NA18990	0|0	0	1,0,0
NA18994	0|0	0	1,0,0
NA18995	0|0	0	1,0,0
NA19000	0|0	0	1,0,0
NA19003	0|0	0	1,0,0
NA19010	0|0	0	1,0,0
