NA11829	0|0	0	1,0,0
NA11830	0|0	0	1,0,0
NA11831	1|0	0.97	0.03,0.97,0
NA11832	1|0	0.83	0.17,0.83,0
NA11840	0|0	0	1,0,0
NA11881	0|1	1.42	0,0.58,0.42
NA11994	1|0	1	0,1,0
NA11995	1|0	0.96	0.04,0.96,0
NA12004	1|1	1.64	0.01,0.34,0.65
NA12005	1|1	1.98	0,0.02,0.98
NA12043	1|0	0.98	0.02,0.98,0
NA12044	1|1	1.99	0,0.01,0.99
NA12144	0|0	0	1,0,0
NA12154	0|0	0	1,0,0
NA12155	1|0	0.93	0.07,0.93,0
NA12156	0|1	1.33	0,0.67,0.33
NA12234	0|0	0	1,0,0
NA12717	0|0	0.51	0.5,0.49,0.01
NA12750	1|0	0.71	0.29,0.71,0
NA12760	1|1	1.83	0,0.17,0.83
NA12761	1|1	1.98	0,0.02,0.98
NA12762	1|1	1.99	0,0.01,0.99
NA12763	1|0	1	0,1,0
NA12812	0|0	0	1,0,0
NA12813	0|0	0	1,0,0
NA12814	0|1	1	0,1,0
NA12815	1|0	0.96	0.04,0.96,0
NA12872	1|0	1	0,1,0
NA12873	1|1	1.78	0,0.22,0.78
NA12874	0|1	1	0,1,0
NA12878	0|0	0	1,0,0
