NA11829	0|0	0	1,0,0
NA11830	1|1	2	0,0,1
NA11831	1|1	2	0,0,1
NA11832	1|0	1.12	0,0.88,0.12
NA11840	1|0	1	0,1,0
NA11881	1|0	1	0,1,0
NA11994	1|1	2	0,0,1
NA11995	0|0	0.12	0.88,0.12,0
NA12004	0|0	0.01	0.99,0.01,0
NA12005	1|0	1	0,1,0
NA12043	0|0	0	1,0,0
NA12044	0|1	1.09	0.01,0.88,0.1
NA12144	0|0	0	1,0,0
NA12154	1|1	1.91	0,0.09,0.91
NA12155	1|1	1.54	0,0.46,0.54
NA12156	0|0	0	1,0,0
NA12234	1|1	2	0,0,1
NA12717	0|0	0	1,0,0
NA12750	1|1	1.99	0,0.01,0.99
NA12760	0|0	0	1,0,0
NA12762	0|0	0	1,0,0
NA12763	1|0	1	0,1,0
NA12812	0|0	0	1,0,0
NA12813	0|0	0.15	0.86,0.14,0.01
NA12814	0|0	0	1,0,0
NA12815	0|1	1.14	0,0.86,0.14
NA12872	0|0	0.5	0.53,0.44,0.03
NA12873	0|0	0.26	0.74,0.25,0
NA12874	0|0	0	1,0,0
NA12878	1|1	2	0,0,1
