NA18526	0|0	0	1,0,0
NA18537	0|0	0.01	0.99,0.01,0
NA18550	0|0	0.25	0.76,0.24,0.01
NA18555	1|0	1.48	0,0.52,0.48
NA18562	0|0	0.11	0.89,0.1,0
NA18563	1|1	2	0,0,1
NA18582	0|0	0.02	0.98,0.02,0
NA18603	0|0	0	1,0,0
NA18606	0|1	1.14	0.05,0.76,0.19
NA18621	0|0	0.02	0.98,0.02,0
NA18622	0|1	1.11	0.04,0.81,0.15
NA18628	0|1	1	0,1,0
NA18632	0|0	0	1,0,0
NA18636	1|1	1.44	0.08,0.41,0.51
NA18647	0|0	0.11	0.89,0.11,0
NA18942	1|0	0.99	0.01,0.99,0
NA18945	1|1	2	0,0,1
NA18947	1|0	0.56	0.44,0.56,0
NA18951	0|1	0.61	0.42,0.55,0.03
NA18952	1|1	2	0,0,1
NA18953	1|1	2	0,0,1
NA18965	1|1	1.68	0.02,0.27,0.71
NA18970	0|0	0	1,0,0
NA18977	0|0	0	1,0,0
NA18987	1|0	1	0,1,0
NA18990	1|1	1.57	0.04,0.35,0.61
NA18995	0|0	0	1,0,0
NA19003	1|0	1	0,1,0
NA19010	0|0	0.35	0.66,0.32,0.01
