NA06985	0|0	0	1,0,0
NA06993	0|0	0	1,0,0
NA06994	0|0	0	1,0,0
NA07000	1|0	1	0,1,0
NA07019	1|0	1	0,1,0
NA07022	1|0	1	0,1,0
NA07029	0|1	1	0,1,0
NA07034	0|0	0	1,0,0
NA07048	0|0	0	1,0,0
NA07055	0|0	0	1,0,0
NA07056	0|0	0	1,0,0
NA07345	0|0	0	1,0,0
NA07348	0|0	0	1,0,0
NA07357	0|0	0	1,0,0
NA10830	1|0	1	0,1,0
NA10831	0|1	1	0,1,0
NA10835	0|1	1	0,1,0
NA10838	1|0	1	0,1,0
NA10839	1|0	1	0,1,0
NA10846	0|0	0	1,0,0
NA10847	0|0	0	1,0,0
NA10851	0|1	1	0,1,0
NA10854	0|0	0	1,0,0
NA10855	1|1	2	0,0,1
NA10856	0|0	0	1,0,0
NA10857	0|0	0	1,0,0
NA10859	0|0	0	1,0,0
NA10860	0|0	0	1,0,0
NA10861	1|0	1	0,1,0
NA10863	0|0	0	1,0,0
NA11829	0|0	0	1,0,0
NA11830	0|0	0	1,0,0
NA11831	0|1	1	0,1,0
NA11832	0|1	1	0,1,0
NA11839	0|0	0	1,0,0
NA11840	0|0	0	1,0,0
NA11881	0|0	0	1,0,0
NA11882	0|0	0	1,0,0
NA11992	0|0	0	1,0,0
NA11993	1|0	1	0,1,0
NA11994	1|0	1	0,1,0
NA11995	0|0	0	1,0,0
NA12003	1|1	2	0,0,1
NA12004	0|0	0	1,0,0
NA12005	0|1	1	0,1,0
NA12006	1|0	1	0,1,0
NA12043	0|1	1	0,1,0
NA12044	0|0	0	1,0,0
NA12056	1|1	2	0,0,1
NA12057	1|0	1	0,1,0
NA12144	0|1	1	0,1,0
NA12145	0|0	0	1,0,0
NA12146	0|0	0	1,0,0
NA12154	0|1	1	0,1,0
NA12155	0|0	0	1,0,0
NA12156	1|0	1	0,1,0
NA12234	0|0	0	1,0,0
NA12236	0|0	0	1,0,0
NA12239	0|0	0.06	0.94,0.06,0
NA12248	0|0	0	1,0,0
NA12249	1|0	1	0,1,0
NA12264	1|0	1	0,1,0
NA12707	0|1	1	0,1,0
NA12716	0|0	0	1,0,0
NA12717	0|1	1	0,1,0
NA12740	0|0	0	1,0,0
NA12750	0|0	0	1,0,0
NA12751	0|0	0	1,0,0
NA12752	0|0	0	1,0,0
NA12753	0|0	0	1,0,0
NA12760	0|0	0	1,0,0
NA12761	0|0	0	1,0,0
NA12762	0|0	0	1,0,0
NA12763	0|0	0	1,0,0
NA12801	0|0	0	1,0,0
NA12802	0|0	0	1,0,0
NA12812	0|0	0	1,0,0
NA12813	0|0	0	1,0,0
NA12814	0|1	1	0,1,0
NA12815	0|0	0	1,0,0
NA12864	0|0	0	1,0,0
NA12865	1|0	1	0,1,0
NA12872	0|1	1	0,1,0
NA12873	0|0	0	1,0,0
NA12874	0|0	0	1,0,0
NA12875	0|1	1	0,1,0
NA12878	0|0	0	1,0,0
NA12891	0|0	0	1,0,0
NA12892	0|0	0	1,0,0
NA20502	0|1	1	0,1,0
NA20504	0|0	0	1,0,0
NA20505	1|0	0.99	0.01,0.99,0
NA20506	0|1	1	0,1,0
NA20508	0|0	0	1,0,0
NA20509	0|0	0	1,0,0
NA20510	0|0	0	1,0,0
NA20512	0|0	0	1,0,0
NA20515	1|0	0.5	0.5,0.5,0
NA20516	0|0	0	1,0,0
NA20517	0|1	1.01	0,0.99,0.01
NA20518	0|0	0	1,0,0
NA20519	0|0	0	1,0,0
NA20520	0|0	0	1,0,0
NA20521	0|0	0	1,0,0
NA20522	0|0	0	1,0,0
NA20524	0|0	0	1,0,0
NA20525	0|0	0	1,0,0
NA20527	0|0	0	1,0,0
NA20528	1|1	2	0,0,1
NA20529	0|1	1	0,1,0
NA20530	0|0	0	1,0,0
NA20531	0|0	0	1,0,0
NA20534	1|1	2	0,0,1
NA20535	1|0	1	0,1,0
NA20538	0|0	0	1,0,0
NA20539	1|0	1	0,1,0
NA20540	0|1	1	0,1,0
NA20541	0|0	0.02	0.98,0.02,0
NA20542	0|0	0	1,0,0
NA20543	0|0	0	1,0,0
NA20544	0|0	0	1,0,0
NA20581	0|0	0	1,0,0
NA20582	0|0	0	1,0,0
NA20585	0|0	0	1,0,0
NA20586	0|0	0	1,0,0
NA20588	0|0	0	1,0,0
NA20589	0|0	0	1,0,0
NA20752	0|1	1	0,1,0
NA20753	1|0	1	0,1,0
NA20754	0|0	0	1,0,0
NA20755	0|0	0	1,0,0
NA20756	0|0	0	1,0,0
NA20757	1|1	2	0,0,1
NA20758	0|0	0	1,0,0
NA20759	0|1	1	0,1,0
NA20760	0|0	0	1,0,0
NA20761	0|0	0	1,0,0
NA20765	1|0	1	0,1,0
NA20766	0|1	1	0,1,0
NA20768	0|0	0	1,0,0
NA20769	0|0	0	1,0,0
NA20770	0|0	0	1,0,0
NA20771	0|0	0	1,0,0
NA20772	1|0	0.94	0.06,0.94,0
NA20773	0|0	0	1,0,0
NA20774	0|0	0	1,0,0
NA20775	0|1	1	0,1,0
NA20778	0|0	0	1,0,0
NA20783	1|0	1	0,1,0
NA20785	0|0	0	1,0,0
NA20786	0|0	0	1,0,0
NA20787	0|0	0	1,0,0
NA20790	0|1	0.98	0.02,0.98,0
NA20792	0|1	0.6	0.4,0.6,0
NA20795	0|0	0.01	0.99,0.01,0
NA20796	0|0	0	1,0,0
NA20797	0|0	0.07	0.93,0.07,0
NA20798	0|0	0	1,0,0
NA20799	0|0	0	1,0,0
NA20800	1|0	1	0,1,0
NA20801	0|0	0	1,0,0
NA20802	1|0	1	0,1,0
NA20803	0|0	0	1,0,0
NA20804	0|0	0	1,0,0
NA20805	0|0	0	1,0,0
NA20806	0|0	0.14	0.86,0.14,0
NA20807	0|1	1	0,1,0
NA20808	0|0	0	1,0,0
NA20809	0|0	0	1,0,0
NA20810	0|0	0	1,0,0
NA20811	0|0	0	1,0,0
NA20812	0|0	0	1,0,0
NA20813	1|1	2	0,0,1
NA20815	0|0	0	1,0,0
NA20818	0|1	1	0,1,0
NA20819	0|0	0	1,0,0
NA20826	0|0	0	1,0,0
NA20828	0|0	0	1,0,0
