NA18498	1|0	1	0,1,0
NA18500	0|0	0	1,0,0
NA18501	0|0	0	1,0,0
NA18502	0|0	0	1,0,0
NA18503	0|0	0	1,0,0
NA18504	0|0	0	1,0,0
NA18505	0|0	0.01	0.99,0.01,0
NA18506	1|1	2	0,0,1
NA18507	1|0	1	0,1,0
NA18508	1|0	1	0,1,0
NA18515	0|1	1	0,1,0
NA18516	1|0	1	0,1,0
NA18517	0|0	0.12	0.88,0.12,0
NA18519	1|0	1	0,1,0
NA18521	1|0	1	0,1,0
NA18522	1|0	1	0,1,0
NA18523	0|1	1	0,1,0
NA18852	0|0	0	1,0,0
NA18853	0|1	1	0,1,0
NA18854	0|0	0	1,0,0
NA18855	1|1	2	0,0,1
NA18856	1|1	1.59	0,0.41,0.59
NA18857	1|1	2	0,0,1
NA18858	1|0	1	0,1,0
NA18859	1|0	1	0,1,0
NA18860	0|1	1	0,1,0
NA18861	0|0	0	1,0,0
NA18862	1|0	1	0,1,0
NA18863	0|0	0	1,0,0
NA18867	1|0	1	0,1,0
NA18870	1|0	1	0,1,0
NA18871	1|0	1	0,1,0
NA18872	0|1	1	0,1,0
NA18910	0|0	0.02	0.98,0.02,0
NA18912	0|1	1	0,1,0
NA18913	1|0	1.09	0,0.91,0.09
NA18914	0|1	1.04	0,0.96,0.04
NA19027	1|0	1.09	0,0.91,0.09
NA19028	0|1	1	0,1,0
NA19031	0|1	1	0,1,0
NA19035	1|0	1.01	0,0.99,0.01
NA19036	0|1	0.99	0.01,0.99,0
NA19038	0|1	0.85	0.2,0.76,0.04
NA19041	0|0	0.02	0.98,0.02,0
NA19092	1|1	2	0,0,1
NA19093	0|0	0.22	0.78,0.22,0
NA19094	0|1	1	0,1,0
NA19098	0|1	1	0,1,0
NA19099	0|1	1.47	0,0.53,0.47
NA19100	0|1	1	0,1,0
NA19101	1|0	1.49	0,0.51,0.49
NA19102	1|0	1	0,1,0
NA19108	0|1	1	0,1,0
NA19116	0|1	1	0,1,0
NA19118	1|1	1.93	0,0.07,0.93
NA19119	0|0	0.01	0.99,0.01,0
NA19120	0|0	0	1,0,0
NA19127	1|0	1.05	0.2,0.55,0.25
NA19128	0|1	1.14	0,0.86,0.14
NA19129	1|0	1.36	0,0.64,0.36
NA19130	1|0	0.66	0.34,0.66,0
NA19131	0|1	1	0,1,0
NA19132	0|0	0	1,0,0
NA19137	0|1	1.36	0,0.64,0.36
NA19138	0|0	0	1,0,0
NA19139	0|1	1	0,1,0
NA19140	1|0	1	0,1,0
NA19141	1|1	2	0,0,1
NA19142	1|1	2	0,0,1
NA19143	1|0	1.03	0,0.97,0.03
NA19144	0|1	1	0,1,0
NA19145	1|0	1	0,1,0
NA19146	1|1	2	0,0,1
NA19150	1|0	1.49	0,0.51,0.49
NA19152	0|0	0.01	0.99,0.01,0
NA19153	1|0	1	0,1,0
NA19154	1|0	1	0,1,0
NA19159	1|0	1	0,1,0
NA19160	0|0	0	1,0,0
NA19161	0|0	0	1,0,0
NA19171	0|0	0	1,0,0
NA19172	0|1	1.09	0,0.91,0.09
NA19173	1|0	1	0,1,0
NA19189	0|0	0	1,0,0
NA19200	0|0	0	1,0,0
NA19201	0|0	0.23	0.77,0.23,0
NA19202	0|0	0	1,0,0
NA19203	0|1	1	0,1,0
NA19204	1|1	2	0,0,1
NA19205	1|1	2	0,0,1
NA19206	1|0	1.14	0,0.86,0.14
NA19207	1|1	1.65	0,0.35,0.65
NA19208	1|1	1.73	0,0.27,0.73
NA19209	1|1	2	0,0,1
NA19210	0|1	0.54	0.46,0.54,0
NA19211	0|1	1	0,1,0
NA19213	0|0	0	1,0,0
NA19221	0|1	1	0,1,0
NA19222	1|1	1.99	0,0.01,0.99
NA19223	0|0	0	1,0,0
NA19238	0|1	1	0,1,0
NA19239	0|0	0	1,0,0
NA19240	0|0	0	1,0,0
NA19307	1|0	1	0,1,0
NA19308	1|1	2	0,0,1
NA19309	1|1	2	0,0,1
NA19310	0|1	1	0,1,0
NA19314	0|1	1	0,1,0
NA19315	0|0	0	1,0,0
NA19316	1|0	0.87	0.13,0.87,0
NA19317	1|1	2	0,0,1
NA19319	1|1	1.99	0,0.01,0.99
NA19321	0|1	1	0,1,0
NA19327	0|0	0	1,0,0
NA19328	0|1	1.25	0,0.75,0.25
NA19332	1|0	1	0,1,0
NA19334	1|1	2	0,0,1
NA19346	0|1	1	0,1,0
NA19347	1|1	2	0,0,1
NA19350	1|0	0.59	0.41,0.59,0
NA19360	0|0	0	1,0,0
NA19372	0|0	0.55	0.5,0.46,0.04
NA19374	1|1	1.96	0,0.04,0.96
NA19375	0|0	0	1,0,0
NA19376	0|1	1	0,1,0
NA19377	0|0	0.13	0.87,0.13,0
NA19379	1|1	2	0,0,1
NA19380	1|0	1	0,1,0
NA19384	1|0	1	0,1,0
NA19385	1|1	2	0,0,1
NA19391	1|0	0.97	0.03,0.97,0
NA19393	1|0	0.62	0.38,0.62,0
NA19394	0|0	0.46	0.54,0.46,0
NA19397	0|0	0	1,0,0
NA19399	1|0	1.23	0,0.77,0.23
NA19403	0|0	0	1,0,0
NA19404	1|0	1.07	0,0.93,0.07
NA19428	0|1	1	0,1,0
NA19429	0|0	0	1,0,0
NA19430	1|0	1	0,1,0
NA19431	1|1	2	0,0,1
NA19434	1|0	1	0,1,0
NA19435	0|0	0	1,0,0
NA19436	1|0	1	0,1,0
NA19437	1|1	2	0,0,1
NA19438	0|1	0.68	0.32,0.68,0
NA19439	1|1	2	0,0,1
NA19440	1|0	1	0,1,0
NA19443	1|0	1	0,1,0
NA19445	0|0	0	1,0,0
NA19446	0|1	1	0,1,0
NA19448	0|1	1	0,1,0
NA19449	1|1	2	0,0,1
NA19451	1|1	2	0,0,1
NA19452	1|1	2	0,0,1
NA19455	0|1	1	0,1,0
NA19456	1|1	1.92	0,0.08,0.92
NA19457	1|0	1	0,1,0
NA19462	1|0	1.06	0,0.94,0.06
NA19463	0|0	0	1,0,0
NA19466	1|1	2	0,0,1
NA19467	0|1	1.07	0,0.93,0.07
NA19468	1|0	1	0,1,0
NA19471	1|1	1.97	0,0.03,0.97
NA19472	0|1	1	0,1,0
NA19473	1|1	1.98	0,0.02,0.98
NA19474	0|0	0	1,0,0
