NA18498	0|0	1,0,0
NA18502	1|0	0,1,0
NA18505	0|0	0.679,0.321,0
NA18507	1|1	0,0,1
NA18508	1|1	0,0,1
NA18517	1|1	0,0,1
NA18519	0|0	1,0,0
NA18867	1|0	0,1,0
NA18870	1|1	0,0,1
NA18910	1|1	0.000441001,0.0411181,0.958441
NA19092	1|1	9.00013e-06,0.00598204,0.994009
NA19098	0|0	0.996004,0.003992,4e-06
NA19099	1|1	0,0,1
NA19102	0|1	0,0.999,0.001
NA19108	0|1	0,0.998,0.002
NA19118	0|0	0.995,0.005,0
NA19119	1|1	0.222784,0.498432,0.278784
NA19129	0|0	1,0,0
NA19130	0|0	1,0,0
NA19141	0|0	0.820836,0.170328,0.008836
NA19146	1|1	0,0,1
NA19150	0|0	1,0,0
NA19152	1|1	0,0,1
NA19160	0|0	1,0,0
NA19171	0|0	1,0,0
NA19189	1|1	0,0,1
NA19204	1|0	0,1,0
NA19206	1|0	0,1,0
NA19207	0|0	1,0,0
NA19209	0|1	0.00400001,0.996,0
NA19213	0|0	0.992016,0.007968,1.6e-05
NA19240	1|0	0,1,0
