NA18498	0|0	1,0,0
NA18502	1|0	0,1,0
NA18505	0|0	0.679,0.321,0
NA18507	1|1	0,0,1
NA18508	1|1	0,0,1
NA18517	1|1	0,0,1
NA18519	0|0	1,0,0
NA18867	1|0	0,1,0
NA18870	1|1	0,0,1
NA18910	1|1	0.000441001,0.0411181,0.958441
NA19092	1|1	9.00013e-06,0.00598204,0.994009
NA19098	0|0	0.996004,0.003992,4e-06
NA19099	1|1	0,0,1
NA19102	0|1	0,0.999,0.001
NA19108	0|1	0,0.998,0.002
NA19118	0|0	0.995,0.005,0
NA19119	1|1	0.222784,0.498432,0.278784
NA19129	0|0	1,0,0
NA19130	0|0	1,0,0
NA19141	0|0	0.820836,0.170328,0.008836
NA19146	1|1	0,0,1
NA19150	0|0	1,0,0
NA19152	1|1	0,0,1
NA19160	0|0	1,0,0
NA19171	0|0	1,0,0
NA19189	1|1	0,0,1
NA19204	1|0	0,1,0
NA19206	1|0	0,1,0
NA19207	0|0	1,0,0
NA19209	0|1	0.00400001,0.996,0
NA19213	0|0	0.992016,0.007968,1.6e-05
NA19240	1|0	0,1,0
NA11829	0|0	1,0,0
NA11830	1|0	0,1,0
NA11831	0|0	1,0,0
NA11832	0|0	1,0,0
NA11840	0|0	1,0,0
NA11881	0|0	1,0,0
NA11994	0|0	0.998001,0.001998,1e-06
NA11995	0|0	1,0,0
NA12004	0|0	0.999,0.001,0
NA12005	1|1	0,0,1
NA12043	0|0	1,0,0
NA12044	0|0	1,0,0
NA12144	0|0	1,0,0
NA12154	0|0	1,0,0
NA12155	0|0	1,0,0
NA12156	0|1	0.00399601,0.995008,0.000996
NA12234	0|1	0,1,0
NA12717	0|0	1,0,0
NA12750	1|1	9.99974e-07,0.00199797,0.998001
NA12760	0|0	1,0,0
NA12761	0|0	0.998,0.002,0
NA12762	0|0	1,0,0
NA12763	0|0	0.998,0.002,0
NA12812	0|0	1,0,0
NA12813	1|0	0.00800002,0.992,0
NA12814	1|1	0.000144001,0.023712,0.976144
NA12815	0|1	0.000999987,0.999,0
NA12872	1|1	3.9999e-06,0.00399195,0.996004
NA12873	0|0	0.999,0.001,0
NA12874	1|1	0,0,1
NA12878	0|0	1,0,0
NA18526	1|1	1.99995e-06,0.00299596,0.997002
NA18537	0|0	0.855,0.145,0
NA18550	0|0	0.969,0.031,0
NA18555	0|0	1,0,0
NA18562	0|0	1,0,0
NA18563	0|0	1,0,0
NA18582	1|0	0,0.997,0.003
NA18603	0|0	1,0,0
NA18606	0|0	1,0,0
NA18621	1|1	0,0,1
NA18622	1|1	0,0,1
NA18628	0|0	1,0,0
NA18632	0|0	1,0,0
NA18636	0|0	1,0,0
NA18647	0|0	1,0,0
NA18942	1|1	0,0.298,0.702
NA18945	0|0	1,0,0
NA18947	0|0	1,0,0
NA18951	1|0	0,1,0
NA18952	0|0	1,0,0
NA18953	0|0	1,0,0
NA18956	1|0	0,1,0
NA18965	1|1	3.9999e-06,0.00399195,0.996004
NA18970	0|0	1,0,0
NA18973	0|1	0,1,0
NA18977	0|0	1,0,0
NA18987	1|0	0.028,0.972,0
NA18990	0|0	1,0,0
NA18995	1|1	0,0,1
NA19003	0|0	1,0,0
NA19010	0|0	0.938,0.062,0
