NA18498	1|1	2	0,0,1
NA18500	0|1	1	0,1,0
NA18501	0|1	1	0,1,0
NA18502	1|1	2	0,0,1
NA18503	1|1	2	0,0,1
NA18504	1|1	2	0,0,1
NA18505	1|1	2	0,0,1
NA18506	1|1	2	0,0,1
NA18507	1|1	2	0,0,1
NA18508	1|1	2	0,0,1
NA18515	1|1	2	0,0,1
NA18516	1|1	2	0,0,1
NA18517	1|1	2	0,0,1
NA18519	1|1	2	0,0,1
NA18521	1|1	2	0,0,1
NA18522	1|1	2	0,0,1
NA18523	1|1	2	0,0,1
NA18852	1|1	2	0,0,1
NA18853	1|1	2	0,0,1
NA18854	1|1	2	0,0,1
NA18855	1|1	2	0,0,1
NA18856	1|1	2	0,0,1
NA18857	1|1	2	0,0,1
NA18858	1|1	2	0,0,1
NA18859	1|1	2	0,0,1
NA18860	1|1	2	0,0,1
NA18861	1|1	2	0,0,1
NA18862	1|1	2	0,0,1
NA18863	1|1	2	0,0,1
NA18867	1|1	2	0,0,1
NA18870	1|1	2	0,0,1
NA18871	1|1	2	0,0,1
NA18872	1|1	2	0,0,1
NA18910	1|1	2	0,0,1
NA18912	1|1	2	0,0,1
NA18913	1|1	2	0,0,1
NA18914	1|1	2	0,0,1
NA19027	1|1	2	0,0,1
NA19028	1|1	2	0,0,1
NA19031	1|1	2	0,0,1
NA19035	1|1	2	0,0,1
NA19036	1|1	2	0,0,1
NA19038	1|1	2	0,0,1
NA19041	1|1	2	0,0,1
NA19092	1|1	2	0,0,1
NA19093	1|1	2	0,0,1
NA19094	1|1	2	0,0,1
NA19098	1|1	2	0,0,1
NA19099	1|1	2	0,0,1
NA19100	1|1	2	0,0,1
NA19101	1|1	2	0,0,1
NA19102	1|1	2	0,0,1
NA19103	1|1	2	0,0,1
NA19108	1|1	2	0,0,1
NA19116	1|1	2	0,0,1
NA19118	1|1	2	0,0,1
NA19119	1|1	2	0,0,1
NA19120	1|0	1.13	0,0.87,0.13
NA19127	1|1	2	0,0,1
NA19128	1|1	2	0,0,1
NA19129	1|1	2	0,0,1
NA19130	1|1	2	0,0,1
NA19131	1|1	2	0,0,1
NA19132	1|1	2	0,0,1
NA19137	1|1	2	0,0,1
NA19138	1|1	2	0,0,1
NA19139	1|1	2	0,0,1
NA19140	1|1	2	0,0,1
NA19141	1|1	2	0,0,1
NA19142	1|1	2	0,0,1
NA19143	1|1	2	0,0,1
NA19144	1|1	2	0,0,1
NA19145	1|1	2	0,0,1
NA19146	1|1	1.97	0,0.03,0.97
NA19150	1|1	2	0,0,1
NA19152	1|1	2	0,0,1
NA19153	1|1	2	0,0,1
NA19154	1|1	2	0,0,1
NA19159	1|1	2	0,0,1
NA19160	1|1	2	0,0,1
NA19161	1|1	2	0,0,1
NA19171	1|1	2	0,0,1
NA19172	1|1	2	0,0,1
NA19173	1|1	2	0,0,1
NA19189	1|1	2	0,0,1
NA19200	1|1	2	0,0,1
NA19201	1|1	2	0,0,1
NA19202	1|1	2	0,0,1
NA19203	1|1	2	0,0,1
NA19204	1|1	2	0,0,1
NA19205	1|1	2	0,0,1
NA19206	1|1	2	0,0,1
NA19207	1|1	2	0,0,1
NA19208	1|1	2	0,0,1
NA19209	1|1	2	0,0,1
NA19210	1|1	2	0,0,1
NA19211	1|1	2	0,0,1
NA19213	1|1	2	0,0,1
NA19221	1|1	2	0,0,1
NA19222	1|1	2	0,0,1
NA19223	1|1	2	0,0,1
NA19238	1|1	2	0,0,1
NA19239	1|1	2	0,0,1
NA19240	1|1	2	0,0,1
NA19307	1|1	2	0,0,1
NA19308	1|1	2	0,0,1
NA19309	1|1	2	0,0,1
NA19310	1|1	2	0,0,1
NA19314	1|1	2	0,0,1
NA19315	1|1	2	0,0,1
NA19316	1|1	2	0,0,1
NA19317	1|1	2	0,0,1
NA19318	1|1	2	0,0,1
NA19319	1|1	2	0,0,1
NA19321	1|1	2	0,0,1
NA19324	1|1	2	0,0,1
NA19327	1|1	2	0,0,1
NA19328	1|1	2	0,0,1
NA19332	1|1	2	0,0,1
NA19334	1|1	2	0,0,1
NA19346	1|1	2	0,0,1
NA19347	1|1	2	0,0,1
NA19350	1|1	2	0,0,1
NA19360	1|1	2	0,0,1
NA19372	1|1	2	0,0,1
NA19374	1|1	2	0,0,1
NA19375	1|1	2	0,0,1
NA19376	1|1	2	0,0,1
NA19377	1|1	2	0,0,1
NA19379	1|1	2	0,0,1
NA19380	1|1	2	0,0,1
NA19383	1|1	2	0,0,1
NA19384	1|1	2	0,0,1
NA19385	1|1	2	0,0,1
NA19390	1|1	2	0,0,1
NA19391	1|1	2	0,0,1
NA19393	1|1	2	0,0,1
NA19394	1|1	2	0,0,1
NA19397	1|1	2	0,0,1
NA19399	1|1	2	0,0,1
NA19403	1|1	2	0,0,1
NA19404	1|1	2	0,0,1
NA19428	1|1	2	0,0,1
NA19429	1|1	2	0,0,1
NA19430	1|1	2	0,0,1
NA19431	1|1	2	0,0,1
NA19434	1|1	2	0,0,1
NA19435	1|1	2	0,0,1
NA19436	1|1	2	0,0,1
NA19437	1|1	2	0,0,1
NA19438	1|1	2	0,0,1
NA19439	1|1	2	0,0,1
NA19440	1|1	2	0,0,1
NA19443	1|1	2	0,0,1
NA19445	1|1	2	0,0,1
NA19446	1|1	2	0,0,1
NA19448	1|1	2	0,0,1
NA19449	1|1	1.99	0,0.01,0.99
NA19451	1|1	2	0,0,1
NA19452	1|1	2	0,0,1
NA19455	1|1	2	0,0,1
NA19456	1|1	2	0,0,1
NA19457	1|1	2	0,0,1
NA19462	1|1	2	0,0,1
NA19463	1|1	2	0,0,1
NA19466	1|1	2	0,0,1
NA19467	1|1	2	0,0,1
NA19468	1|1	2	0,0,1
NA19471	1|1	2	0,0,1
NA19472	1|1	2	0,0,1
NA19473	1|1	2	0,0,1
NA19474	1|1	1.97	0,0.03,0.97
