NA18498	1|1	0,0,1
NA18502	0|0	1,0,0
NA18505	1|0	0,1,0
NA18507	1|1	9.99974e-07,0.00199797,0.998001
NA18508	1|1	0,0,1
NA18517	1|1	0,0,1
NA18519	1|1	0,0,1
NA18867	0|1	0.00800002,0.992,0
NA18870	0|1	0,1,0
NA18910	1|1	4.90004e-05,0.0139021,0.986049
NA19092	1|1	0,0,1
NA19098	1|1	0,0,1
NA19099	1|1	0,0,1
NA19102	1|0	0.00199997,0.998,0
NA19108	1|1	0,0.00599998,0.994
NA19118	1|0	0.00697203,0.989056,0.003972
NA19119	1|1	0,0,1
NA19129	1|0	0,0.998,0.002
NA19130	0|0	1,0,0
NA19141	1|1	8.10001e-05,0.017838,0.982081
NA19146	1|1	0,0,1
NA19150	1|1	0,0,1
NA19152	0|1	0,0.994,0.006
NA19160	1|1	0,0,1
NA19171	0|0	1,0,0
NA19189	0|0	1,0,0
NA19204	1|0	0,1,0
NA19206	0|0	1,0,0
NA19207	1|1	0,0,1
NA19209	0|1	0,0.998,0.002
NA19213	0|0	1,0,0
NA19240	1|1	0,0,1
NA11829	0|0	0.573049,0.367902,0.059049
NA11830	0|0	0.999,0.001,0
NA11831	0|0	1,0,0
NA11832	0|0	1,0,0
NA11840	1|0	0,1,0
NA11881	0|0	1,0,0
NA11994	1|1	0,0,1
NA11995	0|0	1,0,0
NA12004	0|0	1,0,0
NA12005	1|1	9.99974e-07,0.00199797,0.998001
NA12043	0|0	1,0,0
NA12044	0|0	1,0,0
NA12144	1|1	0,0,1
NA12154	0|0	1,0,0
NA12155	0|0	1,0,0
NA12156	0|0	1,0,0
NA12234	0|0	1,0,0
NA12717	0|0	1,0,0
NA12750	0|0	1,0,0
NA12760	0|0	1,0,0
NA12761	0|0	1,0,0
NA12762	0|0	1,0,0
NA12763	0|0	1,0,0
NA12812	0|0	1,0,0
NA12813	0|0	1,0,0
NA12814	0|0	1,0,0
NA12815	0|1	0,1,0
NA12872	0|0	1,0,0
NA12873	0|0	1,0,0
NA12874	0|0	1,0,0
NA18526	1|0	0,1,0
NA18537	1|0	0,1,0
NA18550	0|0	1,0,0
NA18555	0|0	1,0,0
NA18562	0|0	1,0,0
NA18563	0|0	1,0,0
NA18582	0|0	1,0,0
NA18603	0|0	1,0,0
NA18606	0|0	1,0,0
NA18621	0|0	1,0,0
NA18622	0|0	1,0,0
NA18628	1|0	0,1,0
NA18632	0|0	1,0,0
NA18636	0|0	1,0,0
NA18647	0|0	1,0,0
NA18942	0|0	1,0,0
NA18945	0|0	1,0,0
NA18947	0|0	1,0,0
NA18951	0|0	0.96,0.04,0
NA18952	0|0	1,0,0
NA18953	0|0	1,0,0
NA18956	0|0	1,0,0
NA18965	1|1	0,0,1
NA18970	0|0	1,0,0
NA18973	0|0	1,0,0
NA18977	0|0	1,0,0
NA18987	0|0	1,0,0
NA18990	0|0	1,0,0
NA18995	0|0	1,0,0
NA19003	0|0	0.998,0.002,0
NA19010	0|0	1,0,0
