NA18532	1|1	2	0,0,1
NA18537	1|1	2	0,0,1
NA18542	1|1	2	0,0,1
NA18545	0|0	0.31	0.69,0.31,0
NA18547	0|1	1.19	0,0.81,0.19
NA18550	0|1	0.97	0.03,0.97,0
NA18552	1|0	0.7	0.33,0.65,0.03
NA18555	0|0	0.07	0.93,0.07,0
NA18558	0|0	0	1,0,0
NA18561	0|0	0.01	0.99,0.01,0
NA18562	1|0	0.99	0.03,0.95,0.02
NA18563	1|1	2	0,0,1
NA18564	0|1	0.84	0.32,0.52,0.16
NA18566	0|1	1.05	0.02,0.91,0.07
NA18570	0|1	1.33	0,0.67,0.33
NA18571	1|0	0.68	0.34,0.64,0.02
NA18572	0|0	0.04	0.96,0.04,0
NA18573	0|0	0	1,0,0
NA18577	0|1	1	0,1,0
NA18579	0|0	0.24	0.76,0.24,0
NA18582	0|0	0.32	0.68,0.32,0
NA18592	0|0	0.05	0.95,0.05,0
NA18593	1|0	1	0,1,0
NA18603	1|0	1	0,1,0
NA18605	1|0	1	0,1,0
NA18608	0|0	0.01	0.99,0.01,0
NA18609	1|0	1	0,1,0
NA18611	0|0	0	1,0,0
NA18612	1|1	1.94	0,0.06,0.94
NA18620	1|1	1.95	0,0.05,0.95
NA18621	0|0	0.02	0.98,0.02,0
NA18622	0|0	0.08	0.92,0.08,0
NA18623	0|0	0.13	0.87,0.13,0
NA18624	1|0	0.86	0.14,0.86,0
NA18632	0|0	0.29	0.71,0.29,0
NA18633	0|1	0.96	0.04,0.96,0
NA18635	0|0	0	1,0,0
NA18636	0|1	1	0,1,0
NA18637	1|0	0.94	0.19,0.68,0.13
NA18940	0|1	0.83	0.17,0.83,0
NA18942	0|1	1	0,1,0
NA18943	0|0	0.12	0.88,0.12,0
NA18944	1|1	2	0,0,1
NA18945	0|0	0.06	0.94,0.06,0
NA18947	1|0	1.01	0,0.99,0.01
NA18948	1|0	0.97	0.03,0.97,0
NA18949	1|0	1	0,1,0
NA18951	0|0	0	1,0,0
NA18952	1|1	2	0,0,1
NA18953	1|1	2	0,0,1
NA18956	1|1	1.98	0,0.02,0.98
NA18959	1|1	1.75	0,0.25,0.75
NA18960	1|0	1	0,1,0
NA18961	0|0	0.06	0.94,0.06,0
NA18964	0|1	1	0,1,0
NA18965	0|1	1.03	0,0.97,0.03
NA18966	1|1	1.96	0,0.04,0.96
NA18967	1|1	2	0,0,1
NA18968	0|1	1	0,1,0
NA18969	0|0	0	1,0,0
NA18970	1|0	1	0,1,0
NA18971	0|0	0.19	0.82,0.18,0
NA18972	1|1	1.54	0,0.46,0.54
NA18973	0|1	0.58	0.42,0.58,0
NA18974	0|1	1	0,1,0
NA18975	0|0	0.01	0.99,0.01,0
NA18976	1|1	1.95	0,0.05,0.95
NA18978	0|0	0	1,0,0
NA18980	0|1	0.77	0.24,0.76,0.01
NA18981	0|0	0.02	0.98,0.02,0
NA18987	0|1	0.51	0.49,0.51,0
NA18990	0|0	0	1,0,0
NA18991	0|1	0.72	0.28,0.72,0
NA18992	0|1	1.01	0,0.99,0.01
NA18994	0|1	1.06	0,0.94,0.06
NA18995	0|0	0.22	0.78,0.22,0
NA18997	0|1	1.4	0,0.6,0.4
NA18998	1|0	1.07	0.05,0.82,0.12
NA18999	0|1	0.92	0.08,0.92,0
NA19000	0|1	0.98	0.02,0.98,0
NA19003	1|0	0.99	0.02,0.96,0.02
NA19005	1|1	2	0,0,1
NA19007	0|1	0.97	0.03,0.97,0
NA19012	1|1	2	0,0,1
