NA18526	1|1	1.98	0,0.02,0.98
NA18532	1|1	2	0,0,1
NA18537	0|1	1	0,1,0
NA18542	1|1	2	0,0,1
NA18545	1|0	0.61	0.39,0.61,0
NA18547	0|0	0.1	0.9,0.1,0
NA18550	0|0	0.81	0.35,0.5,0.15
NA18552	1|0	1	0,1,0
NA18555	1|0	1	0,1,0
NA18558	0|0	0.14	0.86,0.14,0
NA18561	1|1	2	0,0,1
NA18562	1|1	2	0,0,1
NA18563	1|1	2	0,0,1
NA18564	0|0	0	1,0,0
NA18566	0|1	1	0,1,0
NA18570	0|1	1	0,1,0
NA18571	1|0	1	0,1,0
NA18572	1|1	2	0,0,1
NA18573	1|0	1	0,1,0
NA18577	0|0	0.02	0.98,0.02,0
NA18579	0|1	1	0,1,0
NA18582	1|1	1.58	0,0.42,0.58
NA18592	1|0	1.1	0,0.9,0.1
NA18593	1|1	2	0,0,1
NA18603	0|0	0	1,0,0
NA18605	0|0	0	1,0,0
NA18608	1|1	2	0,0,1
NA18609	1|1	2	0,0,1
NA18611	0|0	0	1,0,0
NA18612	0|0	0	1,0,0
NA18620	1|1	2	0,0,1
NA18621	1|1	2	0,0,1
NA18622	1|1	2	0,0,1
NA18623	1|1	2	0,0,1
NA18624	1|1	2	0,0,1
NA18632	0|0	0	1,0,0
NA18633	1|1	1.78	0,0.21,0.79
NA18635	1|1	2	0,0,1
NA18636	1|1	2	0,0,1
NA18637	1|1	2	0,0,1
NA18940	1|1	2	0,0,1
NA18942	1|1	1.7	0,0.3,0.7
NA18943	0|0	0	1,0,0
NA18944	0|0	0.23	0.77,0.23,0
NA18945	1|1	2	0,0,1
NA18947	1|1	2	0,0,1
NA18948	0|0	0	1,0,0
NA18949	0|1	0.89	0.11,0.89,0
NA18951	1|0	1.02	0,0.98,0.02
NA18952	0|0	0	1,0,0
NA18953	1|1	2	0,0,1
NA18956	1|1	2	0,0,1
NA18959	1|1	2	0,0,1
NA18960	1|1	2	0,0,1
NA18961	1|1	1.93	0,0.06,0.94
NA18964	1|1	1.94	0,0.06,0.94
NA18965	0|0	0	1,0,0
NA18966	1|1	2	0,0,1
NA18967	1|1	2	0,0,1
NA18968	0|1	0.9	0.1,0.9,0
NA18969	0|0	0.09	0.91,0.09,0
NA18970	1|1	1.93	0,0.06,0.94
NA18971	0|0	0	1,0,0
NA18972	1|0	1	0,1,0
NA18973	1|1	2	0,0,1
NA18974	0|0	0	1,0,0
NA18975	1|0	1.1	0,0.9,0.1
NA18976	1|0	1	0,1,0
NA18978	0|1	1.34	0,0.66,0.34
NA18980	1|1	1.93	0,0.07,0.93
NA18981	1|1	1.93	0,0.07,0.93
NA18987	1|0	1	0,1,0
NA18990	1|1	2	0,0,1
NA18991	0|0	0.3	0.7,0.3,0
NA18992	0|0	0	1,0,0
NA18994	1|1	2	0,0,1
NA18995	1|1	2	0,0,1
NA18997	1|1	2	0,0,1
NA18998	1|0	1	0,1,0
NA18999	1|0	1	0,1,0
NA19000	1|1	1.78	0.01,0.2,0.79
NA19003	1|1	2	0,0,1
NA19005	1|1	2	0,0,1
NA19007	0|0	0	1,0,0
NA19012	1|1	2	0,0,1
