NA18526	1|1	2	0,0,1
NA18537	0|0	0.31	0.69,0.31,0
NA18550	0|0	0.02	0.98,0.02,0
NA18555	0|0	0	1,0,0
NA18562	0|0	0	1,0,0
NA18563	0|0	0	1,0,0
NA18582	0|1	1	0,1,0
NA18603	0|0	0	1,0,0
NA18606	0|0	0.19	0.82,0.18,0.01
NA18621	1|1	2	0,0,1
NA18622	1|1	2	0,0,1
NA18628	0|0	0.04	0.96,0.04,0
NA18632	0|0	0.02	0.98,0.02,0
NA18636	0|0	0	1,0,0
NA18647	0|0	0.04	0.96,0.04,0
NA18942	1|1	1.56	0.03,0.38,0.59
NA18945	0|0	0	1,0,0
NA18947	0|0	0.21	0.79,0.21,0
NA18951	1|0	1	0,1,0
NA18952	0|0	0	1,0,0
NA18953	0|0	0	1,0,0
NA18956	0|1	1	0,1,0
NA18965	1|1	1.97	0,0.03,0.97
NA18970	0|0	0	1,0,0
NA18973	1|0	1	0,1,0
NA18977	0|0	0.01	0.99,0.01,0
NA18987	0|0	0.52	0.51,0.47,0.03
NA18990	0|0	0.07	0.93,0.07,0
NA18995	1|1	2	0,0,1
NA19003	0|0	0	1,0,0
NA19010	0|0	0	1,0,0
