NA18498	0|0	0.75	0.39,0.47,0.14
NA18502	1|0	1	0,1,0
NA18505	0|1	0.96	0.04,0.96,0
NA18507	1|1	1.65	0.02,0.3,0.68
NA18508	1|1	2	0,0,1
NA18517	1|1	1.94	0,0.06,0.94
NA18519	0|0	0	1,0,0
NA18867	1|0	1	0,1,0
NA18870	1|1	1.96	0,0.04,0.96
NA18910	1|1	1.41	0.08,0.43,0.49
NA19092	1|1	2	0,0,1
NA19098	0|0	0	1,0,0
NA19099	1|0	1	0,1,0
NA19102	1|1	2	0,0,1
NA19108	0|1	0.84	0.21,0.75,0.04
NA19118	1|0	0.62	0.38,0.62,0
NA19119	0|0	0.25	0.77,0.22,0.01
NA19129	0|1	0.6	0.4,0.6,0
NA19130	0|0	0	1,0,0
NA19141	1|1	1.96	0,0.03,0.96
NA19146	1|1	2	0,0,1
NA19150	0|0	0	1,0,0
NA19152	0|1	0.98	0.02,0.98,0
NA19160	0|0	0	1,0,0
NA19171	0|0	0	1,0,0
NA19189	1|1	2	0,0,1
NA19204	1|1	1.99	0,0.01,0.99
NA19206	1|1	1.9	0,0.09,0.91
NA19207	0|0	0	1,0,0
NA19209	0|1	1	0,1,0
NA19213	0|0	0	1,0,0
NA19240	0|1	1	0,1,0
NA11829	0|0	0	1,0,0
NA11830	1|0	1	0,1,0
NA11831	0|0	0	1,0,0
NA11832	0|0	0	1,0,0
NA11840	0|0	0.02	0.98,0.02,0
NA11881	0|0	0	1,0,0
NA11994	0|0	0	1,0,0
NA11995	0|0	0	1,0,0
NA12004	0|0	0	1,0,0
NA12005	1|1	2	0,0,1
NA12043	0|0	0	1,0,0
NA12044	0|0	0	1,0,0
NA12144	0|0	0	1,0,0
NA12154	0|0	0	1,0,0
NA12155	0|0	0.03	0.97,0.03,0
NA12156	0|1	1	0,1,0
NA12234	1|0	1.02	0,0.98,0.02
NA12717	0|0	0.01	0.99,0.01,0
NA12750	1|1	2	0,0,1
NA12760	0|0	0	1,0,0
NA12761	0|0	0	1,0,0
NA12762	0|0	0.02	0.98,0.02,0
NA12763	0|0	0	1,0,0
NA12812	0|0	0	1,0,0
NA12813	1|0	0.98	0.02,0.98,0
NA12814	1|1	2	0,0,1
NA12815	0|1	1	0,1,0
NA12872	1|1	2	0,0,1
NA12873	0|0	0	1,0,0
NA12874	1|1	2	0,0,1
NA12878	0|0	0	1,0,0
NA18526	1|1	2	0,0,1
NA18537	0|0	0.31	0.69,0.31,0
NA18550	0|0	0.02	0.98,0.02,0
NA18555	0|0	0	1,0,0
NA18562	0|0	0	1,0,0
NA18563	0|0	0	1,0,0
NA18582	0|1	1	0,1,0
NA18603	0|0	0	1,0,0
NA18606	0|0	0.19	0.82,0.18,0.01
NA18621	1|1	2	0,0,1
NA18622	1|1	2	0,0,1
NA18628	0|0	0.04	0.96,0.04,0
NA18632	0|0	0.02	0.98,0.02,0
NA18636	0|0	0	1,0,0
NA18647	0|0	0.04	0.96,0.04,0
NA18942	1|1	1.56	0.03,0.38,0.59
NA18945	0|0	0	1,0,0
NA18947	0|0	0.21	0.79,0.21,0
NA18951	1|0	1	0,1,0
NA18952	0|0	0	1,0,0
NA18953	0|0	0	1,0,0
NA18956	0|1	1	0,1,0
NA18965	1|1	1.97	0,0.03,0.97
NA18970	0|0	0	1,0,0
NA18973	1|0	1	0,1,0
NA18977	0|0	0.01	0.99,0.01,0
NA18987	0|0	0.52	0.51,0.47,0.03
NA18990	0|0	0.07	0.93,0.07,0
NA18995	1|1	2	0,0,1
NA19003	0|0	0	1,0,0
NA19010	0|0	0	1,0,0
