NA18498	1|1	2	0,0,1
NA18502	0|0	0	1,0,0
NA18505	0|0	0.06	0.94,0.06,0
NA18507	0|0	0	1,0,0
NA18508	0|1	1	0,1,0
NA18517	0|0	0	1,0,0
NA18519	0|0	0	1,0,0
NA18867	0|0	0	1,0,0
NA18870	0|0	0.02	0.98,0.02,0
NA18910	0|0	0.03	0.97,0.03,0
NA19092	0|0	0	1,0,0
NA19098	0|1	1	0,1,0
NA19099	0|0	0	1,0,0
NA19102	0|0	0	1,0,0
NA19108	0|0	0	1,0,0
NA19118	0|0	0	1,0,0
NA19119	0|0	0	1,0,0
NA19129	0|0	0	1,0,0
NA19130	0|0	0	1,0,0
NA19141	0|0	0	1,0,0
NA19146	1|0	1	0,1,0
NA19150	0|0	0	1,0,0
NA19152	0|0	0	1,0,0
NA19160	0|0	0	1,0,0
NA19171	0|0	0	1,0,0
NA19189	0|0	0.05	0.95,0.05,0
NA19204	0|0	0.05	0.95,0.05,0
NA19206	0|0	0	1,0,0
NA19207	1|0	0.98	0.02,0.98,0
NA19209	0|0	0	1,0,0
NA19213	0|0	0	1,0,0
NA19240	0|0	0	1,0,0
