NA18498	0|0	0	1,0,0
NA18502	0|0	0	1,0,0
NA18505	0|0	0	1,0,0
NA18507	0|0	0	1,0,0
NA18508	1|0	1.07	0,0.93,0.07
NA18517	0|1	1	0,1,0
NA18519	1|1	2	0,0,1
NA18867	0|0	0.14	0.86,0.14,0
NA18870	0|0	0.23	0.78,0.2,0.01
NA18910	0|0	0	1,0,0
NA19092	0|0	0	1,0,0
NA19098	1|1	2	0,0,1
NA19099	0|0	0	1,0,0
NA19102	0|1	1	0,1,0
NA19108	0|0	0	1,0,0
NA19118	0|0	0	1,0,0
NA19119	0|0	0	1,0,0
NA19129	0|0	0	1,0,0
NA19130	0|0	0	1,0,0
NA19141	0|0	0	1,0,0
NA19146	0|0	0	1,0,0
NA19150	0|0	0	1,0,0
NA19152	1|0	1	0,1,0
NA19160	0|0	0	1,0,0
NA19171	0|0	0	1,0,0
NA19189	0|0	0	1,0,0
NA19204	0|0	0	1,0,0
NA19206	0|1	1	0,1,0
NA19207	0|0	0	1,0,0
NA19209	1|0	0.77	0.23,0.77,0
NA19213	0|0	0	1,0,0
NA19240	0|1	1.43	0,0.57,0.43
NA11829	0|0	0	1,0,0
NA11830	1|0	1.4	0,0.6,0.4
NA11831	1|1	2	0,0,1
NA11832	0|1	1	0,1,0
NA11840	1|1	2	0,0,1
NA11881	0|0	0	1,0,0
NA11994	0|0	0	1,0,0
NA11995	1|1	2	0,0,1
NA12004	0|1	0.95	0.05,0.95,0
NA12005	1|1	2	0,0,1
NA12043	1|1	2	0,0,1
NA12044	0|0	0	1,0,0
NA12144	1|1	2	0,0,1
NA12154	1|1	1.96	0,0.04,0.96
NA12155	0|0	0	1,0,0
NA12156	1|0	1	0,1,0
NA12234	0|1	1	0,1,0
NA12717	0|0	0	1,0,0
NA12750	1|1	2	0,0,1
NA12760	0|0	0	1,0,0
NA12761	0|0	0	1,0,0
NA12762	1|1	2	0,0,1
NA12763	0|0	0.04	0.96,0.04,0
NA12812	1|1	2	0,0,1
NA12813	1|1	2	0,0,1
NA12814	0|0	0	1,0,0
NA12815	1|1	1.98	0,0.02,0.98
NA12872	1|1	2	0,0,1
NA12873	0|1	1	0,1,0
NA12874	0|0	0	1,0,0
NA12878	1|1	2	0,0,1
NA18526	0|1	0.8	0.2,0.8,0
NA18537	0|1	1.3	0,0.7,0.3
NA18550	1|1	1.95	0,0.05,0.95
NA18555	1|1	1.94	0,0.06,0.94
NA18562	1|1	2	0,0,1
NA18563	1|1	2	0,0,1
NA18582	1|1	1.84	0,0.16,0.84
NA18603	1|1	2	0,0,1
NA18606	1|1	2	0,0,1
NA18621	1|1	2	0,0,1
NA18622	0|0	0.05	0.95,0.05,0
NA18628	1|1	1.66	0,0.34,0.66
NA18632	1|1	2	0,0,1
NA18636	1|1	2	0,0,1
NA18647	0|0	0.51	0.56,0.38,0.06
NA18942	0|1	1	0,1,0
NA18945	1|1	2	0,0,1
NA18947	1|1	2	0,0,1
NA18951	1|0	1	0,1,0
NA18952	1|1	2	0,0,1
NA18953	0|0	0	1,0,0
NA18956	0|0	0.06	0.94,0.06,0
NA18965	0|0	0	1,0,0
NA18970	1|1	2	0,0,1
NA18973	0|0	0	1,0,0
NA18977	0|0	0	1,0,0
NA18987	1|0	1	0,1,0
NA18990	1|1	1.92	0,0.08,0.92
NA18995	1|1	2	0,0,1
NA19003	1|1	1.8	0,0.2,0.8
NA19010	1|0	1	0,1,0
