NA18498	1|1	1.19999e-05,0.012976,0.987012
NA18500	0|0	1,0,0
NA18501	0|0	1,0,0
NA18502	1|0	0.005,0.995,0
NA18503	0|1	0,1,0
NA18504	1|1	0,0,1
NA18505	0|0	1,0,0
NA18506	1|0	0,1,0
NA18507	1|0	0.000999987,0.999,0
NA18508	1|1	0,0.005,0.995
NA18515	1|1	0,0,1
NA18516	1|0	0,1,0
NA18517	1|1	0,0.00300002,0.997
NA18519	1|1	0,0.017,0.983
NA18521	0|0	1,0,0
NA18522	0|1	0.00700003,0.993,0
NA18523	1|0	0.00300002,0.997,0
NA18852	0|1	0,1,0
NA18853	1|0	0,1,0
NA18854	0|1	0,1,0
NA18855	1|0	0.000999987,0.999,0
NA18856	1|0	0.000999987,0.999,0
NA18857	0|0	1,0,0
NA18858	1|0	0,1,0
NA18859	1|0	0,1,0
NA18860	0|1	0,1,0
NA18861	0|1	0.00199997,0.998,0
NA18862	0|1	0,1,0
NA18863	0|0	1,0,0
NA18867	1|0	0,1,0
NA18870	0|0	0.999,0.001,0
NA18871	1|1	0,0,1
NA18872	0|1	0,1,0
NA18910	1|1	0,0,1
NA18912	0|1	0.029,0.971,0
NA18913	1|1	0,0,1
NA18914	1|0	0,1,0
NA19027	1|0	0,0.998,0.002
NA19028	0|1	0.00199997,0.998,0
NA19031	1|0	0.00700003,0.993,0
NA19035	1|0	0,1,0
NA19036	0|1	0,1,0
NA19038	1|0	0.00400001,0.996,0
NA19041	1|1	0,0,1
NA19092	1|0	0.016,0.984,0
NA19093	1|1	0,0,1
NA19094	1|0	0,1,0
NA19098	0|0	1,0,0
NA19099	0|0	0.999,0.001,0
NA19100	0|0	1,0,0
NA19101	0|1	0,1,0
NA19102	1|1	0,0,1
NA19103	1|1	0,0,1
NA19108	0|0	0.999,0.001,0
NA19116	1|0	0.00199997,0.998,0
NA19118	0|0	1,0,0
NA19119	0|1	0.000999987,0.999,0
NA19120	0|0	1,0,0
NA19127	1|1	0,0,1
NA19128	0|1	0,1,0
NA19129	1|1	0,0.00199997,0.998
NA19130	1|1	0,0.00199997,0.998
NA19131	1|1	0,0.00700003,0.993
NA19132	1|1	0,0,1
NA19137	0|1	0,1,0
NA19138	1|0	0,1,0
NA19139	1|1	0,0,1
NA19140	1|1	0,0,1
NA19141	0|1	0.005,0.995,0
NA19142	1|0	0,1,0
NA19143	0|0	1,0,0
NA19144	1|0	0.005,0.995,0
NA19145	0|0	1,0,0
NA19146	0|1	0.000999987,0.999,0
NA19150	1|1	0,0,1
NA19152	0|0	1,0,0
NA19153	0|1	0,1,0
NA19154	0|1	0,1,0
NA19159	1|1	0,0,1
NA19160	1|0	0.00199997,0.998,0
NA19161	1|0	0,1,0
NA19171	1|1	0,0.00199997,0.998
NA19172	0|1	0,1,0
NA19173	1|1	0,0,1
NA19189	1|0	0,0.997,0.003
NA19200	1|1	0,0.000999987,0.999
NA19201	1|0	0.005,0.995,0
NA19202	1|1	0,0.00300002,0.997
NA19203	0|0	1,0,0
NA19204	1|0	0,1,0
NA19205	1|0	0,1,0
NA19206	0|0	0.991,0.009,0
NA19207	1|1	0,0,1
NA19208	1|0	0,1,0
NA19209	1|0	0,1,0
NA19210	1|1	0,0,1
NA19211	0|1	0,1,0
NA19213	0|0	0.999,0.001,0
NA19221	0|0	1,0,0
NA19222	1|0	0,1,0
NA19223	0|1	0.000999987,0.999,0
NA19238	1|0	0,1,0
NA19239	0|0	1,0,0
NA19240	0|1	0,1,0
NA19307	1|1	0,0,1
NA19308	0|0	1,0,0
NA19309	0|0	1,0,0
NA19310	0|0	1,0,0
NA19314	1|1	0,0.00199997,0.998
NA19315	0|1	0,1,0
NA19316	0|0	1,0,0
NA19317	1|0	0,0.999,0.001
NA19318	0|1	0,1,0
NA19319	0|0	0.999,0.001,0
NA19321	1|0	0.00300002,0.997,0
NA19324	0|1	0,1,0
NA19327	0|0	1,0,0
NA19328	0|0	1,0,0
NA19332	1|1	0,0.00300002,0.997
NA19334	0|1	0,1,0
NA19346	1|1	0,0,1
NA19347	1|1	0,0,1
NA19350	1|1	0,0,1
NA19360	0|0	0.999,0.001,0
NA19372	1|1	0,0,1
NA19374	1|0	0.00599998,0.994,0
NA19375	1|1	0,0,1
NA19376	0|1	0,1,0
NA19377	0|1	0,1,0
NA19379	0|0	1,0,0
NA19380	1|1	9.99974e-07,0.00199797,0.998001
NA19383	0|0	1,0,0
NA19384	1|0	0.000998987,0.998002,0.000999
NA19385	0|1	0.000999987,0.999,0
NA19390	1|0	0.000999987,0.999,0
NA19391	1|0	0,0.999,0.001
NA19393	1|1	0,0.00599998,0.994
NA19394	0|0	0.999,0.001,0
NA19397	0|1	0,1,0
NA19399	1|1	0,0.00400001,0.996
NA19403	1|0	0.000999987,0.999,0
NA19404	1|0	0.012,0.988,0
NA19428	1|0	0,1,0
NA19429	1|0	0.00800002,0.992,0
NA19430	0|0	1,0,0
NA19431	1|1	0,0.023,0.977
NA19434	0|0	0.999,0.001,0
NA19435	1|1	0,0.009,0.991
NA19436	1|1	0.000672003,0.101656,0.897672
NA19437	0|0	0.997,0.003,0
NA19438	0|1	0.012,0.988,0
NA19439	0|1	0,0.998,0.002
NA19440	0|1	0.00800002,0.992,0
NA19443	1|0	0.00299402,0.995012,0.001994
NA19445	0|1	0.00300002,0.997,0
NA19446	1|1	0,0,1
NA19448	0|1	0.016898,0.977204,0.005898
NA19449	0|1	0,1,0
NA19451	0|1	0.00300002,0.997,0
NA19452	0|0	1,0,0
NA19455	0|1	0,1,0
NA19456	0|1	0,1,0
NA19457	1|1	0,0.00199997,0.998
NA19462	0|0	1,0,0
NA19463	0|0	1,0,0
NA19466	1|1	1.60001e-05,0.00796802,0.992016
NA19467	0|0	0.996,0.004,0
NA19468	1|1	0,0,1
NA19471	1|0	0,1,0
NA19472	1|1	0,0,1
NA19473	1|1	0,0,1
NA19474	1|0	0,1,0
