NA18526	1|1	0,0.00800002,0.992
NA18537	1|1	0,0.00199997,0.998
NA18550	0|1	0.00199997,0.998,0
NA18555	1|1	2.80002e-05,0.010944,0.989028
NA18562	1|1	1.20001e-05,0.00697603,0.993012
NA18563	1|0	0,0.994,0.006
NA18582	1|1	0.000364,0.039272,0.960364
NA18603	1|1	0,0.00700003,0.993
NA18606	0|1	0.00999999,0.99,0
NA18621	0|1	0,0.996,0.004
NA18622	1|1	0,0.019,0.981
NA18628	1|1	5.99996e-06,0.004988,0.995006
NA18632	0|1	0.00499,0.99302,0.00199
NA18636	1|1	0.000108,0.020784,0.979108
NA18647	1|1	3.9999e-06,0.00399195,0.996004
NA18942	1|0	0,1,0
NA18945	0|1	0,1,0
NA18947	1|0	0.00397601,0.990048,0.005976
NA18951	0|1	0.00599998,0.994,0
NA18952	0|1	0.016,0.984,0
NA18953	0|1	0,1,0
NA18956	1|0	0,1,0
NA18965	1|0	0.00800002,0.992,0
NA18970	1|0	0.008919,0.982162,0.008919
NA18973	1|1	0,0,1
NA18977	1|1	0,0.00300002,0.997
NA18987	1|1	0,0.00199997,0.998
NA18990	1|0	0.005,0.995,0
NA18995	1|0	0.00300002,0.997,0
NA19003	1|1	0,0.00199997,0.998
NA19010	0|1	0.000999987,0.999,0
