NA18498	0	0	1,0
NA18502	0|1	1	0,1,0
NA18505	1|0	1	0,1,0
NA18507	1	1	0,1
NA18508	0|1	1	0,1,0
NA18517	1|1	1.84	0,0.16,0.84
NA18519	0	0	1,0
NA18867	0|1	0.64	0.36,0.64,0
NA18870	0|1	1	0,1,0
NA18910	0	0	1,0
NA19092	1	0.87	0.13,0.87
NA19098	1	1	0,1
NA19099	1|0	1	0,1,0
NA19102	0|1	1.07	0,0.92,0.08
NA19108	1|0	1	0,1,0
NA19118	1|1	1.86	0,0.14,0.86
NA19119	0	0	1,0
NA19129	0|1	0.73	0.27,0.73,0
NA19130	0	0	1,0
NA19141	1	1	0,1
NA19146	0	0	1,0
NA19150	1	1	0,1
NA19152	1|1	1.76	0,0.24,0.76
NA19160	1	1	0,1
NA19171	0	0	1,0
NA19189	0	0	1,0
NA19204	1|0	1	0,1,0
NA19206	0|0	0	1,0,0
NA19207	0	0	1,0
NA19209	0|0	0	1,0,0
NA19213	0	0	1,0
NA19240	1|0	1.43	0,0.57,0.43
