NA18498	0|0	0	1,0,0
NA18502	0|0	0	1,0,0
NA18505	0|0	0	1,0,0
NA18507	0|0	0	1,0,0
NA18508	1|0	1.07	0,0.93,0.07
NA18517	0|1	1	0,1,0
NA18519	1|1	2	0,0,1
NA18867	0|0	0.14	0.86,0.14,0
NA18870	0|0	0.23	0.78,0.2,0.01
NA18910	0|0	0	1,0,0
NA19092	0|0	0	1,0,0
NA19098	1|1	2	0,0,1
NA19099	0|0	0	1,0,0
NA19102	0|1	1	0,1,0
NA19108	0|0	0	1,0,0
NA19118	0|0	0	1,0,0
NA19119	0|0	0	1,0,0
NA19129	0|0	0	1,0,0
NA19130	0|0	0	1,0,0
NA19141	0|0	0	1,0,0
NA19146	0|0	0	1,0,0
NA19150	0|0	0	1,0,0
NA19152	1|0	1	0,1,0
NA19160	0|0	0	1,0,0
NA19171	0|0	0	1,0,0
NA19189	0|0	0	1,0,0
NA19204	0|0	0	1,0,0
NA19206	0|1	1	0,1,0
NA19207	0|0	0	1,0,0
NA19209	1|0	0.77	0.23,0.77,0
NA19213	0|0	0	1,0,0
NA19240	0|1	1.43	0,0.57,0.43
