NA11829	1|0	0.00800002,0.992,0
NA11830	0|1	0,1,0
NA11831	1|0	0,1,0
NA11832	0|0	1,0,0
NA11840	0|1	0,1,0
NA11881	0|0	0.999,0.001,0
NA11994	1|0	0,0.996,0.004
NA11995	0|0	1,0,0
NA12004	0|0	0.998001,0.001998,1e-06
NA12005	0|0	0.999,0.001,0
NA12043	0|1	0.000998987,0.998002,0.000999
NA12044	1|0	0,1,0
NA12144	0|1	0,1,0
NA12154	1|0	0.098124,0.798752,0.103124
NA12155	0|0	0.999,0.001,0
NA12156	1|0	0.00199997,0.998,0
NA12234	0|0	0.998,0.002,0
NA12717	0|0	1,0,0
NA12750	1|0	0,1,0
NA12760	0|0	1,0,0
NA12761	1|0	0.015,0.985,0
NA12762	0|0	1,0,0
NA12763	0|0	0.999,0.001,0
NA12812	0|0	0.997002,0.002996,2e-06
NA12813	0|1	0,1,0
NA12814	1|0	0.000998987,0.998002,0.000999
NA12815	0|0	0.999,0.001,0
NA12872	1|0	0,1,0
NA12873	1|0	0,1,0
NA12874	1|0	0.00199997,0.998,0
NA12878	0|0	1,0,0
