NA11829	1	1	0,1
NA11830	0|1	1.04	0,0.96,0.04
NA11831	0	0	1,0
NA11832	0|1	1	0,1,0
NA11840	1|0	1	0,1,0
NA11881	0	0	1,0
NA11994	1	1	0,1
NA11995	1|1	2	0,0,1
NA12004	0|0	0	1,0,0
NA12005	0	0.5	0.5,0.5
NA12043	0	0	1,0
NA12044	1|0	0.98	0.02,0.98,0
NA12144	0	0.2	0.8,0.2
NA12154	0	0	1,0
NA12155	0	0.02	0.98,0.02
NA12156	1|0	0.94	0.07,0.93,0
NA12234	0|0	0	1,0,0
NA12717	0|1	1.04	0,0.96,0.04
NA12750	0	0	1,0
NA12760	0	0	1,0
NA12761	0|0	0.04	0.96,0.04,0
NA12762	0	0	1,0
NA12763	0|1	0.57	0.44,0.56,0
NA12812	0	0.47	0.53,0.47
NA12813	1|0	1	0,1,0
NA12814	0	0	1,0
NA12815	0|0	0	1,0,0
NA12872	0	0	1,0
NA12873	0|0	0	1,0,0
NA12874	1	0.51	0.49,0.51
NA12878	0|0	0	1,0,0
