NA18498	0	0	1,0
NA18502	0|1	1	0,1,0
NA18505	1|0	1	0,1,0
NA18507	0	0	1,0
NA18508	0|0	0.49	0.51,0.49,0
NA18517	0|0	0	1,0,0
NA18519	1	1	0,1
NA18867	0|0	0	1,0,0
NA18870	1|0	1	0,1,0
NA18910	0	0	1,0
NA19092	0	0	1,0
NA19098	0	0	1,0
NA19099	0|0	0.02	0.98,0.02,0
NA19102	0|1	1	0,1,0
NA19108	0|0	0	1,0,0
NA19118	0|1	1	0,1,0
NA19119	0	0	1,0
NA19129	0|1	1	0,1,0
NA19130	1	1	0,1
NA19141	1	1	0,1
NA19146	0	0	1,0
NA19150	0	0	1,0
NA19152	1|1	2	0,0,1
NA19160	0	0	1,0
NA19171	0	0	1,0
NA19189	1	1	0,1
NA19204	1|0	1	0,1,0
NA19206	1|1	1.99	0,0.01,0.99
NA19207	0	0	1,0
NA19209	0|0	0	1,0,0
NA19213	1	1	0,1
NA19240	0|1	1.02	0,0.98,0.02
NA11829	1	1	0,1
NA11830	0|1	1.04	0,0.96,0.04
NA11831	0	0	1,0
NA11832	0|1	1	0,1,0
NA11840	1|0	1	0,1,0
NA11881	0	0	1,0
NA11994	1	1	0,1
NA11995	1|1	2	0,0,1
NA12004	0|0	0	1,0,0
NA12005	0	0.5	0.5,0.5
NA12043	0	0	1,0
NA12044	1|0	0.98	0.02,0.98,0
NA12144	0	0.2	0.8,0.2
NA12154	0	0	1,0
NA12155	0	0.02	0.98,0.02
NA12156	1|0	0.94	0.07,0.93,0
NA12234	0|0	0	1,0,0
NA12717	0|1	1.04	0,0.96,0.04
NA12750	0	0	1,0
NA12760	0	0	1,0
NA12761	0|0	0.04	0.96,0.04,0
NA12762	0	0	1,0
NA12763	0|1	0.57	0.44,0.56,0
NA12812	0	0.47	0.53,0.47
NA12813	1|0	1	0,1,0
NA12814	0	0	1,0
NA12815	0|0	0	1,0,0
NA12872	0	0	1,0
NA12873	0|0	0	1,0,0
NA12874	1	0.51	0.49,0.51
NA12878	0|0	0	1,0,0
NA18526	0|0	0	1,0,0
NA18537	1|1	1.99	0,0.01,0.99
NA18550	0|0	0	1,0,0
NA18555	0|0	0	1,0,0
NA18562	0	0	1,0
NA18563	0	0	1,0
NA18582	0|0	0	1,0,0
NA18603	0	0.01	0.99,0.01
NA18606	0	0	1,0
NA18621	0	0	1,0
NA18622	0	0	1,0
NA18628	0|0	0	1,0,0
NA18632	1	1	0,1
NA18636	0	0	1,0
NA18647	0	0	1,0
NA18942	0|0	0	1,0,0
NA18945	0	0	1,0
NA18947	0|0	0	1,0,0
NA18951	0|0	0	1,0,0
NA18952	0	0	1,0
NA18953	0	0	1,0
NA18956	0|0	0.19	0.81,0.19,0
NA18965	0	0	1,0
NA18970	0	0	1,0
NA18973	0|0	0	1,0,0
NA18977	1	0.8	0.2,0.8
NA18987	0|0	0	1,0,0
NA18990	0	0	1,0
NA18995	0	0	1,0
NA19003	0|0	0	1,0,0
NA19010	0|0	0	1,0,0
