NA18526	0|0	0.24	0.76,0.24,0
NA18532	1|0	0.88	0.12,0.88,0
NA18537	1|0	1.23	0,0.77,0.23
NA18542	0|1	1	0,1,0
NA18545	1|1	1.95	0,0.05,0.95
NA18547	0|0	0	1,0,0
NA18550	1|1	2	0,0,1
NA18552	1|0	1.22	0,0.78,0.22
NA18555	0|0	0	1,0,0
NA18558	1|0	0.5	0.5,0.5,0
NA18561	1|0	1	0,1,0
NA18562	1|1	1.63	0,0.37,0.63
NA18563	1|1	1.96	0,0.04,0.96
NA18564	1|1	1.82	0,0.18,0.82
NA18566	0|0	0.02	0.98,0.02,0
NA18570	1|1	2	0,0,1
NA18571	1|0	1.02	0,0.98,0.02
NA18572	0|0	0	1,0,0
NA18573	0|0	0	1,0,0
NA18577	0|1	1	0,1,0
NA18579	1|0	1.23	0,0.77,0.23
NA18582	1|1	1.63	0,0.36,0.64
NA18592	1|0	0.98	0.02,0.98,0
NA18593	0|0	0	1,0,0
NA18603	0|1	0.95	0.05,0.95,0
NA18605	0|1	1	0,1,0
NA18608	1|1	2	0,0,1
NA18609	1|0	1.5	0,0.5,0.5
NA18611	0|1	1	0,1,0
NA18612	0|1	1.04	0,0.96,0.04
NA18620	1|1	2	0,0,1
NA18621	0|0	0	1,0,0
NA18622	0|0	0	1,0,0
NA18623	1|0	1.09	0,0.91,0.09
NA18624	0|0	0.01	0.99,0.01,0
NA18632	1|0	1	0,1,0
NA18633	0|0	0	1,0,0
NA18635	0|0	0	1,0,0
NA18636	1|0	1	0,1,0
NA18637	0|1	1	0,1,0
NA18940	1|0	1	0,1,0
NA18942	0|0	0	1,0,0
NA18943	1|0	1.06	0,0.94,0.06
NA18944	1|1	2	0,0,1
NA18945	1|1	1.71	0,0.29,0.71
NA18947	0|1	1	0,1,0
NA18948	1|0	1	0,1,0
NA18949	0|1	1	0,1,0
NA18951	0|1	1	0,1,0
NA18952	0|0	0	1,0,0
NA18953	1|1	2	0,0,1
NA18956	1|1	2	0,0,1
NA18959	1|0	1	0,1,0
NA18960	1|1	2	0,0,1
NA18961	1|0	1.07	0,0.93,0.07
NA18964	1|1	2	0,0,1
NA18965	1|1	2	0,0,1
NA18966	1|1	1.65	0,0.35,0.65
NA18967	0|0	0	1,0,0
NA18968	1|1	2	0,0,1
NA18969	1|0	1	0,1,0
NA18970	1|1	2	0,0,1
NA18971	1|1	1.99	0,0.01,0.99
NA18972	1|1	2	0,0,1
NA18973	0|1	1	0,1,0
NA18974	1|0	1	0,1,0
NA18975	1|0	1.14	0,0.86,0.14
NA18976	1|1	2	0,0,1
NA18978	0|1	1	0,1,0
NA18980	0|1	0.63	0.37,0.63,0
NA18981	1|1	1.75	0,0.25,0.75
NA18987	0|1	1.43	0.02,0.54,0.44
NA18990	1|1	2	0,0,1
NA18991	1|0	1	0,1,0
NA18992	0|1	1.11	0,0.89,0.11
NA18994	1|1	2	0,0,1
NA18995	1|0	1	0,1,0
NA18997	0|1	1	0,1,0
NA18998	0|1	1.11	0,0.89,0.11
NA18999	1|0	1	0,1,0
NA19000	1|0	1	0,1,0
NA19003	1|1	2	0,0,1
NA19005	1|1	2	0,0,1
NA19007	1|1	2	0,0,1
NA19012	0|1	0.83	0.17,0.83,0
