NA18498	1	0	0.01,0
NA18500	1	0	0.01,0
NA18501	1	0	0.01,0
NA18502	1|1	2	0,0,1
NA18503	1	0	0.01,0
NA18504	1	1	0,1
NA18505	1|1	2	0,0,1
NA18506	1	0	0.01,0
NA18507	1	0	0.01,0
NA18508	1|1	2	0,0,1
NA18515	1	0	0.01,0
NA18516	1	1	0,1
NA18517	0|1	1	0,1,0
NA18519	1	0.35	0.01,0.35
NA18521	1	1	0,1
NA18522	1	0	0.01,0
NA18523	0|0	0	1,0,0
NA18852	1|0	1	0,1,0
NA18853	1	0	0.01,0
NA18854	1	0	0.01,0
NA18855	1|1	2	0,0,1
NA18856	1	0	0.01,0
NA18857	1	0	0.01,0
NA18858	1|0	1	0,1,0
NA18859	1	0	0.01,0
NA18860	1	1	0,1
NA18861	1|0	1	0,1,0
NA18862	1	0	0.01,0
NA18863	1	1	0,1
NA18867	1|1	2	0,0,1
NA18870	1|1	2	0,0,1
NA18871	1	0	0.01,0
NA18872	1	0	0.01,0
NA18910	1	1	0,1
NA18912	1|0	1	0,1,0
NA18913	1	0	0.01,0
NA18914	1	0	0.01,0
NA19027	1	1	0,1
NA19028	1	0	0.01,0
NA19031	1	0	0.01,0
NA19035	1	0	0.01,0
NA19036	1|0	1	0,1,0
NA19038	0|1	1	0,1,0
NA19041	1	0	0.01,0
NA19092	1	0	0.01,0
NA19093	1|1	2	0,0,1
NA19094	1|1	2	0,0,1
NA19098	1	0	0.01,0
NA19099	0|1	1	0,1,0
NA19100	0|1	1	0,1,0
NA19101	1	1	0,1
NA19102	1|1	2	0,0,1
NA19103	1	0	0.01,0
NA19108	0|1	1	0,1,0
NA19116	1|0	1	0,1,0
NA19118	1|1	2	0,0,1
NA19119	1	0	0.01,0
NA19120	1	0	0.01,0
NA19127	0|1	1	0,1,0
NA19128	1	1	0,1
NA19129	0|0	0	1,0,0
NA19130	1	0	0.01,0
NA19131	1|0	1	0,1,0
NA19132	1|0	1	0,1,0
NA19137	0|0	0	1,0,0
NA19138	1	0	0.01,0
NA19139	1	1	0,1
NA19140	0|0	0	1,0,0
NA19141	1	0	0.01,0
NA19142	1	1	0,1
NA19143	0|1	1	0,1,0
NA19144	1	0	0.01,0
NA19145	1	1	0,1
NA19146	1	1	0,1
NA19150	1	0	0.01,0
NA19152	0|1	1	0,1,0
NA19153	1	0	0.01,0
NA19154	1	0	0.01,0
NA19159	1|0	1	0,1,0
NA19160	1	1	0,1
NA19161	1	1	0,1
NA19171	1	0.42	0.01,0.43
NA19172	1|0	1	0,1,0
NA19173	1	0	0.01,0
NA19189	1	1	0,1
NA19200	1	0	0.01,0
NA19201	1|0	1	0,1,0
NA19202	0|1	1	0,1,0
NA19203	1	0	0.01,0
NA19204	1|1	2	0,0,1
NA19205	1	0	0.01,0
NA19206	1|0	1	0,1,0
NA19207	1	1	0,1
NA19208	1	1	0,1
NA19209	1|1	2	0,0,1
NA19210	1	0	0.01,0
NA19211	1	0	0.01,0
NA19213	1	0	0.01,0
NA19221	1|0	1	0,1,0
NA19222	1|1	2	0,0,1
NA19223	1	1	0,1
NA19238	1|0	1	0,1,0
NA19239	1	0	0.01,0
NA19240	1|1	2	0,0,1
NA19307	1	1	0,1
NA19308	1	0	0.01,0
NA19309	1	0	0.01,0
NA19310	1|1	2	0,0,1
NA19314	1|1	2	0,0,1
NA19315	1|1	2	0,0,1
NA19316	1|0	1	0,1,0
NA19317	1	0.88	0.01,0.88
NA19319	1	0	0.01,0
NA19321	1|0	1	0,1,0
NA19324	1|1	2	0,0,1
NA19327	0|0	0.16	0.84,0.16,0
NA19328	1|1	2	0,0,1
NA19332	1|1	2	0,0,1
NA19334	1	0	0.01,0
NA19346	1	0	0.01,0
NA19347	1	1	0,1
NA19350	1	0	0.01,0
NA19360	1	0	0.01,0
NA19372	1	0	0.01,0
NA19374	1	0	0.01,0
NA19375	1	1	0,1
NA19376	1	0	0.01,0
NA19377	0|1	1	0,1,0
NA19379	1|1	2	0,0,1
NA19380	1	0	0.01,0
NA19384	1	1	0,1
NA19385	1	0	0.01,0
NA19390	1|1	2	0,0,1
NA19391	1|0	1	0,1,0
NA19393	1	1	0,1
NA19394	1	1	0,1
NA19397	1	0	0.01,0
NA19399	0|0	0	1,0,0
NA19403	0|0	0	1,0,0
NA19404	1|1	2	0,0,1
NA19428	1	0.98	0.01,0.99
NA19429	1	1	0,1
NA19430	1	1	0,1
NA19431	1|1	2	0,0,1
NA19434	0|0	0	1,0,0
NA19435	0|1	1	0,1,0
NA19436	0|1	1	0,1,0
NA19437	1|0	1	0,1,0
NA19438	1|1	2	0,0,1
NA19439	1|1	2	0,0,1
NA19440	1|0	1	0,1,0
NA19443	1	1	0,1
NA19445	0|1	1	0,1,0
NA19446	1|1	2	0,0,1
NA19448	1	0	0.01,0
NA19449	0|1	1	0,1,0
NA19451	1	0	0.01,0
NA19452	1	0.84	0.01,0.84
NA19455	1	0	0.01,0
NA19456	1|1	2	0,0,1
NA19457	0|1	1	0,1,0
NA19462	1|0	1	0,1,0
NA19463	1|0	1	0,1,0
NA19466	1	0.05	0.01,0.06
NA19467	0|0	0	1,0,0
NA19468	1|1	2	0,0,1
NA19471	0|1	1	0,1,0
NA19472	1|0	1	0,1,0
NA19473	0|1	1	0,1,0
NA19474	1|1	2	0,0,1
