NA18526	1|1	2	0,0,1
NA18537	1|1	1.96	0,0.04,0.96
NA18550	0|1	1	0,1,0
NA18555	1|1	2	0,0,1
NA18562	1|1	2	0,0,1
NA18563	1|0	1	0,1,0
NA18582	1|1	2	0,0,1
NA18603	1|1	2	0,0,1
NA18606	0|1	1	0,1,0
NA18621	1|0	1	0,1,0
NA18622	1|1	1.99	0,0.01,0.99
NA18628	1|1	2	0,0,1
NA18632	0|1	1	0,1,0
NA18636	1|1	2	0,0,1
NA18647	1|1	2	0,0,1
NA18942	1|0	0.96	0.04,0.96,0
NA18945	0|1	1.01	0,0.99,0.01
NA18947	1|0	1	0,1,0
NA18951	1|0	1	0,1,0
NA18952	1|0	1	0,1,0
NA18953	1|0	1	0,1,0
NA18956	1|0	1	0,1,0
NA18965	0|1	0.99	0.01,0.99,0
NA18970	0|1	1	0,1,0
NA18973	1|1	1.99	0,0.01,0.99
NA18977	1|1	2	0,0,1
NA18987	1|1	2	0,0,1
NA18990	1|0	1	0,1,0
NA18995	0|1	1	0,1,0
NA19003	1|1	2	0,0,1
NA19010	1|0	1	0,1,0
