NA18498	0|0	0.06	0.94,0.06,0
NA18502	0|0	0	1,0,0
NA18507	0|0	0	1,0,0
NA18508	0|0	0	1,0,0
NA18517	1|0	0.92	0.08,0.92,0
NA18519	0|0	0.35	0.65,0.35,0
NA18861	0|0	0	1,0,0
NA18867	0|0	0.3	0.7,0.3,0
NA18870	0|0	0.04	0.96,0.04,0
NA18910	1|1	2	0,0,1
NA18912	0|1	0.98	0.02,0.98,0
NA19092	1|1	2	0,0,1
NA19093	1|0	1	0,1,0
NA19098	0|1	0.9	0.1,0.9,0
NA19099	0|0	0	1,0,0
NA19102	0|0	0	1,0,0
NA19108	0|0	0	1,0,0
NA19116	0|0	0.5	0.56,0.39,0.06
NA19118	0|0	0.06	0.94,0.06,0
NA19119	1|0	0.99	0.01,0.99,0
NA19129	0|0	0	1,0,0
NA19130	1|1	2	0,0,1
NA19131	1|0	0.95	0.07,0.92,0.02
NA19137	0|0	0.02	0.98,0.02,0
NA19141	0|0	0	1,0,0
NA19143	0|0	0	1,0,0
NA19146	0|0	0	1,0,0
NA19150	0|1	1	0,1,0
NA19152	0|0	0	1,0,0
NA19159	0|1	0.77	0.24,0.76,0
NA19160	1|0	0.99	0.01,0.99,0
NA19171	0|0	0	1,0,0
NA19172	1|1	2	0,0,1
NA19189	0|1	0.96	0.04,0.96,0
NA19200	0|0	0	1,0,0
NA19201	1|0	1	0,1,0
NA19204	0|1	0.97	0.03,0.97,0
NA19206	1|0	0.85	0.15,0.85,0
NA19207	1|0	0.95	0.05,0.95,0
NA19209	0|0	0.1	0.9,0.1,0
NA19213	0|0	0	1,0,0
NA19223	0|0	0	1,0,0
NA19240	0|0	0	1,0,0
