NA18498	1	0	0.01,0
NA18502	0|0	0	1,0,0
NA18505	1|0	1.33	0,0.67,0.33
NA18507	1	0	0.01,0
NA18508	1|1	2	0,0,1
NA18517	1|1	2	0,0,1
NA18519	1	0	0.01,0
NA18867	0|1	1	0,1,0
NA18870	0|1	1	0,1,0
NA18910	1	0	0.01,0
NA19092	1	0	0.01,0
NA19098	1	0	0.01,0
NA19099	1|1	2	0,0,1
NA19102	1|0	0.96	0.04,0.96,0
NA19108	1|1	2	0,0,1
NA19118	1|1	1.64	0,0.36,0.64
NA19119	1	0	0.01,0
NA19129	1|0	1	0,1,0
NA19130	1	1	0,1
NA19141	1	0.72	0.01,0.73
NA19146	1	0	0.01,0
NA19150	1	0	0.01,0
NA19152	0|1	1	0,1,0
NA19160	1	0	0.01,0
NA19171	1	1	0,1
NA19189	1	1	0,1
NA19204	1|0	1	0,1,0
NA19206	0|0	0	1,0,0
NA19207	1	0	0.01,0
NA19209	0|1	1	0,1,0
NA19213	1	1	0,1
NA19240	1|1	2	0,0,1
NA11829	0	0.29	0.71,0.29
NA11830	0|0	0	1,0,0
NA11831	0	0	1,0
NA11832	0|0	0	1,0,0
NA11840	1|0	1	0,1,0
NA11881	0	0	1,0
NA11994	1	1	0,1
NA11995	0|0	0.21	0.79,0.21,0
NA12004	0|0	0	1,0,0
NA12005	1	0.97	0.03,0.97
NA12043	0	0	1,0
NA12044	0|0	0	1,0,0
NA12144	1	1	0,1
NA12154	1	0.7	0.3,0.7
NA12155	0	0	1,0
NA12156	0|0	0	1,0,0
NA12234	0|0	0	1,0,0
NA12717	0|0	0	1,0,0
NA12750	0	0	1,0
NA12760	0	0	1,0
NA12761	0|0	0	1,0,0
NA12762	0	0	1,0
NA12763	0|0	0	1,0,0
NA12812	0	0	1,0
NA12813	0|0	0	1,0,0
NA12814	0	0	1,0
NA12815	0|1	1	0,1,0
NA12872	0	0	1,0
NA12873	0|0	0	1,0,0
NA12874	0	0	1,0
NA18526	1|0	1.01	0,0.99,0.01
NA18537	1|0	1	0,1,0
NA18550	0|0	0	1,0,0
NA18555	0|0	0.08	0.92,0.08,0
NA18562	0	0	1,0
NA18563	0	0	1,0
NA18582	0|0	0	1,0,0
NA18603	0	0	1,0
NA18606	0	0	1,0
NA18621	0	0	1,0
NA18622	0	0	1,0
NA18628	1|0	1	0,1,0
NA18632	0	0.03	0.97,0.03
NA18636	0	0	1,0
NA18647	0	0	1,0
NA18942	0|0	0	1,0,0
NA18945	0	0.02	0.98,0.02
NA18947	0|0	0.2	0.8,0.2,0
NA18951	0|0	0.05	0.95,0.05,0
NA18952	0	0.27	0.73,0.27
NA18953	0	0	1,0
NA18956	0|0	0	1,0,0
NA18965	1	1	0,1
NA18970	0	0	1,0
NA18973	0|0	0.01	0.99,0.01,0
NA18977	0	0	1,0
NA18987	0|0	0.01	0.99,0.01,0
NA18990	0	0	1,0
NA18995	0	0	1,0
NA19003	0|0	0	1,0,0
NA19010	0|0	0	1,0,0
