NA18526	1|0	0.24453,0.74794,0.00753
NA18532	0|1	0.037,0.963,0
NA18537	0|0	0.534,0.466,0
NA18542	0|1	0.000999987,0.999,0
NA18545	1|0	0,1,0
NA18547	0|0	1,0,0
NA18550	0|0	1,0,0
NA18552	0|0	1,0,0
NA18555	0|0	1,0,0
NA18558	0|0	1,0,0
NA18561	1|1	9.00013e-06,0.00598204,0.994009
NA18562	0|0	1,0,0
NA18563	1|1	0,0,1
NA18564	1|1	0,0.00400001,0.996
NA18566	0|0	1,0,0
NA18570	0|0	0.991,0.009,0
NA18571	1|1	3.99996e-06,0.004992,0.995004
NA18572	1|1	2.5e-05,0.00994999,0.990025
NA18573	1|1	8.79989e-05,0.088824,0.911088
NA18577	1|1	0,0.023,0.977
NA18579	1|0	0,1,0
NA18582	1|0	0,1,0
NA18592	0|1	0,0.999,0.001
NA18593	0|0	0.994,0.006,0
NA18603	0|0	1,0,0
NA18605	1|1	2.5e-05,0.00994999,0.990025
NA18608	1|1	0,0,1
NA18609	1|1	0.000324,0.035352,0.964324
NA18611	0|0	1,0,0
NA18612	0|0	1,0,0
NA18620	1|1	0,0,1
NA18621	0|0	1,0,0
NA18622	1|1	0,0,1
NA18623	0|0	1,0,0
NA18624	0|0	1,0,0
NA18632	0|0	1,0,0
NA18633	1|1	0,0,1
NA18635	1|1	0,0,1
NA18636	0|0	1,0,0
NA18637	1|1	0,0,1
NA18940	1|1	0.000255999,0.0314879,0.968256
NA18942	1|1	0,0,1
NA18943	1|1	3.59998e-05,0.011928,0.988036
NA18944	1|1	2.5e-05,0.00994999,0.990025
NA18945	1|1	6.40003e-05,0.015872,0.984064
NA18947	1|1	0,0.00300002,0.997
NA18948	0|0	0.304704,0.494592,0.200704
NA18949	1|1	0,0,1
NA18951	1|0	0,1,0
NA18952	0|0	1,0,0
NA18953	0|0	1,0,0
NA18956	1|1	0,0,1
NA18959	1|1	0,0,1
NA18960	1|1	3.9999e-06,0.00399195,0.996004
NA18961	0|0	1,0,0
NA18964	1|1	0,0.00400001,0.996
NA18965	0|0	1,0,0
NA18966	0|0	1,0,0
NA18967	1|1	0,0,1
NA18968	1|1	0.000255,0.03149,0.968255
NA18969	1|1	0,0,1
NA18970	1|1	3.59998e-05,0.011928,0.988036
NA18971	1|1	0,0,1
NA18972	0|1	0.021,0.979,0
NA18973	0|1	0.00199997,0.998,0
NA18974	1|1	9.00013e-06,0.00598204,0.994009
NA18975	0|1	0.359,0.641,0
NA18976	0|1	0,1,0
NA18978	1|1	0,0.00199997,0.998
NA18980	0|0	0.911,0.089,0
NA18981	1|1	0,0,1
NA18987	0|1	0.00800002,0.992,0
NA18990	1|1	0.000169,0.025662,0.974169
NA18991	1|1	0,0.00300002,0.997
NA18992	1|1	0,0.149,0.851
NA18994	1|1	0,0,1
NA18995	0|0	0.950625,0.04875,0.000625
NA18997	1|1	0,0.00300002,0.997
NA18998	1|0	0.00300002,0.997,0
NA18999	1|1	0,0,1
NA19000	1|1	0,0,1
NA19003	0|1	0.000999987,0.999,0
NA19005	1|1	0,0,1
NA19007	1|1	2.5e-05,0.00994999,0.990025
NA19012	1|1	0,0,1
