NA18526	0|0	0.999,0.001,0
NA18537	0|0	1,0,0
NA18550	0|0	1,0,0
NA18555	0|0	0.997002,0.002996,2e-06
NA18562	1|0	0,1,0
NA18563	0|0	0.74,0.26,0
NA18582	0|0	1,0,0
NA18603	0|0	1,0,0
NA18606	0|0	0.999,0.001,0
NA18621	0|0	0.999,0.001,0
NA18622	0|0	0.998,0.002,0
NA18628	0|0	1,0,0
NA18632	0|0	1,0,0
NA18636	0|0	0.999,0.001,0
NA18647	0|0	0.998001,0.001998,1e-06
NA18942	1|0	0.011988,0.987024,0.000988
NA18945	0|0	1,0,0
NA18947	1|0	0,1,0
NA18951	0|1	0.00300002,0.997,0
NA18952	0|0	1,0,0
NA18953	0|0	1,0,0
NA18956	0|0	0.999,0.001,0
NA18965	0|0	0.999,0.001,0
NA18970	0|0	1,0,0
NA18973	0|0	1,0,0
NA18977	0|0	1,0,0
NA18987	0|0	1,0,0
NA18990	0|0	1,0,0
NA18995	0|0	1,0,0
NA19003	0|1	0,0.999,0.001
NA19010	0|0	0.999,0.001,0
