NA18526	1|0	0.00400001,0.996,0
NA18537	1|1	0,0.00800002,0.992
NA18550	0|0	0.995,0.005,0
NA18555	1|0	0,0.998,0.002
NA18562	0|1	0.01393,0.98114,0.00493
NA18563	0|1	0.00300002,0.997,0
NA18582	0|0	0.999,0.001,0
NA18603	1|1	0,0.017,0.983
NA18606	0|1	0.032,0.968,0
NA18621	1|1	1.59998e-05,0.00996799,0.990016
NA18622	1|0	0.013,0.987,0
NA18628	1|0	0.000999987,0.999,0
NA18632	0|0	1,0,0
NA18636	1|0	0.028971,0.970058,0.000971
NA18647	1|0	0.00299702,0.996006,0.000997
NA18942	1|0	0.00199997,0.998,0
NA18945	0|0	1,0,0
NA18947	0|0	0.999,0.001,0
NA18951	1|0	0.005,0.995,0
NA18952	1|1	5.60001e-05,0.017888,0.982056
NA18953	0|1	0,1,0
NA18956	0|0	1,0,0
NA18965	1|0	0.00199597,0.996008,0.001996
NA18970	1|0	0.00199997,0.998,0
NA18973	0|1	0.00599998,0.994,0
NA18977	0|0	0.999,0.001,0
NA18987	0|1	0.00199997,0.998,0
NA18990	0|0	0.998,0.002,0
NA18995	1|0	0,1,0
NA19003	1|0	0.00800002,0.992,0
NA19010	1|0	0.016,0.984,0
