NA18498	0|0	1,0,0
NA18502	1|1	0,0.00599998,0.994
NA18505	0|1	0.00599998,0.994,0
NA18507	1|1	0,0,1
NA18508	1|0	0,1,0
NA18517	0|1	0,0.999,0.001
NA18519	1|1	0,0,1
NA18858	1|1	0,0,1
NA18861	0|1	0,1,0
NA18867	1|0	0.000999987,0.999,0
NA18870	1|0	0,1,0
NA18910	1|1	0,0.00999999,0.99
NA18912	1|1	0,0.011,0.989
NA19093	0|1	0,1,0
NA19098	1|1	0,0,1
NA19099	1|0	0.00199997,0.998,0
NA19102	0|0	0.998,0.002,0
NA19108	0|1	0.00599398,0.993012,0.000994
NA19116	1|1	9.99974e-07,0.00199797,0.998001
NA19118	1|0	0,1,0
NA19119	1|1	0,0,1
NA19129	0|0	1,0,0
NA19130	0|1	0.000999987,0.999,0
NA19131	0|1	0,0.999,0.001
NA19138	0|0	1,0,0
NA19141	0|1	0.00199997,0.998,0
NA19143	1|1	3.19995e-05,0.0179359,0.982032
NA19144	1|1	0,0.000999987,0.999
NA19146	0|1	0.000999987,0.999,0
NA19152	1|1	0,0,1
NA19153	1|1	0,0,1
NA19159	0|1	0.000999987,0.999,0
NA19160	1|1	0,0,1
NA19171	1|1	0,0.00199997,0.998
NA19189	0|1	0,0.99,0.01
NA19200	1|0	0,1,0
NA19201	1|0	0.00700003,0.993,0
NA19204	0|0	1,0,0
NA19206	1|0	0,1,0
NA19207	0|1	0,0.999,0.001
NA19209	1|0	0.00399601,0.995008,0.000996
NA19210	1|1	0,0.000999987,0.999
NA19213	1|0	0,1,0
NA19222	0|0	0.994,0.006,0
NA19223	1|1	0,0,1
NA19240	0|1	0.005,0.995,0
