NA18498	1|1	2	0,0,1
NA18502	1|0	1	0,1,0
NA18505	0|0	0	1,0,0
NA18507	1|1	2	0,0,1
NA18508	1|1	1.83	0,0.17,0.83
NA18517	0|0	0	1,0,0
NA18519	1|1	2	0,0,1
NA18858	1|0	1	0,1,0
NA18861	0|0	0.34	0.68,0.29,0.02
NA18867	1|1	1.69	0,0.31,0.69
NA18870	1|0	0.93	0.07,0.93,0
NA18910	1|0	1	0,1,0
NA18912	1|0	1	0,1,0
NA19092	1|1	1.61	0,0.39,0.61
NA19093	0|1	1	0,1,0
NA19098	1|1	2	0,0,1
NA19099	0|0	0	1,0,0
NA19102	0|1	1	0,1,0
NA19108	1|1	2	0,0,1
NA19116	1|1	2	0,0,1
NA19118	1|0	1	0,1,0
NA19119	1|1	1.83	0,0.17,0.83
NA19129	1|0	1	0,1,0
NA19130	1|1	2	0,0,1
NA19131	1|1	1.98	0,0.02,0.98
NA19137	1|1	1.98	0,0.02,0.98
NA19138	0|1	1	0,1,0
NA19141	1|1	2	0,0,1
NA19143	1|0	1	0,1,0
NA19144	1|0	1	0,1,0
NA19146	0|1	0.78	0.33,0.55,0.11
NA19150	1|1	2	0,0,1
NA19152	0|1	1	0,1,0
NA19153	1|0	1	0,1,0
NA19159	1|1	2	0,0,1
NA19160	0|1	1	0,1,0
NA19171	0|0	0	1,0,0
NA19172	1|0	1	0,1,0
NA19189	1|1	2	0,0,1
NA19200	1|0	0.84	0.16,0.84,0
NA19201	1|0	1	0,1,0
NA19204	0|1	1	0,1,0
NA19206	0|1	1	0,1,0
NA19207	0|1	1	0,1,0
NA19209	1|1	2	0,0,1
NA19210	0|0	0.3	0.7,0.3,0
NA19213	0|1	1	0,1,0
NA19222	1|0	1	0,1,0
NA19223	1|0	1	0,1,0
NA19240	0|1	1	0,1,0
