NA18526	1|0	0,1,0
NA18532	1|0	0.005,0.995,0
NA18537	0|1	0,1,0
NA18542	0|1	0,1,0
NA18545	0|1	0.005,0.995,0
NA18547	0|1	0,1,0
NA18550	1|0	0,1,0
NA18552	1|0	0.04,0.96,0
NA18555	0|0	1,0,0
NA18558	0|1	0,1,0
NA18561	0|1	0.00300002,0.997,0
NA18562	0|0	1,0,0
NA18563	0|0	0.998,0.002,0
NA18564	1|0	0.00199997,0.998,0
NA18566	1|0	0,1,0
NA18570	0|1	0,0.821,0.179
NA18571	1|0	0.00199997,0.998,0
NA18572	0|0	1,0,0
NA18573	0|1	0.055,0.945,0
NA18577	1|0	0.00700003,0.993,0
NA18579	1|1	0,0.000999987,0.999
NA18582	0|0	1,0,0
NA18592	0|1	0,0.998,0.002
NA18593	1|1	0,0,1
NA18603	0|1	0.00800002,0.992,0
NA18605	0|1	0,0.999,0.001
NA18608	0|0	0.962,0.038,0
NA18609	1|1	0,0.00599998,0.994
NA18611	1|0	0,1,0
NA18612	0|1	0.082,0.918,0
NA18620	1|0	0,1,0
NA18621	0|0	1,0,0
NA18622	0|0	1,0,0
NA18623	0|0	1,0,0
NA18624	1|1	2e-05,0.00896,0.99102
NA18632	1|0	0,1,0
NA18633	0|0	0.668,0.332,0
NA18635	0|0	0.999,0.001,0
NA18636	0|1	0.000999987,0.999,0
NA18637	0|0	0.999,0.001,0
NA18940	0|1	0,1,0
NA18942	1|0	0.005,0.995,0
NA18943	0|0	0.988,0.012,0
NA18944	0|0	0.957042,0.042916,4.2e-05
NA18945	0|0	0.997,0.003,0
NA18947	0|0	0.999,0.001,0
NA18948	0|0	1,0,0
NA18949	1|0	0,1,0
NA18951	0|1	0,1,0
NA18952	0|0	0.713,0.287,0
NA18953	1|0	0,1,0
NA18956	1|1	0.00029,0.06242,0.93729
NA18959	1|0	0.004995,0.99401,0.000995
NA18960	0|0	1,0,0
NA18961	1|1	0,0.00400001,0.996
NA18964	1|0	0.00199997,0.998,0
NA18965	0|1	0.000999987,0.999,0
NA18966	0|0	0.985,0.015,0
NA18967	0|0	1,0,0
NA18968	0|0	0.999,0.001,0
NA18969	1|0	0.00199797,0.997004,0.000998
NA18970	0|0	1,0,0
NA18971	0|0	0.693,0.307,0
NA18972	0|1	0.00386401,0.962272,0.033864
NA18973	0|1	0.011,0.989,0
NA18974	1|0	0.00199797,0.997004,0.000998
NA18975	0|1	0,0.958,0.042
NA18976	0|1	0,1,0
NA18978	0|0	1,0,0
NA18980	1|1	0,0.013,0.987
NA18981	0|0	0.814,0.186,0
NA18987	0|0	1,0,0
NA18990	0|0	0.999,0.001,0
NA18991	1|0	0,0.999,0.001
NA18992	0|0	0.999,0.001,0
NA18994	1|0	0.319,0.681,0
NA18995	0|1	0,0.998,0.002
NA18997	1|0	0,0.665,0.335
NA18998	0|1	0.146,0.854,0
NA18999	1|1	0.000123001,0.043754,0.956123
NA19000	0|1	0,1,0
NA19003	0|1	0.008991,0.990018,0.000991
NA19005	1|0	0,0.998,0.002
NA19007	1|0	0.01183,0.89934,0.08883
NA19012	0|0	0.999,0.001,0
