NA18498	1|0	0.00300002,0.997,0
NA18500	0|0	1,0,0
NA18501	0|0	0.995,0.005,0
NA18502	0|0	0.997,0.003,0
NA18503	0|0	1,0,0
NA18504	0|0	0.995,0.005,0
NA18505	0|0	1,0,0
NA18506	1|1	0,0,1
NA18507	1|0	0,1,0
NA18508	1|0	0,0.999,0.001
NA18515	0|1	0,1,0
NA18516	1|0	0,1,0
NA18517	0|0	0.936,0.064,0
NA18519	1|0	0.00199797,0.997004,0.000998
NA18521	1|0	0,1,0
NA18522	1|0	0,1,0
NA18523	0|1	0,0.999,0.001
NA18852	0|0	0.999,0.001,0
NA18853	0|1	0.00300002,0.997,0
NA18854	0|0	1,0,0
NA18855	1|1	0,0,1
NA18856	0|1	0,0.918,0.082
NA18857	1|1	0,0,1
NA18858	1|0	0,0.996,0.004
NA18859	1|0	0.000999987,0.999,0
NA18860	0|1	0,1,0
NA18861	0|0	1,0,0
NA18862	1|0	0.00300002,0.997,0
NA18863	0|0	1,0,0
NA18867	1|0	0,1,0
NA18870	1|0	0.000999987,0.999,0
NA18871	1|0	0,1,0
NA18872	0|1	0,1,0
NA18910	0|0	0.994008,0.005984,8e-06
NA18912	0|1	0,1,0
NA18913	1|0	0.000999987,0.999,0
NA18914	0|1	0,0.957,0.043
NA19027	1|1	0,0.00300002,0.997
NA19028	0|1	0,1,0
NA19031	0|1	0,1,0
NA19035	1|0	0,1,0
NA19036	0|1	0,0.998,0.002
NA19038	1|1	0.104902,0.457196,0.437902
NA19041	0|0	0.999,0.001,0
NA19092	1|1	0,0,1
NA19093	0|0	0.962,0.038,0
NA19094	0|1	0,1,0
NA19098	0|1	0.000999987,0.999,0
NA19099	1|1	0,0.005,0.995
NA19100	0|1	0,1,0
NA19101	1|0	0,0.504,0.496
NA19102	1|0	0.00599998,0.994,0
NA19108	0|1	0,1,0
NA19116	0|0	0.611,0.389,0
NA19118	1|1	0,0.018,0.982
NA19119	0|0	1,0,0
NA19120	0|0	1,0,0
NA19127	1|0	0.268268,0.642464,0.089268
NA19128	0|1	0,0.522,0.478
NA19129	1|0	0,0.903,0.097
NA19130	1|0	0.044,0.956,0
NA19131	0|1	0,1,0
NA19132	0|0	1,0,0
NA19137	0|1	0,1,0
NA19138	0|0	1,0,0
NA19139	0|1	0,1,0
NA19140	1|0	0,1,0
NA19141	1|1	0,0.000999987,0.999
NA19142	1|1	0,0,1
NA19143	1|0	0.000999987,0.999,0
NA19144	0|1	0,1,0
NA19145	1|0	0,1,0
NA19146	1|1	0,0,1
NA19150	1|0	0.000998987,0.998002,0.000999
NA19152	0|0	0.993,0.007,0
NA19153	1|0	0,1,0
NA19154	1|0	0,1,0
NA19159	1|0	0,1,0
NA19160	0|0	1,0,0
NA19161	0|0	1,0,0
NA19171	0|0	0.988,0.012,0
NA19172	0|1	0,1,0
NA19173	1|0	0,1,0
NA19189	0|0	0.93132,0.06836,0.00032
NA19200	0|0	0.991,0.009,0
NA19201	0|0	0.81144,0.18512,0.00344
NA19202	0|0	0.985014,0.014972,1.4e-05
NA19203	0|1	0,1,0
NA19204	1|1	0,0.00400001,0.996
NA19205	1|1	0,0,1
NA19206	1|0	0,0.755,0.245
NA19207	1|1	5.10004e-05,0.019898,0.980051
NA19208	1|1	0,0.00199997,0.998
NA19209	1|1	0,0,1
NA19210	0|1	0.00199997,0.998,0
NA19211	0|1	0,1,0
NA19213	0|0	1,0,0
NA19221	0|1	0,1,0
NA19222	1|1	7.99991e-06,0.00598398,0.994008
NA19223	0|0	1,0,0
NA19238	0|1	0,1,0
NA19239	0|0	0.999,0.001,0
NA19240	0|0	1,0,0
NA19307	1|0	0,0.998,0.002
NA19308	1|1	0,0,1
NA19309	1|1	0,0.00800002,0.992
NA19310	0|1	0,1,0
NA19314	0|1	0.00398801,0.993024,0.002988
NA19315	0|0	1,0,0
NA19316	1|0	0.00390401,0.972192,0.023904
NA19317	1|1	0,0,1
NA19319	1|1	0,0.00199997,0.998
NA19321	0|1	0.00400001,0.996,0
NA19327	0|0	1,0,0
NA19328	0|1	0,0.731,0.269
NA19332	1|0	0,1,0
NA19334	1|1	0,0.00300002,0.997
NA19346	0|1	0.00700003,0.993,0
NA19347	1|1	0,0.00300002,0.997
NA19350	0|0	1,0,0
NA19360	0|0	0.996,0.004,0
NA19372	1|0	0.000999987,0.999,0
NA19374	1|1	0.000252002,0.086496,0.913252
NA19375	0|0	1,0,0
NA19376	0|1	0,1,0
NA19377	0|0	0.602,0.398,0
NA19379	1|1	0,0.000999987,0.999
NA19380	1|0	0,1,0
NA19384	1|0	0,1,0
NA19385	1|1	0,0.08,0.92
NA19391	1|0	0.042,0.958,0
NA19393	0|0	0.997,0.003,0
NA19394	1|0	0.178,0.822,0
NA19397	0|0	0.989,0.011,0
NA19399	1|1	1.79998e-05,0.010964,0.989018
NA19403	0|0	1,0,0
NA19404	1|1	0,0.034,0.966
NA19428	0|1	0,1,0
NA19429	0|0	0.999,0.001,0
NA19430	1|0	0.042,0.958,0
NA19431	1|1	0,0,1
NA19434	1|0	0,1,0
NA19435	0|0	0.999,0.001,0
NA19436	1|0	0.000999987,0.999,0
NA19437	1|1	0,0,1
NA19438	0|1	0.034755,0.95849,0.006755
NA19439	1|1	0,0.011,0.989
NA19440	1|0	0,0.998,0.002
NA19443	1|0	0,1,0
NA19445	0|0	1,0,0
NA19446	0|1	0.008982,0.989036,0.001982
NA19448	0|1	0,1,0
NA19449	1|1	0,0,1
NA19451	1|1	0,0.00300002,0.997
NA19452	1|1	0,0,1
NA19455	0|1	0.000999987,0.999,0
NA19456	1|1	0.000132998,0.133734,0.866133
NA19457	1|0	0,1,0
NA19462	1|0	0.00400001,0.996,0
NA19463	0|0	0.999,0.001,0
NA19466	1|1	0,0,1
NA19467	0|1	0,1,0
NA19468	1|0	0,1,0
NA19471	1|1	0.00022,0.04856,0.95122
NA19472	0|1	0,1,0
NA19473	1|1	0,0,1
NA19474	0|0	1,0,0
