NA18526	0|1	0,0.744,0.256
NA18537	1|1	2.4e-05,0.00995199,0.990024
NA18550	1|1	9.99974e-07,0.00199797,0.998001
NA18555	0|1	0,1,0
NA18562	1|1	0,0,1
NA18563	1|1	0,0,1
NA18582	1|1	3.20001e-05,0.011936,0.988032
NA18603	1|1	0.000289001,0.033422,0.966289
NA18606	1|1	0,0,1
NA18621	1|1	3.9999e-06,0.00399195,0.996004
NA18622	0|0	1,0,0
NA18628	1|1	0.000150001,0.0527,0.94715
NA18632	1|1	4.90004e-05,0.0139021,0.986049
NA18636	1|1	0,0,1
NA18647	1|1	0,0,1
NA18942	0|0	0.64,0.36,0
NA18945	1|1	0,0,1
NA18947	1|1	0,0,1
NA18951	1|0	0.00400001,0.996,0
NA18952	1|1	0,0,1
NA18953	0|0	1,0,0
NA18956	0|0	1,0,0
NA18965	0|0	0.998001,0.001998,1e-06
NA18970	1|1	9.99974e-07,0.00199797,0.998001
NA18973	0|0	1,0,0
NA18977	0|0	1,0,0
NA18987	0|1	0.000999987,0.999,0
NA18990	1|1	0,0,1
NA18995	1|1	9.00013e-06,0.00598204,0.994009
NA19003	1|1	1.99995e-06,0.00299596,0.997002
NA19010	1|1	0,0.000999987,0.999
