NA18526	0|0	0.28	0.72,0.28,0
NA18532	0|0	0	1,0,0
NA18537	0|0	0	1,0,0
NA18542	1|0	1	0,1,0
NA18545	1|1	2	0,0,1
NA18547	0|1	1	0,1,0
NA18550	0|0	0.11	0.89,0.11,0
NA18552	1|1	2	0,0,1
NA18555	0|0	0.25	0.75,0.25,0
NA18558	0	0	1,0
NA18561	0	0	1,0
NA18562	0	0.01	0.99,0.01
NA18563	1	1	0,1
NA18564	1|0	1	0,1,0
NA18566	1|0	1.05	0,0.95,0.05
NA18570	0|0	0.02	0.98,0.02,0
NA18571	0|0	0	1,0,0
NA18572	0	0	1,0
NA18573	0|0	0	1,0,0
NA18577	0|0	0.33	0.67,0.33,0
NA18579	1|0	1	0,1,0
NA18582	0|0	0.29	0.71,0.29,0
NA18592	0|1	1.01	0,0.99,0.01
NA18593	0|0	0.17	0.83,0.17,0
NA18603	0	0	1,0
NA18605	1	1	0,1
NA18606	1	1	0,1
NA18608	0	0	1,0
NA18609	0	0	1,0
NA18611	0	0	1,0
NA18612	0	0	1,0
NA18620	0	0.04	0.96,0.04
NA18621	0	0	1,0
NA18622	0	0	1,0
NA18623	0	0	1,0
NA18624	0	0	1,0
NA18628	1|0	1.22	0.06,0.66,0.28
NA18632	0	0	1,0
NA18633	0	0	1,0
NA18635	1	1	0,1
NA18636	0	0	1,0
NA18637	0	0	1,0
NA18647	0	0	1,0
NA18940	1	1	0,1
NA18942	0|0	0	1,0,0
NA18943	1	1	0,1
NA18944	0	0	1,0
NA18945	1	1	0,1
NA18947	1|1	2	0,0,1
NA18948	1	1	0,1
NA18949	0|1	1	0,1,0
NA18951	0|1	1	0,1,0
NA18952	1	1	0,1
NA18953	0	0	1,0
NA18956	0|0	0.09	0.91,0.09,0
NA18959	1	1	0,1
NA18960	0	0	1,0
NA18961	1	1	0,1
NA18964	0|0	0	1,0,0
NA18965	1	1	0,1
NA18966	1	0.63	0.37,0.63
NA18967	0	0	1,0
NA18968	0|0	0	1,0,0
NA18969	0|0	0	1,0,0
NA18970	0	0	1,0
NA18971	0	0	1,0
NA18972	1|0	1	0,1,0
NA18973	0|1	1	0,1,0
NA18974	0	0	1,0
NA18975	1|0	1	0,1,0
NA18976	0|0	0	1,0,0
NA18977	0	0	1,0
NA18978	0|1	1	0,1,0
NA18980	0|0	0	1,0,0
NA18981	0|0	0.03	0.97,0.03,0
NA18987	0|1	1	0,1,0
NA18990	0	0	1,0
NA18991	0|0	0	1,0,0
NA18992	1|0	1	0,1,0
NA18994	0	0	1,0
NA18995	0	0	1,0
NA18997	0|0	0	1,0,0
NA18998	0|0	0	1,0,0
NA18999	0|0	0	1,0,0
NA19000	0	0	1,0
NA19003	0|0	0	1,0,0
NA19005	1	1	0,1
NA19007	0	0	1,0
NA19010	0|1	1	0,1,0
NA19012	0	0	1,0
