NA18526	0|0	0	1,0,0
NA18537	0|0	0	1,0,0
NA18550	0|0	0.05	0.95,0.05,0
NA18555	0|0	0.11	0.89,0.11,0
NA18562	1|0	1	0,1,0
NA18563	0|0	0.25	0.75,0.25,0
NA18582	0|0	0	1,0,0
NA18603	0|0	0	1,0,0
NA18606	0|0	0	1,0,0
NA18621	0|0	0.36	0.64,0.36,0
NA18622	0|1	0.76	0.24,0.76,0
NA18628	0|0	0	1,0,0
NA18632	0|0	0	1,0,0
NA18636	0|0	0	1,0,0
NA18647	0|0	0	1,0,0
NA18942	0|0	0.15	0.85,0.15,0
NA18945	1|0	0.99	0.01,0.99,0
NA18947	1|0	1	0,1,0
NA18951	0|0	0	1,0,0
NA18952	0|0	0	1,0,0
NA18953	0|0	0	1,0,0
NA18956	0|0	0	1,0,0
NA18965	0|0	0.05	0.95,0.05,0
NA18970	0|0	0	1,0,0
NA18973	0|0	0	1,0,0
NA18977	0|0	0	1,0,0
NA18987	0|0	0.15	0.85,0.15,0
NA18990	0|0	0	1,0,0
NA18995	0|0	0	1,0,0
NA19003	0|1	1	0,1,0
NA19010	0|0	0	1,0,0
