NA18498	1	1	0,1
NA18502	0|0	0.09	0.91,0.09,0
NA18505	0|0	0	1,0,0
NA18507	1	1	0,1
NA18508	1|1	2	0,0,1
NA18517	0|1	1	0,1,0
NA18519	0	0	1,0
NA18867	0|1	1	0,1,0
NA18870	1|1	2	0,0,1
NA18910	0	0	1,0
NA19092	0	0	1,0
NA19098	0	0	1,0
NA19099	1|0	1	0,1,0
NA19102	0|1	1	0,1,0
NA19108	0|0	0	1,0,0
NA19118	0|0	0	1,0,0
NA19119	0	0	1,0
NA19129	1|1	2	0,0,1
NA19130	0	0	1,0
NA19141	0	0	1,0
NA19146	1	1	0,1
NA19150	1	1	0,1
NA19152	0|1	1	0,1,0
NA19160	1	1	0,1
NA19171	0	0	1,0
NA19204	0|1	1	0,1,0
NA19206	0|0	0	1,0,0
NA19207	0	0	1,0
NA19209	0|0	0.45	0.55,0.45,0
NA19213	0	0	1,0
NA19240	0|1	0.86	0.14,0.86,0
NA11829	1	0.86	0.14,0.86
NA11830	1|0	1	0,1,0
NA11831	0	0	1,0
NA11832	1|0	1	0,1,0
NA11840	0|0	0	1,0,0
NA11881	0	0	1,0
NA11994	0	0	1,0
NA11995	1|1	2	0,0,1
NA12004	0|1	1	0,1,0
NA12005	1	1	0,1
NA12043	1	1	0,1
NA12044	0|0	0	1,0,0
NA12144	1	1	0,1
NA12154	0	0	1,0
NA12155	0	0	1,0
NA12156	0|0	0	1,0,0
NA12234	0|0	0	1,0,0
NA12717	1|1	2	0,0,1
NA12750	0	0	1,0
NA12760	0	0	1,0
NA12761	0|1	1	0,1,0
NA12762	1	0.92	0.08,0.92
NA12763	0|0	0	1,0,0
NA12812	1	1	0,1
NA12813	0|0	0	1,0,0
NA12814	0	0	1,0
NA12815	0|1	1	0,1,0
NA12872	0	0	1,0
NA12873	0|0	0	1,0,0
NA12874	1	1	0,1
NA12878	0|0	0.04	0.96,0.04,0
NA18526	1|0	1	0,1,0
NA18537	0|1	1.33	0,0.67,0.33
NA18550	0|1	1	0,1,0
NA18555	1|0	1	0,1,0
NA18562	1	0	0.01,0.01
NA18563	1	1	0,1
NA18582	0|1	1.01	0,0.99,0.01
NA18603	1	1	0,1
NA18606	1	0	0.01,0
NA18621	1	0.33	0.01,0.34
NA18622	1	0	0.01,0
NA18628	1|1	2	0,0,1
NA18632	1	0	0.01,0
NA18636	1	0.59	0.01,0.59
NA18647	1	0.01	0.01,0.01
NA18942	0|1	1	0,1,0
NA18945	1	1	0,1
NA18947	1|0	1	0,1,0
NA18951	1|0	1.37	0,0.63,0.37
NA18952	1	0	0.01,0
NA18953	1	0.62	0.01,0.62
NA18956	0|1	0.84	0.16,0.84,0
NA18965	1	0	0.01,0
NA18970	1	0	0.01,0
NA18973	1|0	1	0,1,0
NA18977	1	0.97	0.01,0.97
NA18987	1|1	1.99	0,0.01,0.99
NA18990	1	1	0,1
NA18995	1	1	0,1
NA19003	0|0	0	1,0,0
NA19010	1|0	1	0,1,0
