NA18498	0|0	0.998001,0.001998,1e-06
NA18502	1|1	0,0,1
NA18505	1|0	0.000999987,0.999,0
NA18507	0|0	1,0,0
NA18508	1|0	0,1,0
NA18517	0|0	1,0,0
NA18519	1|1	0,0,1
NA18867	0|0	1,0,0
NA18870	0|1	0,0.999,0.001
NA18910	0|0	1,0,0
NA19092	0|0	1,0,0
NA19098	0|0	1,0,0
NA19099	0|0	1,0,0
NA19102	0|0	1,0,0
NA19108	0|0	1,0,0
NA19118	1|1	2.99998e-06,0.00399401,0.996003
NA19119	0|0	1,0,0
NA19129	0|1	0,1,0
NA19130	1|1	9.00013e-06,0.00598204,0.994009
NA19141	1|1	0,0,1
NA19146	0|0	1,0,0
NA19150	0|0	1,0,0
NA19152	1|1	0,0,1
NA19160	0|0	1,0,0
NA19171	0|0	1,0,0
NA19189	1|1	0,0,1
NA19204	0|1	0,1,0
NA19206	1|1	0,0,1
NA19207	0|0	1,0,0
NA19209	0|0	1,0,0
NA19213	1|1	0.003025,0.10395,0.893025
NA19240	1|0	0,0.999,0.001
NA11829	1|1	0,0.00199997,0.998
NA11830	1|0	0.041832,0.954336,0.003832
NA11831	0|0	0.998001,0.001998,1e-06
NA11832	0|1	0.004995,0.99401,0.000995
NA11840	1|0	0,0.997,0.003
NA11881	0|0	1,0,0
NA11994	1|1	3.9999e-06,0.00399195,0.996004
NA11995	0|0	1,0,0
NA12004	0|0	0.999,0.001,0
NA12005	0|0	1,0,0
NA12043	0|0	1,0,0
NA12044	0|1	0.496006,0.502988,0.001006
NA12144	0|0	1,0,0
NA12154	0|0	1,0,0
NA12155	0|0	1,0,0
NA12156	0|1	0.284292,0.683416,0.032292
NA12234	0|0	0.966,0.034,0
NA12717	0|1	0.00400001,0.996,0
NA12750	0|0	1,0,0
NA12760	0|0	1,0,0
NA12761	0|0	1,0,0
NA12762	0|0	1,0,0
NA12763	0|0	1,0,0
NA12812	0|0	1,0,0
NA12813	0|0	1,0,0
NA12814	0|0	1,0,0
NA12815	0|0	1,0,0
NA12872	0|0	1,0,0
NA12873	0|0	1,0,0
NA12874	0|0	1,0,0
NA12878	0|0	0.999,0.001,0
NA18526	0|0	1,0,0
NA18537	1|1	0,0.000999987,0.999
NA18550	0|0	1,0,0
NA18555	0|0	1,0,0
NA18562	0|0	1,0,0
NA18563	0|0	1,0,0
NA18582	0|0	1,0,0
NA18603	0|0	1,0,0
NA18606	0|0	1,0,0
NA18621	1|1	0,0,1
NA18622	0|0	1,0,0
NA18628	0|0	1,0,0
NA18632	1|1	0,0,1
NA18636	0|0	1,0,0
NA18647	0|0	1,0,0
NA18942	0|0	1,0,0
NA18945	0|0	0.866761,0.128478,0.004761
NA18947	0|0	1,0,0
NA18951	0|0	1,0,0
NA18952	0|0	1,0,0
NA18953	0|0	1,0,0
NA18956	0|0	1,0,0
NA18965	0|0	1,0,0
NA18970	0|0	1,0,0
NA18973	0|0	0.999,0.001,0
NA18977	0|0	1,0,0
NA18987	0|0	1,0,0
NA18990	0|0	1,0,0
NA18995	0|0	1,0,0
NA19003	0|0	1,0,0
NA19010	0|0	0.999,0.001,0
