NA11829	1|1	0,0.00199997,0.998
NA11830	1|0	0.041832,0.954336,0.003832
NA11831	0|0	0.998001,0.001998,1e-06
NA11832	0|1	0.004995,0.99401,0.000995
NA11840	1|0	0,0.997,0.003
NA11881	0|0	1,0,0
NA11994	1|1	3.9999e-06,0.00399195,0.996004
NA11995	0|0	1,0,0
NA12004	0|0	0.999,0.001,0
NA12005	0|0	1,0,0
NA12043	0|0	1,0,0
NA12044	0|1	0.496006,0.502988,0.001006
NA12144	0|0	1,0,0
NA12154	0|0	1,0,0
NA12155	0|0	1,0,0
NA12156	0|1	0.284292,0.683416,0.032292
NA12234	0|0	0.966,0.034,0
NA12717	0|1	0.00400001,0.996,0
NA12750	0|0	1,0,0
NA12760	0|0	1,0,0
NA12761	0|0	1,0,0
NA12762	0|0	1,0,0
NA12763	0|0	1,0,0
NA12812	0|0	1,0,0
NA12813	0|0	1,0,0
NA12814	0|0	1,0,0
NA12815	0|0	1,0,0
NA12872	0|0	1,0,0
NA12873	0|0	1,0,0
NA12874	0|0	1,0,0
NA12878	0|0	0.999,0.001,0
