NA18498	0|0	0.998001,0.001998,1e-06
NA18502	1|1	0,0,1
NA18505	1|0	0.000999987,0.999,0
NA18507	0|0	1,0,0
NA18508	1|0	0,1,0
NA18517	0|0	1,0,0
NA18519	1|1	0,0,1
NA18867	0|0	1,0,0
NA18870	0|1	0,0.999,0.001
NA18910	0|0	1,0,0
NA19092	0|0	1,0,0
NA19098	0|0	1,0,0
NA19099	0|0	1,0,0
NA19102	0|0	1,0,0
NA19108	0|0	1,0,0
NA19118	1|1	2.99998e-06,0.00399401,0.996003
NA19119	0|0	1,0,0
NA19129	0|1	0,1,0
NA19130	1|1	9.00013e-06,0.00598204,0.994009
NA19141	1|1	0,0,1
NA19146	0|0	1,0,0
NA19150	0|0	1,0,0
NA19152	1|1	0,0,1
NA19160	0|0	1,0,0
NA19171	0|0	1,0,0
NA19189	1|1	0,0,1
NA19204	0|1	0,1,0
NA19206	1|1	0,0,1
NA19207	0|0	1,0,0
NA19209	0|0	1,0,0
NA19213	1|1	0.003025,0.10395,0.893025
NA19240	1|0	0,0.999,0.001
