NA18498	1|1	0,0,1
NA18502	0|0	1,0,0
NA18505	1|0	0,1,0
NA18507	1|1	9.99974e-07,0.00199797,0.998001
NA18508	1|1	0,0,1
NA18517	1|1	0,0,1
NA18519	1|1	0,0,1
NA18867	0|1	0.00800002,0.992,0
NA18870	0|1	0,1,0
NA18910	1|1	4.90004e-05,0.0139021,0.986049
NA19092	1|1	0,0,1
NA19098	1|1	0,0,1
NA19099	1|1	0,0,1
NA19102	1|0	0.00199997,0.998,0
NA19108	1|1	0,0.00599998,0.994
NA19118	1|0	0.00697203,0.989056,0.003972
NA19119	1|1	0,0,1
NA19129	1|0	0,0.998,0.002
NA19130	0|0	1,0,0
NA19141	1|1	8.10001e-05,0.017838,0.982081
NA19146	1|1	0,0,1
NA19150	1|1	0,0,1
NA19152	0|1	0,0.994,0.006
NA19160	1|1	0,0,1
NA19171	0|0	1,0,0
NA19189	0|0	1,0,0
NA19204	1|0	0,1,0
NA19206	0|0	1,0,0
NA19207	1|1	0,0,1
NA19209	0|1	0,0.998,0.002
NA19213	0|0	1,0,0
NA19240	1|1	0,0,1
