NA18498	1|1	2	0,0,1
NA18500	0|0	0	1,0,0
NA18501	0|0	0	1,0,0
NA18502	1|0	1	0,1,0
NA18503	1|0	1	0,1,0
NA18504	1|1	2	0,0,1
NA18505	0|0	0	1,0,0
NA18506	0|1	1	0,1,0
NA18507	0|1	1	0,1,0
NA18508	1|1	2	0,0,1
NA18515	1|1	2	0,0,1
NA18516	0|1	1	0,1,0
NA18517	1|1	2	0,0,1
NA18519	1|1	1.68	0,0.32,0.68
NA18521	0|0	0	1,0,0
NA18522	1|0	1	0,1,0
NA18523	1|0	1	0,1,0
NA18852	0|1	1	0,1,0
NA18853	1|0	1	0,1,0
NA18854	0|1	1	0,1,0
NA18855	0|0	0	1,0,0
NA18856	1|0	1	0,1,0
NA18857	0|0	0	1,0,0
NA18858	0|1	1	0,1,0
NA18859	0|1	1	0,1,0
NA18860	1|0	1	0,1,0
NA18861	1|0	1	0,1,0
NA18862	1|0	1	0,1,0
NA18863	0|0	0	1,0,0
NA18867	1|0	0.95	0.05,0.95,0
NA18870	0|0	0	1,0,0
NA18871	1|1	2	0,0,1
NA18872	1|0	1	0,1,0
NA18910	1|1	2	0,0,1
NA18912	0|1	1	0,1,0
NA18913	1|1	2	0,0,1
NA18914	1|0	1	0,1,0
NA19027	1|0	1	0,1,0
NA19028	0|1	1	0,1,0
NA19031	1|0	1	0,1,0
NA19035	0|1	1	0,1,0
NA19036	0|1	1	0,1,0
NA19038	1|0	1	0,1,0
NA19041	1|1	2	0,0,1
NA19092	1|0	1	0,1,0
NA19093	1|1	2	0,0,1
NA19094	0|1	1	0,1,0
NA19098	0|0	0	1,0,0
NA19099	0|0	0	1,0,0
NA19100	0|0	0	1,0,0
NA19101	1|0	1	0,1,0
NA19102	1|1	2	0,0,1
NA19103	1|1	2	0,0,1
NA19108	0|0	0	1,0,0
NA19116	1|0	1	0,1,0
NA19118	0|0	0	1,0,0
NA19119	1|0	1	0,1,0
NA19120	0|0	0	1,0,0
NA19127	1|1	2	0,0,1
NA19128	0|1	1	0,1,0
NA19129	1|1	2	0,0,1
NA19130	1|1	2	0,0,1
NA19131	1|1	2	0,0,1
NA19132	1|1	2	0,0,1
NA19137	0|1	1	0,1,0
NA19138	1|0	1	0,1,0
NA19139	1|1	2	0,0,1
NA19140	1|1	2	0,0,1
NA19141	1|0	1	0,1,0
NA19142	0|1	1	0,1,0
NA19143	0|0	0	1,0,0
NA19144	1|0	0.61	0.39,0.61,0
NA19145	0|0	0	1,0,0
NA19146	0|1	1	0,1,0
NA19150	1|1	2	0,0,1
NA19152	0|0	0	1,0,0
NA19153	0|1	1	0,1,0
NA19154	1|0	1	0,1,0
NA19159	1|1	2	0,0,1
NA19160	0|1	1	0,1,0
NA19161	0|1	1	0,1,0
NA19171	1|1	2	0,0,1
NA19172	0|1	1	0,1,0
NA19173	1|1	2	0,0,1
NA19189	0|0	0.03	0.97,0.03,0
NA19200	1|1	2	0,0,1
NA19201	1|0	1	0,1,0
NA19202	1|1	2	0,0,1
NA19203	0|0	0	1,0,0
NA19204	0|1	1	0,1,0
NA19205	0|1	1	0,1,0
NA19206	0|0	0	1,0,0
NA19207	1|1	2	0,0,1
NA19208	1|0	1	0,1,0
NA19209	1|0	1	0,1,0
NA19210	1|1	2	0,0,1
NA19211	1|0	1	0,1,0
NA19213	0|0	0	1,0,0
NA19221	0|0	0	1,0,0
NA19222	1|0	1	0.02,0.96,0.02
NA19223	0|1	1	0,1,0
NA19238	0|1	1	0,1,0
NA19239	0|0	0	1,0,0
NA19240	0|1	1	0,1,0
NA19307	1|1	2	0,0,1
NA19308	0|0	0	1,0,0
NA19309	0|0	0	1,0,0
NA19310	0|0	0	1,0,0
NA19314	1|1	2	0,0,1
NA19315	0|1	1	0,1,0
NA19316	0|0	0	1,0,0
NA19317	0|1	1	0,1,0
NA19318	0|1	1	0,1,0
NA19319	0|0	0	1,0,0
NA19321	1|0	1	0,1,0
NA19324	1|0	1	0,1,0
NA19327	0|0	0	1,0,0
NA19328	0|0	0	1,0,0
NA19332	1|1	1.98	0,0.02,0.98
NA19334	0|1	0.83	0.17,0.83,0
NA19346	1|1	2	0,0,1
NA19347	1|1	2	0,0,1
NA19350	1|1	2	0,0,1
NA19360	0|0	0	1,0,0
NA19372	1|1	2	0,0,1
NA19374	1|0	1	0,1,0
NA19375	1|1	2	0,0,1
NA19376	0|1	1	0,1,0
NA19377	0|0	0.44	0.56,0.44,0
NA19379	0|0	0	1,0,0
NA19380	1|1	1.98	0,0.02,0.98
NA19383	0|0	0	1,0,0
NA19384	1|0	1	0,1,0
NA19385	1|0	1	0,1,0
NA19390	1|0	1	0,1,0
NA19391	1|0	1	0,1,0
NA19393	1|1	2	0,0,1
NA19394	0|0	0	1,0,0
NA19397	1|0	1	0,1,0
NA19399	1|1	2	0,0,1
NA19403	0|1	1	0,1,0
NA19404	0|1	0.81	0.19,0.81,0
NA19428	1|0	1	0,1,0
NA19429	0|1	1	0,1,0
NA19430	0|0	0	1,0,0
NA19431	1|0	1.39	0,0.61,0.39
NA19434	0|0	0	1,0,0
NA19435	0|1	1.26	0,0.74,0.26
NA19436	1|1	2	0,0,1
NA19437	0|0	0	1,0,0
NA19438	1|0	1	0,1,0
NA19439	0|1	1	0,1,0
NA19440	1|0	1	0,1,0
NA19443	0|0	0.41	0.59,0.41,0
NA19445	1|0	1	0,1,0
NA19446	1|1	2	0,0,1
NA19448	0|1	1	0,1,0
NA19449	0|1	1	0,1,0
NA19451	0|1	1	0,1,0
NA19452	0|0	0	1,0,0
NA19455	1|0	1	0,1,0
NA19456	1|0	1	0,1,0
NA19457	1|1	2	0,0,1
NA19462	0|0	0	1,0,0
NA19463	0|0	0	1,0,0
NA19466	1|1	2	0,0,1
NA19467	0|0	0	1,0,0
NA19468	1|1	2	0,0,1
NA19471	1|0	1	0,1,0
NA19472	1|1	2	0,0,1
NA19473	1|1	2	0,0,1
NA19474	1|0	1	0,1,0
