NA18526	0|0	0	1,0,0
NA18532	1|0	1	0,1,0
NA18537	0|0	0	1,0,0
NA18547	0|0	0	1,0,0
NA18550	0|0	0	1,0,0
NA18555	1|1	2	0,0,1
NA18561	0|1	1	0,1,0
NA18562	1|0	1	0,1,0
NA18563	0|0	0	1,0,0
NA18566	0|0	0.32	0.68,0.32,0
NA18572	0|0	0	1,0,0
NA18577	1|0	1.01	0.15,0.69,0.16
NA18582	0|0	0	1,0,0
NA18603	0|0	0	1,0,0
NA18605	0|1	0.78	0.22,0.78,0
NA18606	0|0	0	1,0,0
NA18621	0|0	0	1,0,0
NA18622	0|1	1	0,1,0
NA18628	1|0	1	0,1,0
NA18632	0|1	1	0,1,0
NA18636	0|0	0	1,0,0
NA18647	0|1	1.04	0,0.96,0.04
NA18942	0|0	0	1,0,0
NA18943	0|0	0	1,0,0
NA18945	0|0	0.06	0.94,0.06,0
NA18947	0|0	0	1,0,0
NA18949	0|0	0	1,0,0
NA18951	0|1	1.29	0.03,0.66,0.31
NA18952	0|0	0	1,0,0
NA18953	0|0	0	1,0,0
NA18956	0|0	0.18	0.82,0.18,0
NA18964	0|0	0	1,0,0
NA18965	0|0	0	1,0,0
NA18970	0|1	1	0,1,0
NA18973	1|0	1	0,1,0
NA18974	0|0	0	1,0,0
NA18980	1|1	2	0,0,1
NA18987	0|0	0	1,0,0
NA18990	0|1	1	0,1,0
NA18994	0|0	0	1,0,0
NA18995	0|0	0	1,0,0
NA19000	0|0	0	1,0,0
NA19003	0|1	1	0,1,0
NA19010	0|0	0	1,0,0
