NA18526	0|0	0	1,0,0
NA18537	0|1	1	0,1,0
NA18550	0|0	0	1,0,0
NA18555	0|0	0	1,0,0
NA18562	0	0.5	0.5,0.5
NA18563	0	0	1,0
NA18582	0|1	1	0,1,0
NA18603	0	0	1,0
NA18606	1	0.54	0.46,0.54
NA18621	0	0	1,0
NA18622	0	0.13	0.87,0.13
NA18628	0|0	0	1,0,0
NA18632	0	0	1,0
NA18636	0	0	1,0
NA18647	1	1	0,1
NA18942	1|0	1	0,1,0
NA18945	0	0	1,0
NA18947	0|0	0	1,0,0
NA18951	0|0	0	1,0,0
NA18952	0	0	1,0
NA18953	0	0	1,0
NA18956	0|0	0	1,0,0
NA18965	1	0.99	0.01,0.99
NA18970	0	0	1,0
NA18973	1|0	0.7	0.3,0.7,0
NA18977	0	0	1,0
NA18987	0|0	0	1,0,0
NA18990	1	1	0,1
NA18995	1	1	0,1
NA19003	0|0	0	1,0,0
NA19010	1|0	1	0,1,0
