NA18498	1|1	1.59998e-05,0.00996799,0.990016
NA18500	0|0	1,0,0
NA18501	0|0	1,0,0
NA18502	1|0	0.00300002,0.997,0
NA18503	1|0	0,1,0
NA18504	1|1	0,0,1
NA18505	0|0	1,0,0
NA18506	0|1	0,1,0
NA18507	0|1	0,1,0
NA18508	1|1	0,0.00599998,0.994
NA18515	1|1	0,0.00599998,0.994
NA18516	0|1	0.00999999,0.99,0
NA18517	1|1	0,0.00199997,0.998
NA18519	1|1	0,0.00700003,0.993
NA18521	0|0	1,0,0
NA18522	1|0	0.00700003,0.993,0
NA18523	1|0	0.00400001,0.996,0
NA18852	0|1	0,1,0
NA18853	1|0	0.000999987,0.999,0
NA18854	0|1	0,1,0
NA18855	1|0	0.000999987,0.999,0
NA18856	1|0	0.00199997,0.998,0
NA18857	0|0	1,0,0
NA18858	0|1	0.00300002,0.997,0
NA18859	0|1	0,1,0
NA18860	1|0	0,1,0
NA18861	1|0	0.00800002,0.992,0
NA18862	1|0	0,1,0
NA18863	0|0	1,0,0
NA18867	1|0	0,1,0
NA18870	0|0	1,0,0
NA18871	1|1	0,0,1
NA18872	1|0	0,1,0
NA18910	1|1	0,0.00199997,0.998
NA18912	0|1	0.000999987,0.999,0
NA18913	1|1	0,0.00199997,0.998
NA18914	1|0	0,1,0
NA19027	1|0	0,0.999,0.001
NA19028	0|1	0,1,0
NA19031	1|0	0.00700003,0.993,0
NA19035	0|1	0,1,0
NA19036	0|1	0.026,0.974,0
NA19038	1|0	0,1,0
NA19041	1|1	0,0.00300002,0.997
NA19092	1|0	0.000999987,0.999,0
NA19093	1|1	0,0,1
NA19094	0|1	0,1,0
NA19098	0|0	1,0,0
NA19099	0|0	1,0,0
NA19100	0|0	1,0,0
NA19101	1|0	0,1,0
NA19102	1|1	0,0,1
NA19103	1|1	0,0,1
NA19108	0|0	1,0,0
NA19116	1|0	0.00400001,0.996,0
NA19118	0|0	0.986,0.014,0
NA19119	1|0	0.00199997,0.998,0
NA19120	0|0	1,0,0
NA19127	1|1	0,0.00800002,0.992
NA19128	0|1	0.00400001,0.996,0
NA19129	1|1	0,0.014,0.986
NA19130	1|1	0,0.005,0.995
NA19131	1|1	0,0.009,0.991
NA19132	1|1	0,0,1
NA19137	0|1	0,1,0
NA19138	1|0	0,1,0
NA19139	1|1	0,0,1
NA19140	1|1	0,0.000999987,0.999
NA19141	1|0	0,1,0
NA19142	0|1	0,1,0
NA19143	0|0	1,0,0
NA19144	1|0	0.005,0.995,0
NA19145	0|0	1,0,0
NA19146	0|1	0,1,0
NA19150	1|1	0,0,1
NA19152	0|0	1,0,0
NA19153	0|1	0,1,0
NA19154	1|0	0,1,0
NA19159	1|1	0,0,1
NA19160	0|1	0.00199997,0.998,0
NA19161	0|1	0,1,0
NA19171	1|1	0,0.00300002,0.997
NA19172	0|1	0,0.999,0.001
NA19173	1|1	0,0,1
NA19189	1|0	0.00299702,0.996006,0.000997
NA19200	1|1	0,0.000999987,0.999
NA19201	1|0	0.00800002,0.992,0
NA19202	1|1	0,0,1
NA19203	0|0	1,0,0
NA19204	0|1	0,1,0
NA19205	0|1	0,1,0
NA19206	0|0	0.992,0.008,0
NA19207	1|1	0,0,1
NA19208	1|0	0,1,0
NA19209	1|0	0,1,0
NA19210	1|1	0,0,1
NA19211	1|0	0,1,0
NA19213	0|0	1,0,0
NA19221	0|0	1,0,0
NA19222	1|0	0,1,0
NA19223	0|1	0.000999987,0.999,0
NA19238	0|1	0,1,0
NA19239	0|0	1,0,0
NA19240	0|1	0,1,0
NA19307	1|1	0,0,1
NA19308	0|0	1,0,0
NA19309	0|0	1,0,0
NA19310	0|0	1,0,0
NA19314	1|1	0,0,1
NA19315	0|1	0,1,0
NA19316	0|0	1,0,0
NA19317	0|1	0,1,0
NA19318	0|1	0,1,0
NA19319	0|0	1,0,0
NA19321	1|0	0.00199997,0.998,0
NA19324	1|0	0,0.997,0.003
NA19327	0|0	1,0,0
NA19328	0|0	1,0,0
NA19332	1|1	9.99974e-07,0.00199797,0.998001
NA19334	0|1	0,1,0
NA19346	1|1	2.99998e-06,0.00399401,0.996003
NA19347	1|1	0,0,1
NA19350	1|1	0,0,1
NA19360	0|0	0.999,0.001,0
NA19372	1|1	0,0,1
NA19374	1|0	0.00599998,0.994,0
NA19375	1|1	0,0.00599998,0.994
NA19376	0|1	0,1,0
NA19377	1|0	0,1,0
NA19379	0|0	1,0,0
NA19380	1|1	0,0.00300002,0.997
NA19383	0|0	1,0,0
NA19384	1|0	0.000999987,0.999,0
NA19385	1|0	0.000998987,0.998002,0.000999
NA19390	1|0	0,0.999,0.001
NA19391	1|0	0,1,0
NA19393	1|1	0,0,1
NA19394	0|0	0.999,0.001,0
NA19397	1|0	0.00300002,0.997,0
NA19399	1|1	4.99993e-06,0.00598998,0.994005
NA19403	0|1	0.00800002,0.992,0
NA19404	0|1	0.00999999,0.99,0
NA19428	1|0	0,1,0
NA19429	0|1	0.000999987,0.999,0
NA19430	0|0	1,0,0
NA19431	1|1	0.000424995,0.42515,0.574425
NA19434	0|0	1,0,0
NA19435	1|1	0,0.014,0.986
NA19436	1|1	3.99996e-06,0.004992,0.995004
NA19437	0|0	1,0,0
NA19438	1|0	0,1,0
NA19439	0|1	0,1,0
NA19440	1|0	0.000999987,0.999,0
NA19443	0|1	0,0.998,0.002
NA19445	1|0	0,0.998,0.002
NA19446	1|1	0,0.00300002,0.997
NA19448	0|1	0.011976,0.986048,0.001976
NA19449	0|1	0,1,0
NA19451	0|1	0.000999987,0.999,0
NA19452	0|0	1,0,0
NA19455	1|0	0,1,0
NA19456	1|0	0.000999987,0.999,0
NA19457	1|1	0,0,1
NA19462	0|0	1,0,0
NA19463	0|0	0.999,0.001,0
NA19466	1|1	0,0.000999987,0.999
NA19467	0|0	1,0,0
NA19468	1|1	0,0.00199997,0.998
NA19471	1|0	0,1,0
NA19472	1|1	0,0,1
NA19473	1|1	0,0,1
NA19474	1|0	0,0.999,0.001
NA06985	1|1	0,0,1
NA06991	1|0	0,1,0
NA06993	1|0	0,1,0
NA06994	0|1	0,1,0
NA07000	1|1	0,0.005,0.995
NA07019	1|1	0,0.005,0.995
NA07022	1|1	9.99974e-07,0.00199797,0.998001
NA07029	1|1	0,0,1
NA07034	1|1	0,0.000999987,0.999
NA07048	1|0	0,1,0
NA07055	0|1	0,1,0
NA07056	1|1	0,0,1
NA07345	1|0	0,1,0
NA07348	1|1	0,0,1
NA07357	0|1	0,0.998,0.002
NA10830	1|1	0,0,1
NA10831	1|1	0,0,1
NA10835	1|1	0,0,1
NA10838	0|0	1,0,0
NA10839	0|1	0,1,0
NA10846	0|1	0,1,0
NA10847	0|1	0,1,0
NA10851	1|0	0.00700003,0.993,0
NA10854	1|0	0,1,0
NA10855	0|0	1,0,0
NA10856	0|1	0,1,0
NA10857	1|0	0,1,0
NA10859	1|0	0,1,0
NA10860	1|0	0,1,0
NA10861	1|0	0,1,0
NA10863	1|0	0,1,0
NA11829	0|0	1,0,0
NA11830	0|1	0,1,0
NA11831	1|0	0.000999987,0.999,0
NA11832	0|0	1,0,0
NA11839	0|0	1,0,0
NA11840	1|0	0,1,0
NA11881	0|1	0.000999987,0.999,0
NA11882	0|0	1,0,0
NA11992	1|1	0,0.022,0.978
NA11993	0|0	1,0,0
NA11994	1|1	0,0.00300002,0.997
NA11995	1|0	0.000999987,0.999,0
NA12003	1|0	0.00700003,0.993,0
NA12004	0|0	0.999,0.001,0
NA12005	0|0	0.999,0.001,0
NA12006	0|1	0,0.998,0.002
NA12043	0|1	0.005,0.995,0
NA12044	1|1	0,0.000999987,0.999
NA12056	1|0	0,0.997,0.003
NA12057	0|0	1,0,0
NA12144	0|1	0.000999987,0.999,0
NA12145	1|0	0,1,0
NA12146	0|0	1,0,0
NA12154	1|0	0,1,0
NA12155	1|1	0,0,1
NA12156	1|1	0,0,1
NA12234	1|0	0,1,0
NA12236	0|1	0,1,0
NA12239	1|1	0,0,1
NA12248	1|1	0,0,1
NA12249	0|1	0,1,0
NA12264	0|1	0,1,0
NA12707	1|1	0,0,1
NA12716	1|0	0,1,0
NA12717	0|1	0,1,0
NA12740	1|0	0,1,0
NA12750	1|0	0,1,0
NA12751	0|0	1,0,0
NA12752	0|0	1,0,0
NA12753	1|1	0,0,1
NA12760	0|0	1,0,0
NA12761	0|0	1,0,0
NA12762	1|1	2.99998e-06,0.00399401,0.996003
NA12763	1|0	0,1,0
NA12801	0|0	1,0,0
NA12802	1|0	0,1,0
NA12812	0|0	1,0,0
NA12813	0|0	1,0,0
NA12814	0|1	0,1,0
NA12815	0|0	1,0,0
NA12864	1|0	0.00400001,0.996,0
NA12865	1|0	0,1,0
NA12872	1|1	0,0.000999987,0.999
NA12873	0|0	1,0,0
NA12874	1|1	0,0,1
NA12875	0|0	1,0,0
NA12878	0|1	0.000999987,0.999,0
NA12891	0|1	0.009,0.991,0
NA12892	1|0	0,1,0
NA20502	0|0	0.998,0.002,0
NA20504	1|0	0.00400001,0.996,0
NA20505	0|0	0.999,0.001,0
NA20506	1|0	0.00199997,0.998,0
NA20508	1|0	0,0.999,0.001
NA20509	0|0	1,0,0
NA20510	0|0	1,0,0
NA20512	1|1	1.99995e-06,0.00299596,0.997002
NA20515	1|0	0.00199997,0.998,0
NA20516	1|0	0,1,0
NA20517	0|1	0.009,0.991,0
NA20518	1|1	3.50001e-05,0.01193,0.988035
NA20519	0|1	0.00199997,0.998,0
NA20520	0|0	0.999,0.001,0
NA20521	0|1	0.00400001,0.996,0
NA20522	0|0	1,0,0
NA20524	0|1	0.000999987,0.999,0
NA20525	1|0	0,1,0
NA20527	1|0	0,1,0
NA20528	0|0	0.999,0.001,0
NA20529	0|0	1,0,0
NA20530	0|0	1,0,0
NA20531	0|0	1,0,0
NA20534	0|1	0.000999987,0.999,0
NA20535	0|1	0,1,0
NA20538	0|0	1,0,0
NA20539	0|1	0.000999987,0.999,0
NA20540	1|0	0.00700003,0.993,0
NA20541	0|0	1,0,0
NA20542	0|1	0,1,0
NA20543	0|0	1,0,0
NA20544	0|0	1,0,0
NA20581	0|1	0,1,0
NA20582	0|0	1,0,0
NA20585	0|0	1,0,0
NA20586	0|1	0.009,0.991,0
NA20588	1|1	1.60001e-05,0.00796802,0.992016
NA20589	0|0	1,0,0
NA20752	0|1	0,0.999,0.001
NA20753	0|0	1,0,0
NA20754	0|0	1,0,0
NA20755	0|0	1,0,0
NA20756	0|0	1,0,0
NA20757	0|0	0.999,0.001,0
NA20758	1|0	0.00199997,0.998,0
NA20759	0|1	0,1,0
NA20760	1|0	0,1,0
NA20761	0|1	0.00800002,0.992,0
NA20765	0|0	0.999,0.001,0
NA20766	0|0	1,0,0
NA20768	0|0	0.999,0.001,0
NA20769	0|1	0,1,0
NA20770	1|0	0,1,0
NA20771	0|1	0.000999987,0.999,0
NA20772	0|1	0,1,0
NA20773	1|0	0.000995987,0.995008,0.003996
NA20774	1|1	0,0,1
NA20775	1|0	0.00800002,0.992,0
NA20778	0|1	0,0.999,0.001
NA20783	1|1	0,0.000999987,0.999
NA20785	1|0	0.000998987,0.998002,0.000999
NA20786	0|0	0.999,0.001,0
NA20787	0|0	1,0,0
NA20790	0|0	1,0,0
NA20792	0|1	0,1,0
NA20795	1|1	0,0,1
NA20796	0|1	0.00599998,0.994,0
NA20797	1|1	0,0,1
NA20798	0|0	1,0,0
NA20799	0|0	1,0,0
NA20800	0|0	1,0,0
NA20801	0|0	1,0,0
NA20802	1|0	0.005,0.995,0
NA20803	1|0	0.00800002,0.992,0
NA20804	1|1	5.20002e-05,0.016896,0.983052
NA20805	0|1	0.005,0.995,0
NA20806	0|1	0,1,0
NA20807	0|0	0.999,0.001,0
NA20808	1|1	0,0.00999999,0.99
NA20809	0|0	1,0,0
NA20810	0|1	0.008991,0.990018,0.000991
NA20811	1|0	0,0.999,0.001
NA20812	0|1	0.000999987,0.999,0
NA20813	1|1	0,0,1
NA20815	1|0	0,1,0
NA20818	0|1	0.00199997,0.998,0
NA20819	0|1	0,0.999,0.001
NA20826	0|0	0.998,0.002,0
NA20828	1|0	0.000999987,0.999,0
NA18526	1|0	0.00999999,0.99,0
NA18532	1|0	0,1,0
NA18537	0|0	0.99,0.01,0
NA18542	1|1	0.000144,0.029712,0.970144
NA18545	1|1	1.99995e-06,0.00299596,0.997002
NA18547	0|1	0.00400001,0.996,0
NA18550	1|1	5.39999e-05,0.014892,0.985054
NA18552	1|1	0,0.032,0.968
NA18555	1|1	0.00023,0.03254,0.96723
NA18558	1|1	5.49998e-05,0.01589,0.984055
NA18561	0|1	0.019,0.981,0
NA18562	0|1	0.000999987,0.999,0
NA18563	1|1	0,0.011,0.989
NA18564	0|1	0.033,0.967,0
NA18566	1|1	0,0.005,0.995
NA18570	1|1	3.99994e-05,0.02192,0.97804
NA18571	1|1	1.99995e-06,0.00299596,0.997002
NA18572	0|1	0.029,0.971,0
NA18573	0|0	0.999,0.001,0
NA18577	1|1	0.000602003,0.0917961,0.907602
NA18579	1|1	5.99992e-05,0.06088,0.93906
NA18582	0|1	0.011,0.989,0
NA18592	1|0	0.031,0.969,0
NA18593	1|1	0,0.00599998,0.994
NA18603	1|1	0,0.017,0.983
NA18605	1|1	0,0.013,0.987
NA18608	1|1	0.000578,0.049844,0.949578
NA18609	1|1	2.99999e-05,0.01094,0.98903
NA18611	1|1	5.20002e-05,0.016896,0.983052
NA18612	1|1	0.00015,0.0247,0.97515
NA18620	1|1	0,0.00999999,0.99
NA18621	1|1	0,0.00400001,0.996
NA18622	0|1	0.014,0.986,0
NA18623	1|0	0.004995,0.99401,0.000995
NA18624	1|1	2.40002e-05,0.010952,0.989024
NA18632	0|0	1,0,0
NA18633	1|1	0,0.00199997,0.998
NA18635	1|1	0,0.000999987,0.999
NA18636	1|1	0,0,1
NA18637	0|0	0.998,0.002,0
NA18940	1|1	2.29997e-05,0.023954,0.976023
NA18942	1|1	5.99996e-06,0.004988,0.995006
NA18943	1|0	0,1,0
NA18944	1|1	0,0.013,0.987
NA18945	0|0	0.999,0.001,0
NA18947	1|1	7.79998e-05,0.018844,0.981078
NA18948	1|1	0,0.005,0.995
NA18949	1|1	0,0.027,0.973
NA18951	0|1	0,1,0
NA18952	1|1	0.000126,0.026748,0.973126
NA18953	1|1	2.59997e-05,0.026948,0.973026
NA18956	1|1	0,0.00300002,0.997
NA18959	0|1	0,0.998,0.002
NA18960	1|1	9.99974e-07,0.00199797,0.998001
NA18961	1|1	7.00002e-05,0.01686,0.98307
NA18964	1|1	2.80002e-05,0.010944,0.989028
NA18965	1|0	0,1,0
NA18966	1|1	0,0.005,0.995
NA18967	0|1	0,1,0
NA18968	1|1	0,0.009,0.991
NA18969	1|0	0.009,0.991,0
NA18970	1|1	9e-05,0.02282,0.97709
NA18971	1|0	0,1,0
NA18972	1|1	0,0.00199997,0.998
NA18973	1|0	0.00300002,0.997,0
NA18974	1|0	0,1,0
NA18975	0|1	0.005,0.995,0
NA18976	1|0	0.019,0.981,0
NA18978	1|1	0,0,1
NA18980	0|1	0,1,0
NA18981	1|1	0,0.00199997,0.998
NA18987	0|1	0.012,0.988,0
NA18990	0|0	1,0,0
NA18991	1|1	0.000117,0.021766,0.978117
NA18992	1|1	0,0.025,0.975
NA18994	1|0	0,1,0
NA18995	1|0	0.005,0.995,0
NA18997	1|1	0,0.018,0.982
NA18998	1|1	0,0,1
NA18999	1|1	0,0.00199997,0.998
NA19000	1|1	0,0.049,0.951
NA19003	1|1	2.10002e-05,0.00995805,0.990021
NA19005	1|1	0,0.03,0.97
NA19007	0|1	0,1,0
NA19012	1|1	0,0,1
