NA18526	0|0	0.09	0.91,0.09,0
NA18532	1|0	1	0,1,0
NA18537	1|0	0.86	0.14,0.86,0
NA18542	0|1	0.84	0.19,0.77,0.04
NA18545	0|1	1	0,1,0
NA18547	0|0	0.36	0.64,0.36,0
NA18550	0|0	0	1,0,0
NA18552	0|0	0	1,0,0
NA18555	0|0	0	1,0,0
NA18558	1	1	0,1
NA18561	1	0	0.01,0
NA18562	1	1	0,1
NA18563	1	0	0.01,0
NA18564	1|1	2	0,0,1
NA18566	0|0	0	1,0,0
NA18570	1|0	1	0,1,0
NA18571	1|1	2	0,0,1
NA18572	1	0	0.01,0
NA18573	1|1	2	0,0,1
NA18577	1|1	2	0,0,1
NA18579	1|0	0.78	0.22,0.78,0
NA18582	1|0	1	0,1,0
NA18592	0|1	1	0,1,0
NA18593	1|0	1	0,1,0
NA18603	1	1	0,1
NA18605	1	0	0.01,0
NA18608	1	0	0.01,0
NA18609	1	0.02	0.01,0.02
NA18611	1	1	0,1
NA18612	1	1	0,1
NA18620	1	0	0.01,0
NA18621	1	1	0,1
NA18622	1	0	0.01,0
NA18623	1	1	0,1
NA18624	1	1	0,1
NA18632	1	1	0,1
NA18633	1	0	0.01,0
NA18635	1	0	0.01,0
NA18636	1	1	0,1
NA18637	1	0	0.01,0
NA18940	1	0	0.01,0
NA18942	1|0	1	0,1,0
NA18943	1	0	0.01,0
NA18944	1	0.19	0.01,0.19
NA18945	1	0	0.01,0
NA18947	1|1	1.97	0,0.03,0.97
NA18948	1	0.67	0.01,0.67
NA18949	1|1	1.96	0,0.04,0.96
NA18951	0|0	0	1,0,0
NA18952	1	1	0,1
NA18953	1	1	0,1
NA18956	1|1	2	0,0,1
NA18959	1	0	0.01,0
NA18960	1	0	0.01,0
NA18961	1	1	0,1
NA18964	1|1	2	0,0,1
NA18965	1	1	0,1
NA18966	1	1	0,1
NA18967	1	0	0.01,0
NA18968	1|1	1.88	0,0.12,0.88
NA18969	1|1	2	0,0,1
NA18970	1	0	0.01,0
NA18971	1	0	0.01,0
NA18972	1|0	1	0,1,0
NA18973	1|0	1	0,1,0
NA18974	1	0	0.01,0
NA18975	0|1	0.98	0.02,0.98,0
NA18976	0|1	1	0,1,0
NA18978	1|1	2	0,0,1
NA18980	1|0	1	0,1,0
NA18981	1|1	1.8	0,0.2,0.8
NA18987	1|0	1	0,1,0
NA18990	1	0	0.01,0.01
NA18991	1|1	2	0,0,1
NA18992	1|0	1	0,1,0
NA18994	1	0	0.01,0
NA18995	1	0.79	0.01,0.79
NA18997	1|1	2	0,0,1
NA18998	1|0	1	0,1,0
NA18999	1|1	2	0,0,1
NA19000	1	0	0.01,0
NA19003	0|1	1.01	0,0.99,0.01
NA19005	1	0	0.01,0
NA19007	1	0	0.01,0
NA19012	1	0	0.01,0
