NA18498	1|1	0,0.005,0.995
NA18502	1|0	0.000999987,0.999,0
NA18505	0|0	1,0,0
NA18507	1|1	9.99986e-06,0.00697997,0.99301
NA18508	0|1	0,1,0
NA18517	0|0	0.998,0.002,0
NA18519	1|1	0,0.005,0.995
NA18858	1|0	0,1,0
NA18861	1|1	1.19998e-05,0.00797596,0.992012
NA18867	0|1	0.00199997,0.998,0
NA18870	1|0	0.000999987,0.999,0
NA18910	1|0	0.00700003,0.993,0
NA18912	1|0	0,0.999,0.001
NA19092	1|1	0,0,1
NA19093	1|1	5.49998e-05,0.01589,0.984055
NA19098	1|1	0,0.005,0.995
NA19099	0|0	0.995,0.005,0
NA19102	0|1	0.00199797,0.997004,0.000998
NA19108	1|1	3.50001e-05,0.01193,0.988035
NA19116	1|1	2.79996e-05,0.015944,0.984028
NA19118	1|0	0.00199397,0.995012,0.002994
NA19119	0|1	0.00199397,0.995012,0.002994
NA19129	1|0	0.01494,0.98112,0.00394
NA19130	1|1	0,0.00199997,0.998
NA19131	1|1	0,0,1
NA19137	0|0	0.505,0.495,0
NA19138	0|1	0,0.998,0.002
NA19141	1|0	0,1,0
NA19143	1|0	0.00700003,0.993,0
NA19144	1|0	0,0.998,0.002
NA19146	0|1	0.00199597,0.996008,0.001996
NA19150	1|1	0,0.00300002,0.997
NA19152	0|1	0.00400001,0.996,0
NA19153	1|0	0.008973,0.988054,0.002973
NA19159	1|1	1.99995e-06,0.00299596,0.997002
NA19160	0|1	0.00199997,0.998,0
NA19171	0|0	1,0,0
NA19172	1|0	0,1,0
NA19189	1|1	0,0.013,0.987
NA19200	1|0	0,0.998,0.002
NA19201	1|0	0.00300002,0.997,0
NA19204	1|1	3.99996e-06,0.004992,0.995004
NA19206	0|1	0.000999987,0.999,0
NA19207	0|1	0,1,0
NA19209	1|1	1.19998e-05,0.00797596,0.992012
NA19210	1|0	0.000999987,0.999,0
NA19213	0|1	0.00800002,0.992,0
NA19222	1|0	0,1,0
NA19223	1|0	0,1,0
NA19240	0|1	0,0.999,0.001
NA06985	0|0	1,0,0
NA06994	1|0	0,0.997,0.003
NA07048	0|1	0,0.999,0.001
NA07056	0|0	1,0,0
NA07357	0|0	1,0,0
NA10847	1|0	0,1,0
NA10851	0|0	1,0,0
NA11829	0|1	0.00400001,0.996,0
NA11830	0|0	1,0,0
NA11831	0|0	1,0,0
NA11832	0|0	1,0,0
NA11840	0|1	0.00599998,0.994,0
NA11881	0|1	0,1,0
NA11992	0|1	0.096,0.904,0
NA11994	0|0	1,0,0
NA11995	0|0	1,0,0
NA12004	0|1	0.00199997,0.998,0
NA12005	0|1	0,1,0
NA12006	0|0	1,0,0
NA12043	1|0	0,0.999,0.001
NA12044	0|0	1,0,0
NA12144	1|0	0.00199997,0.998,0
NA12154	0|0	1,0,0
NA12155	1|0	0,0.999,0.001
NA12156	0|1	0.00299702,0.996006,0.000997
NA12234	0|0	0.999,0.001,0
NA12249	1|0	0,1,0
NA12716	0|0	1,0,0
NA12717	0|1	0,1,0
NA12750	1|0	0.00599998,0.994,0
NA12751	0|1	0.000999987,0.999,0
NA12760	0|0	1,0,0
NA12761	0|0	1,0,0
NA12762	0|0	1,0,0
NA12763	1|0	0,0.999,0.001
NA12812	0|0	0.996003,0.003994,3e-06
NA12813	0|1	0.00599998,0.994,0
NA12814	1|0	0.00599398,0.993012,0.000994
NA12815	1|0	0,1,0
NA12872	0|0	1,0,0
NA12873	1|0	0,1,0
NA12874	0|0	1,0,0
NA12878	0|0	1,0,0
NA20502	0|0	1,0,0
NA20504	1|0	0,0.999,0.001
NA20505	0|1	0.000999987,0.999,0
NA20506	0|0	1,0,0
NA20508	0|1	0,1,0
NA20509	1|1	0,0.000999987,0.999
NA20510	0|1	0.012,0.988,0
NA20512	0|0	1,0,0
NA20515	1|0	0.000999987,0.999,0
NA20516	1|0	0.00300002,0.997,0
NA20517	1|0	0,1,0
NA20518	0|1	0,1,0
NA20519	1|0	0,1,0
NA20520	1|0	0.00599998,0.994,0
NA20521	0|0	0.999,0.001,0
NA20522	0|0	0.999,0.001,0
NA20524	1|0	0,1,0
NA20525	0|0	1,0,0
NA20527	1|0	0.00400001,0.996,0
NA20528	1|1	0,0,1
NA20529	1|0	0.000999987,0.999,0
NA20530	0|1	0.000998987,0.998002,0.000999
NA20531	1|0	0.004985,0.99203,0.002985
NA20534	1|1	1.99995e-06,0.00299596,0.997002
NA20535	1|0	0,0.999,0.001
NA20538	0|0	1,0,0
NA20539	0|0	1,0,0
NA20540	0|1	0.00199997,0.998,0
NA20541	0|0	0.991008,0.008984,8e-06
NA20542	1|1	0.000253,0.033494,0.966253
NA20543	0|0	1,0,0
NA20544	1|0	0,0.999,0.001
NA20581	0|0	1,0,0
NA20582	0|1	0,1,0
NA20585	1|0	0,1,0
NA20586	1|1	0,0.00599998,0.994
NA20588	1|0	0,1,0
NA20589	0|0	0.999,0.001,0
NA20752	0|0	1,0,0
NA20753	0|0	0.999,0.001,0
NA20754	0|1	0.00400001,0.996,0
NA20755	0|0	1,0,0
NA20756	0|0	0.999,0.001,0
NA20757	0|0	0.998,0.002,0
NA20758	1|0	0,1,0
NA20760	1|0	0.00199997,0.998,0
NA20761	0|0	1,0,0
NA20765	0|0	1,0,0
NA20766	0|1	0.00199997,0.998,0
NA20768	0|0	0.999,0.001,0
NA20769	0|0	1,0,0
NA20770	1|0	0.000999987,0.999,0
NA20771	0|0	0.999,0.001,0
NA20772	0|1	0,1,0
NA20773	1|1	0,0.00599998,0.994
NA20774	1|0	0,1,0
NA20775	1|1	0,0,1
NA20778	1|1	0,0.00400001,0.996
NA20783	0|0	1,0,0
NA20785	0|0	1,0,0
NA20786	0|1	0.000999987,0.999,0
NA20787	0|0	0.997,0.003,0
NA20790	0|1	0,1,0
NA20792	0|0	0.999,0.001,0
NA20795	0|0	0.999,0.001,0
NA20796	1|0	0,1,0
NA20797	0|1	0.00599998,0.994,0
NA20798	0|1	0,1,0
NA20799	1|1	0,0.000999987,0.999
NA20800	1|1	0,0.035,0.965
NA20801	1|0	0.012974,0.985052,0.001974
NA20802	0|1	0,1,0
NA20803	0|1	0.000999987,0.999,0
NA20804	1|0	0,1,0
NA20805	0|0	1,0,0
NA20806	0|0	1,0,0
NA20807	0|0	1,0,0
NA20808	0|0	1,0,0
NA20809	1|0	0.00800002,0.992,0
NA20810	1|0	0.014,0.986,0
NA20811	0|1	0.012,0.988,0
NA20812	0|1	0,0.997,0.003
NA20813	0|0	0.999,0.001,0
NA20815	0|1	0,1,0
NA20818	0|0	1,0,0
NA20819	0|0	0.998001,0.001998,1e-06
NA20826	1|1	6.00001e-05,0.01688,0.98306
NA20828	1|1	9.00013e-06,0.00598204,0.994009
NA18526	0|1	0.000951988,0.951096,0.047952
NA18532	1|1	0.000156,0.024688,0.975156
NA18537	0|1	0.000999987,0.999,0
NA18547	0|1	0.044865,0.95227,0.002865
NA18550	1|0	0.00400001,0.996,0
NA18555	0|1	0,1,0
NA18561	0|0	1,0,0
NA18562	0|0	1,0,0
NA18563	0|1	0,1,0
NA18566	0|0	1,0,0
NA18572	1|1	8.40003e-05,0.024832,0.975084
NA18577	1|1	0.000119001,0.023762,0.976119
NA18582	1|0	0.010978,0.987044,0.001978
NA18603	0|0	1,0,0
NA18605	0|0	1,0,0
NA18606	1|1	0,0.012,0.988
NA18621	1|0	0.010989,0.988022,0.000989
NA18622	0|1	0.00699303,0.992014,0.000993
NA18628	1|0	0.005,0.995,0
NA18632	0|1	0.00199997,0.998,0
NA18636	1|0	0.014,0.986,0
NA18647	0|1	0.00199997,0.998,0
NA18942	0|1	0.000998987,0.998002,0.000999
NA18943	1|1	0.000212,0.056576,0.943212
NA18945	0|0	0.996,0.004,0
NA18947	1|1	0,0.029,0.971
NA18949	0|0	1,0,0
NA18951	1|1	0.000272,0.032456,0.967272
NA18952	1|1	5.99991e-06,0.00698797,0.993006
NA18953	1|0	0.005,0.995,0
NA18956	0|1	0,1,0
NA18964	1|1	0.00015,0.0247,0.97515
NA18965	0|1	0.00400001,0.996,0
NA18970	0|0	0.994005,0.00599,5e-06
NA18973	1|1	4.99993e-06,0.00598998,0.994005
NA18974	0|1	0,1,0
NA18977	1|0	0,1,0
NA18980	1|0	0.022885,0.97223,0.004885
NA18987	1|1	1.19999e-05,0.012976,0.987012
NA18990	0|0	0.997002,0.002996,2e-06
NA18994	1|0	0,0.999,0.001
NA18995	0|1	0.00300002,0.997,0
NA19000	1|1	0,0.00199997,0.998
NA19003	1|0	0,0.999,0.001
NA19010	0|1	0.000999987,0.999,0
