NA18526	0|1	0.00597598,0.990048,0.003976
NA18532	1|1	0.000434,0.044132,0.955434
NA18537	0|0	0.999,0.001,0
NA18547	0|0	0.996003,0.003994,3e-06
NA18550	0|1	0.00388801,0.968224,0.027888
NA18555	0|0	1,0,0
NA18562	1|0	0.00400001,0.996,0
NA18563	0|1	0,1,0
NA18566	1|1	0,0.00400001,0.996
NA18572	1|1	0,0.000999987,0.999
NA18582	1|1	0.00021,0.03058,0.96921
NA18603	1|0	0.000999987,0.999,0
NA18605	0|0	1,0,0
NA18606	1|1	0,0.005,0.995
NA18621	0|1	0.015,0.985,0
NA18622	0|0	0.998,0.002,0
NA18628	1|1	2.10002e-05,0.00995805,0.990021
NA18632	1|1	0,0.00199997,0.998
NA18636	1|1	0.000208,0.028584,0.971208
NA18647	0|0	0.997,0.003,0
NA18942	0|1	0,1,0
NA18943	1|1	0.000494999,0.10301,0.896495
NA18945	0|0	0.993,0.007,0
NA18947	0|1	0.008991,0.990018,0.000991
NA18949	0|0	1,0,0
NA18951	0|0	1,0,0
NA18952	0|1	0.00199597,0.996008,0.001996
NA18953	0|1	0.277884,0.719232,0.002884
NA18956	0|0	0.993006,0.006988,6e-06
NA18964	0|0	0.996,0.004,0
NA18965	0|0	0.998,0.002,0
NA18970	0|0	0.997,0.003,0
NA18973	0|0	0.998001,0.001998,1e-06
NA18974	0|0	1,0,0
NA18977	0|0	0.999,0.001,0
NA18987	0|0	0.996,0.004,0
NA18990	0|0	1,0,0
NA18994	0|0	0.892,0.108,0
NA18995	0|0	1,0,0
NA19000	0|0	0.984,0.016,0
NA19003	0|1	0,1,0
NA19010	0|1	0,0.896,0.104
