NA18498	0|0	0.04	0.96,0.04,0
NA18502	1|1	2	0,0,1
NA18505	0|1	1	0,1,0
NA18507	0|1	1	0,1,0
NA18508	1|0	1	0,1,0
NA18517	0|1	1	0,1,0
NA18519	1|1	2	0,0,1
NA18858	0|1	1	0,1,0
NA18861	0|1	1	0,1,0
NA18867	1|0	1	0,1,0
NA18870	1|0	1	0,1,0
NA18910	1|1	2	0,0,1
NA18912	1|0	1.11	0,0.89,0.11
NA19093	0|1	1	0,1,0
NA19098	1|1	2	0,0,1
NA19099	1|1	2	0,0,1
NA19102	0|0	0	1,0,0
NA19108	0|1	1	0,1,0
NA19116	1|1	2	0,0,1
NA19118	0|0	0	1,0,0
NA19119	1|1	1.63	0,0.37,0.63
NA19129	0|0	0	1,0,0
NA19130	0|1	1	0,1,0
NA19131	1|0	0.96	0.04,0.96,0
NA19138	0|1	1	0,1,0
NA19141	0|1	1	0,1,0
NA19143	1|1	2	0,0,1
NA19144	1|1	2	0,0,1
NA19146	0|1	1	0,1,0
NA19152	1|1	2	0,0,1
NA19153	1|0	1	0,1,0
NA19159	0|1	1	0,1,0
NA19160	0|1	1.2	0,0.8,0.2
NA19171	1|1	2	0,0,1
NA19189	1|1	2	0,0,1
NA19200	1|0	1	0,1,0
NA19201	1|0	1	0,1,0
NA19204	0|0	0	1,0,0
NA19206	1|0	1	0,1,0
NA19207	0|1	1.02	0,0.98,0.02
NA19209	1|1	2	0,0,1
NA19210	1|1	2	0,0,1
NA19213	1|0	1	0,1,0
NA19222	0|1	1	0,1,0
NA19223	1|1	2	0,0,1
NA19240	0|1	1	0,1,0
