NA18498	0|0	0.64	0.44,0.47,0.09
NA18502	1|0	1	0,1,0
NA18505	1|0	1	0,1,0
NA18507	1|1	2	0,0,1
NA18508	1|1	1.65	0,0.35,0.65
NA18517	1|0	1.05	0,0.95,0.05
NA18519	0|0	0	1,0,0
NA18867	1|0	1	0,1,0
NA18870	1|1	1.98	0,0.02,0.98
NA18910	1|0	0.98	0.14,0.74,0.12
NA19092	1|1	2	0,0,1
NA19098	0|0	0	1,0,0
NA19099	1|1	2	0,0,1
NA19102	0|1	1.41	0,0.59,0.41
NA19108	0|1	1	0,1,0
NA19118	0|0	0	1,0,0
NA19119	0|0	0.41	0.63,0.33,0.04
NA19129	0|0	0.1	0.9,0.1,0
NA19130	0|0	0	1,0,0
NA19141	1|0	1.05	0.02,0.92,0.06
NA19146	1|1	2	0,0,1
NA19150	0|0	0	1,0,0
NA19152	1|1	2	0,0,1
NA19160	0|0	0	1,0,0
NA19171	0|0	0	1,0,0
NA19189	1|1	2	0,0,1
NA19204	1|1	2	0,0,1
NA19206	1|0	1	0,1,0
NA19207	0|0	0	1,0,0
NA19209	0|1	1.01	0,0.99,0.01
NA19213	0|0	0	1,0,0
NA19240	1|1	1.98	0,0.02,0.98
NA11829	0|0	0	1,0,0
NA11830	1|0	1	0,1,0
NA11831	0|0	0	1,0,0
NA11832	0|0	0	1,0,0
NA11840	0|0	0	1,0,0
NA11881	0|0	0	1,0,0
NA11994	0|0	0	1,0,0
NA11995	0|0	0	1,0,0
NA12004	0|0	0	1,0,0
NA12005	1|1	2	0,0,1
NA12043	0|0	0	1,0,0
NA12044	0|0	0	1,0,0
NA12144	0|0	0	1,0,0
NA12154	0|0	0	1,0,0
NA12155	0|0	0	1,0,0
NA12156	0|1	1	0,1,0
NA12234	0|1	1	0,1,0
NA12717	0|0	0	1,0,0
NA12750	1|1	2	0,0,1
NA12760	0|0	0	1,0,0
NA12761	0|0	0	1,0,0
NA12762	0|0	0	1,0,0
NA12763	0|0	0	1,0,0
NA12812	0|0	0	1,0,0
NA12813	1|0	0.82	0.18,0.82,0
NA12814	1|1	2	0,0,1
NA12815	0|1	1	0,1,0
NA12872	1|1	2	0,0,1
NA12873	0|0	0	1,0,0
NA12874	1|1	2	0,0,1
NA12878	0|0	0	1,0,0
NA18526	1|1	2	0,0,1
NA18537	0|0	0.28	0.72,0.28,0
NA18550	0|0	0.01	0.99,0.01,0
NA18555	0|0	0	1,0,0
NA18562	0|0	0	1,0,0
NA18563	0|0	0	1,0,0
NA18582	1|0	1.02	0,0.98,0.02
NA18603	0|0	0	1,0,0
NA18606	0|0	0.09	0.91,0.08,0
NA18621	1|1	2	0,0,1
NA18622	1|1	2	0,0,1
NA18628	0|0	0.07	0.93,0.07,0
NA18632	0|0	0.04	0.96,0.04,0
NA18636	0|0	0	1,0,0
NA18647	0|0	0.06	0.94,0.06,0
NA18942	1|1	1.95	0,0.05,0.95
NA18945	0|0	0	1,0,0
NA18947	0|0	0	1,0,0
NA18951	1|0	1	0,1,0
NA18952	0|0	0	1,0,0
NA18953	0|0	0.01	0.99,0.01,0
NA18956	1|0	1.14	0,0.86,0.14
NA18965	1|1	2	0,0,1
NA18970	0|0	0	1,0,0
NA18973	0|1	1	0,1,0
NA18977	0|0	0.1	0.9,0.09,0
NA18987	1|0	1	0,1,0
NA18990	0|0	0	1,0,0
NA18995	1|1	2	0,0,1
NA19003	0|0	0	1,0,0
NA19010	0|0	0.01	0.99,0.01,0
