NA18498	1	1	0,1
NA18502	1|0	1	0,1,0
NA18505	1|0	0.68	0.32,0.68,0
NA18507	1	0.98	0.02,0.98
NA18508	1|1	2	0,0,1
NA18517	1|1	1.94	0,0.06,0.94
NA18519	1	1	0,1
NA18867	1|0	1	0,1,0
NA18870	1|1	2	0,0,1
NA18910	1	1	0,1
NA19092	1	1	0,1
NA19098	1	1	0,1
NA19099	1|1	2	0,0,1
NA19102	1|1	1.71	0,0.29,0.71
NA19108	0|1	1	0,1,0
NA19118	0|0	0	1,0,0
NA19119	1	0.51	0.49,0.51
NA19129	0|0	0	1,0,0
NA19130	1	1	0,1
NA19141	1	0.05	0.01,0.06
NA19146	1	1	0,1
NA19150	1	1	0,1
NA19152	0|1	1.48	0,0.52,0.48
NA19160	0	0	1,0
NA19171	0	0	1,0
NA19189	1	0	0.01,0
NA19204	1|0	1	0,1,0
NA19206	1|1	1.66	0,0.34,0.66
NA19207	1	1	0,1
NA19209	0|1	1	0,1,0
NA19213	1	1	0,1
NA19240	1|0	1	0,1,0
