NA18526	0|0	1,0,0
NA18537	1|0	0,1,0
NA18550	0|0	1,0,0
NA18555	0|0	1,0,0
NA18562	0|1	0,1,0
NA18563	0|0	0.999,0.001,0
NA18582	0|0	1,0,0
NA18603	0|0	1,0,0
NA18606	0|1	0,1,0
NA18621	0|0	0.998,0.002,0
NA18622	0|1	0,1,0
NA18628	0|0	1,0,0
NA18632	0|0	1,0,0
NA18636	0|0	1,0,0
NA18647	0|1	0,1,0
NA18942	0|1	0.00399601,0.995008,0.000996
NA18945	0|0	1,0,0
NA18947	0|1	0,1,0
NA18951	1|1	2.5e-05,0.00994999,0.990025
NA18952	0|0	1,0,0
NA18953	0|0	1,0,0
NA18956	0|1	0.00199997,0.998,0
NA18965	0|0	1,0,0
NA18970	0|0	1,0,0
NA18973	0|1	0,1,0
NA18977	0|0	1,0,0
NA18987	1|0	0,0.998,0.002
NA18990	0|0	1,0,0
NA18995	0|0	1,0,0
NA19003	0|0	1,0,0
NA19010	0|1	0.000999987,0.999,0
