NA18498	1|0	0.00700003,0.993,0
NA18502	1|1	9.99974e-07,0.00199797,0.998001
NA18505	1|1	9.99986e-06,0.01098,0.98901
NA18507	1|0	0,1,0
NA18508	1|1	0,0,1
NA18517	1|1	0.000126,0.022748,0.977126
NA18519	1|0	0.00300002,0.997,0
NA18858	1|1	0,0,1
NA18861	1|0	0,1,0
NA18867	0|0	0.997,0.003,0
NA18870	1|1	1.39999e-05,0.008972,0.991014
NA18910	1|0	0,1,0
NA18912	1|1	0,0,1
NA19092	0|0	0.999,0.001,0
NA19093	0|0	1,0,0
NA19098	0|0	1,0,0
NA19099	1|1	0,0.000999987,0.999
NA19102	1|1	0,0.00199997,0.998
NA19108	1|1	0,0.00999999,0.99
NA19116	1|1	0,0.000999987,0.999
NA19118	1|1	0,0,1
NA19119	1|0	0,1,0
NA19129	1|0	0,1,0
NA19130	0|1	0,1,0
NA19131	1|0	0.000999987,0.999,0
NA19137	1|0	0,1,0
NA19141	1|1	0,0,1
NA19143	0|0	1,0,0
NA19144	0|1	0.018,0.982,0
NA19146	0|1	0,0.996,0.004
NA19150	1|1	0,0.00400001,0.996
NA19152	0|0	0.999,0.001,0
NA19153	1|1	9.99986e-06,0.01098,0.98901
NA19159	1|1	0,0,1
NA19160	1|1	0,0,1
NA19171	1|0	0.00999999,0.99,0
NA19172	0|0	1,0,0
NA19189	1|0	0.00400001,0.996,0
NA19201	1|0	0,1,0
NA19204	1|1	0,0.00700003,0.993
NA19206	0|1	0.011,0.989,0
NA19207	1|1	0,0,1
NA19209	0|1	0.00300002,0.997,0
NA19210	1|0	0,1,0
NA19213	1|0	0,1,0
NA19222	1|0	0,1,0
NA19223	1|0	0,1,0
NA19240	1|1	0,0.000999987,0.999
