NA06985	1|0	0.83	0.17,0.83,0
NA06991	0|0	0	1,0,0
NA06993	0|1	1	0,1,0
NA06994	0|0	0	1,0,0
NA07000	1|0	1	0,1,0
NA07019	0|0	0	1,0,0
NA07022	0|1	1	0,1,0
NA07029	1|0	1	0,1,0
NA07034	0|0	0	1,0,0
NA07048	0|1	1	0,1,0
NA07055	1|1	1.72	0,0.28,0.72
NA07056	1|0	1	0,1,0
NA07345	1|1	2	0,0,1
NA07348	1|0	1	0,1,0
NA07357	0|1	1	0,1,0
NA10830	1|1	2	0,0,1
NA10831	0|0	0	1,0,0
NA10835	1|1	2	0,0,1
NA10838	0|0	0	1,0,0
NA10839	1|0	1	0,1,0
NA10846	1|1	2	0,0,1
NA10847	1|1	2	0,0,1
NA10851	1|1	2	0,0,1
NA10854	1|1	2	0,0,1
NA10855	0|1	1	0,1,0
NA10856	1|0	1	0,1,0
NA10857	1|0	1	0,1,0
NA10859	1|0	1	0,1,0
NA10860	1|1	2	0,0,1
NA10861	0|1	1	0,1,0
NA10863	1|1	2	0,0,1
NA11829	1|1	2	0,0,1
NA11830	0|0	0	1,0,0
NA11831	1|1	2	0,0,1
NA11832	1|0	1	0,1,0
NA11839	1|1	2	0,0,1
NA11840	0|1	1	0,1,0
NA11881	1|1	2	0,0,1
NA11882	1|0	1	0,1,0
NA11992	1|1	2	0,0,1
NA11993	1|1	2	0,0,1
NA11994	0|1	1	0,1,0
NA11995	1|1	2	0,0,1
NA12003	0|1	1	0,1,0
NA12004	0|0	0	1,0,0
NA12005	1|1	2	0,0,1
NA12006	0|0	0	1,0,0
NA12043	1|0	1	0,1,0
NA12044	0|0	0	1,0,0
NA12056	1|0	1	0,1,0
NA12057	1|0	1	0,1,0
NA12144	1|1	2	0,0,1
NA12145	1|0	1	0,1,0
NA12146	0|1	1	0,1,0
NA12154	1|1	2	0,0,1
NA12155	1|0	1	0,1,0
NA12156	0|1	1	0,1,0
NA12234	1|1	2	0,0,1
NA12236	1|1	2	0,0,1
NA12239	1|1	2	0,0,1
NA12248	1|1	2	0,0,1
NA12249	1|1	2	0,0,1
NA12264	0|1	1	0,1,0
NA12707	0|0	0	1,0,0
NA12716	0|1	1	0,1,0
NA12717	1|0	1	0,1,0
NA12740	0|0	0	1,0,0
NA12750	0|0	0	1,0,0
NA12751	0|1	1	0,1,0
NA12752	0|1	1	0,1,0
NA12753	1|1	2	0,0,1
NA12760	1|0	1	0,1,0
NA12761	1|1	2	0,0,1
NA12762	1|1	2	0,0,1
NA12763	1|0	1	0,1,0
NA12801	0|1	1	0,1,0
NA12802	1|1	2	0,0,1
NA12812	0|1	1	0,1,0
NA12813	1|1	2	0,0,1
NA12814	1|1	2	0,0,1
NA12815	1|0	1	0,1,0
NA12864	1|1	2	0,0,1
NA12865	0|1	1	0,1,0
NA12872	1|1	2	0,0,1
NA12873	1|1	2	0,0,1
NA12874	0|1	1	0,1,0
NA12875	0|1	1	0,1,0
NA12878	1|1	2	0,0,1
NA12891	0|1	1	0,1,0
NA12892	1|1	2	0,0,1
NA20502	0|1	0.88	0.12,0.88,0
NA20504	1|1	1.84	0,0.16,0.84
NA20505	1|1	2	0,0,1
NA20506	1|0	1	0,1,0
NA20508	1|1	2	0,0,1
NA20509	1|1	2	0,0,1
NA20510	1|0	1	0,1,0
NA20512	0|1	1	0,1,0
NA20515	1|0	1	0,1,0
NA20516	0|1	1	0,1,0
NA20517	1|0	1.35	0,0.65,0.35
NA20518	1|1	2	0,0,1
NA20519	1|1	2	0,0,1
NA20520	1|1	2	0,0,1
NA20521	1|0	1	0,1,0
NA20522	0|0	0	1,0,0
NA20524	0|1	1.14	0.17,0.53,0.31
NA20525	1|1	2	0,0,1
NA20527	0|0	0.2	0.8,0.2,0
NA20528	1|1	2	0,0,1
NA20529	1|1	2	0,0,1
NA20530	1|1	2	0,0,1
NA20531	1|1	2	0,0,1
NA20534	1|1	2	0,0,1
NA20535	1|0	1	0,1,0
NA20538	1|0	1.14	0,0.86,0.14
NA20539	1|1	2	0,0,1
NA20540	1|1	2	0,0,1
NA20541	0|1	1	0,1,0
NA20542	1|1	2	0,0,1
NA20543	0|1	1	0,1,0
NA20544	0|1	1	0,1,0
NA20581	1|1	2	0,0,1
NA20582	1|1	1.99	0,0.01,0.99
NA20585	0|1	1.01	0,0.99,0.01
NA20586	0|0	0	1,0,0
NA20588	1|0	1	0,1,0
NA20589	0|1	1	0,1,0
NA20752	1|0	1	0,1,0
NA20753	1|1	2	0,0,1
NA20754	1|0	1	0,1,0
NA20755	1|0	1	0,1,0
NA20756	0|0	0	1,0,0
NA20757	0|1	1.01	0,0.99,0.01
NA20758	1|1	1.88	0,0.12,0.88
NA20759	0|1	1	0,1,0
NA20760	1|1	2	0,0,1
NA20761	1|1	2	0,0,1
NA20765	1|1	2	0,0,1
NA20766	0|1	1	0,1,0
NA20768	1|0	1	0,1,0
NA20769	1|1	2	0,0,1
NA20770	0|1	1	0,1,0
NA20771	1|0	1	0,1,0
NA20772	0|0	0	1,0,0
NA20773	0|0	0	1,0,0
NA20774	1|1	2	0,0,1
NA20778	0|1	1	0,1,0
NA20783	0|1	0.82	0.18,0.82,0
NA20785	0|1	1	0,1,0
NA20786	0|1	1	0,1,0
NA20787	0|1	1	0,1,0
NA20790	1|0	1	0,1,0
NA20792	0|1	1	0,1,0
NA20795	1|1	2	0,0,1
NA20796	1|0	1.39	0,0.61,0.39
NA20797	0|1	1.31	0,0.69,0.31
NA20798	0|0	0	1,0,0
NA20799	1|1	2	0,0,1
NA20800	1|0	1	0,1,0
NA20801	1|0	1	0,1,0
NA20802	1|1	2	0,0,1
NA20803	0|0	0	1,0,0
NA20804	1|1	2	0,0,1
NA20805	1|0	1	0,1,0
NA20806	1|1	2	0,0,1
NA20807	1|1	2	0,0,1
NA20808	0|0	0	1,0,0
NA20809	1|1	2	0,0,1
NA20810	1|1	2	0,0,1
NA20811	0|1	1	0,1,0
NA20812	0|1	1	0,1,0
NA20813	0|1	1	0,1,0
NA20815	1|1	2	0,0,1
NA20818	1|0	1	0,1,0
NA20819	1|1	2	0,0,1
NA20826	0|0	0.3	0.7,0.3,0
NA20828	1|1	2	0,0,1
