NA06985	1|1	0,0.00199997,0.998
NA06991	1|1	0,0,1
NA06993	1|1	0,0,1
NA06994	1|1	0,0,1
NA07000	1|1	0,0,1
NA07019	1|1	0,0,1
NA07022	1|1	0,0,1
NA07029	1|1	0,0,1
NA07034	1|1	0,0,1
NA07048	1|1	0,0,1
NA07055	1|1	0,0.00400001,0.996
NA07056	1|1	0,0,1
NA07345	1|1	0,0.00800002,0.992
NA07348	1|1	0,0,1
NA07357	1|1	0,0,1
NA10830	1|1	0,0,1
NA10831	1|1	0,0,1
NA10835	1|1	9.99974e-07,0.00199797,0.998001
NA10838	1|1	0,0,1
NA10839	1|1	0,0,1
NA10846	1|1	9.99974e-07,0.00199797,0.998001
NA10847	1|1	0,0,1
NA10851	1|1	0,0,1
NA10854	1|1	0,0.011,0.989
NA10855	1|1	0,0,1
NA10856	1|1	0,0,1
NA10857	1|1	0,0,1
NA10859	1|1	0,0,1
NA10860	1|1	0,0,1
NA10861	1|1	0,0,1
NA10863	1|1	0,0,1
NA11829	1|1	9.00013e-06,0.00598204,0.994009
NA11830	1|1	0,0.000999987,0.999
NA11831	1|1	0,0,1
NA11832	1|1	0,0.00599998,0.994
NA11839	1|1	9.00013e-06,0.00598204,0.994009
NA11840	1|1	0,0,1
NA11881	1|1	0,0,1
NA11882	1|1	0,0,1
NA11992	1|1	3.9999e-06,0.00399195,0.996004
NA11993	1|1	5.99996e-06,0.004988,0.995006
NA11994	1|1	1.60001e-05,0.00796802,0.992016
NA11995	1|1	0,0.000999987,0.999
NA12003	1|1	3.59998e-05,0.011928,0.988036
NA12004	1|1	0,0.025,0.975
NA12005	1|1	0,0,1
NA12006	0|1	0,0.958,0.042
NA12043	1|1	0.000169,0.025662,0.974169
NA12044	1|1	0,0,1
NA12056	1|1	0,0,1
NA12057	1|1	0,0.011,0.989
NA12144	1|1	0,0,1
NA12145	1|1	0,0.00199997,0.998
NA12146	1|1	0.001764,0.080472,0.917764
NA12154	1|1	1.60001e-05,0.00796802,0.992016
NA12155	1|1	0,0,1
NA12156	1|1	0,0,1
NA12234	1|1	0,0.054,0.946
NA12236	1|1	0,0.00400001,0.996
NA12239	1|1	0,0.000999987,0.999
NA12248	1|1	0,0,1
NA12249	1|1	0,0,1
NA12264	1|1	0,0,1
NA12707	1|1	0,0,1
NA12716	1|1	0,0,1
NA12717	1|1	0,0,1
NA12740	1|1	0,0,1
NA12750	1|1	0,0,1
NA12751	1|1	0,0.00300002,0.997
NA12752	1|1	0,0,1
NA12753	1|1	0,0,1
NA12760	1|1	0,0,1
NA12761	1|1	0,0.00199997,0.998
NA12762	1|1	0,0,1
NA12763	1|1	0,0,1
NA12801	1|1	0,0,1
NA12802	1|1	0,0.005,0.995
NA12812	1|1	0.000225,0.02955,0.970225
NA12813	1|1	0,0,1
NA12814	1|1	0,0,1
NA12815	1|1	0,0.012,0.988
NA12864	1|1	0,0,1
NA12865	1|1	0,0,1
NA12872	1|1	3.59998e-05,0.011928,0.988036
NA12873	1|1	0,0.00300002,0.997
NA12874	1|1	0,0,1
NA12875	1|1	2.09998e-05,0.021958,0.978021
NA12878	1|1	0,0,1
NA12891	1|1	0,0,1
NA12892	1|1	0,0,1
NA20502	0|1	0.00687403,0.975252,0.017874
NA20504	1|1	0,0.012,0.988
NA20505	1|1	0,0,1
NA20506	1|1	0,0.009,0.991
NA20508	1|1	0,0.034,0.966
NA20509	1|1	0,0,1
NA20510	1|1	0,0,1
NA20512	1|1	8.10001e-05,0.017838,0.982081
NA20515	1|1	0,0,1
NA20516	1|1	9.99974e-07,0.00199797,0.998001
NA20517	1|1	0,0.031,0.969
NA20518	1|1	9.99974e-07,0.00199797,0.998001
NA20519	1|1	0,0,1
NA20520	1|1	2.5e-05,0.00994999,0.990025
NA20521	1|1	0,0,1
NA20522	1|1	7.99991e-06,0.008984,0.991008
NA20524	1|1	3.9999e-06,0.00399195,0.996004
NA20525	1|1	0,0,1
NA20527	1|1	3.59998e-05,0.011928,0.988036
NA20528	1|1	0,0,1
NA20529	1|1	7.99991e-06,0.00598398,0.994008
NA20530	1|1	0,0.015,0.985
NA20531	1|1	0,0,1
NA20534	1|1	0.001024,0.061952,0.937024
NA20535	1|1	5.99998e-05,0.01588,0.98406
NA20538	1|1	0,0,1
NA20539	1|1	9.99974e-07,0.00199797,0.998001
NA20540	1|1	7.20002e-05,0.016856,0.983072
NA20541	1|1	0,0.00300002,0.997
NA20542	1|1	1.19998e-05,0.00797596,0.992012
NA20543	1|1	3.9999e-06,0.00399195,0.996004
NA20544	1|1	3.9999e-06,0.00399195,0.996004
NA20581	1|1	1.60001e-05,0.00796802,0.992016
NA20582	1|1	1.99997e-05,0.02096,0.97902
NA20585	1|1	0,0.011,0.989
NA20586	1|1	0,0,1
NA20588	1|1	9.99974e-07,0.00199797,0.998001
NA20589	1|1	0,0.00700003,0.993
NA20752	1|1	9.99974e-07,0.00199797,0.998001
NA20753	1|1	0,0.000999987,0.999
NA20754	1|1	0,0,1
NA20755	1|1	0,0,1
NA20756	1|1	0,0.026,0.974
NA20757	1|1	0,0.00400001,0.996
NA20758	1|1	3.59998e-05,0.011928,0.988036
NA20759	1|1	0.000121,0.021758,0.978121
NA20760	1|1	0,0.000999987,0.999
NA20761	1|1	0,0.00300002,0.997
NA20765	1|1	9.00013e-06,0.00598204,0.994009
NA20766	1|1	0,0.00300002,0.997
NA20768	1|1	0,0.00700003,0.993
NA20769	1|1	0,0.000999987,0.999
NA20770	1|1	9.99974e-07,0.00199797,0.998001
NA20771	1|1	0,0.055,0.945
NA20772	1|1	0,0.011,0.989
NA20773	1|1	0,0,1
NA20774	1|1	0,0.095,0.905
NA20778	1|1	1.60001e-05,0.00796802,0.992016
NA20783	1|1	6.40003e-05,0.015872,0.984064
NA20785	1|1	1.60001e-05,0.00796802,0.992016
NA20786	1|1	0,0,1
NA20787	1|1	9.99974e-07,0.00199797,0.998001
NA20790	1|1	3.9999e-06,0.00399195,0.996004
NA20792	1|1	0,0,1
NA20795	1|1	1.09998e-05,0.011978,0.988011
NA20796	1|1	2.5e-05,0.00994999,0.990025
NA20797	1|1	0.000156,0.024688,0.975156
NA20798	1|1	0,0,1
NA20799	1|1	0,0.000999987,0.999
NA20800	1|1	0,0,1
NA20801	1|1	1.60001e-05,0.00796802,0.992016
NA20802	1|1	7.49999e-05,0.01985,0.980075
NA20803	1|1	0,0,1
NA20804	1|1	2.70002e-05,0.011946,0.988027
NA20805	1|1	0,0,1
NA20806	1|1	0.000169,0.025662,0.974169
NA20807	1|1	1.99995e-06,0.00299596,0.997002
NA20808	1|1	4.99993e-06,0.00598998,0.994005
NA20809	1|1	9.99974e-07,0.00199797,0.998001
NA20810	1|1	0,0,1
NA20811	1|1	0,0,1
NA20812	1|1	0,0,1
NA20813	1|1	0,0.000999987,0.999
NA20815	1|1	0,0,1
NA20818	1|1	0,0,1
NA20819	1|1	0.000117,0.021766,0.978117
NA20826	1|1	9.99986e-06,0.00697997,0.99301
NA20828	1|1	0,0.00300002,0.997
