NA18498	1|1	9.00013e-06,0.00598204,0.994009
NA18500	1|1	0,0,1
NA18501	1|1	9.00013e-06,0.00598204,0.994009
NA18502	1|1	0,0,1
NA18503	1|1	0,0,1
NA18504	1|1	0,0,1
NA18505	1|1	0,0,1
NA18506	1|1	0,0,1
NA18507	1|1	9.00013e-06,0.00598204,0.994009
NA18508	1|1	0,0.00599998,0.994
NA18515	1|1	0,0,1
NA18516	1|1	0,0,1
NA18517	1|1	0,0.000999987,0.999
NA18519	1|1	0,0,1
NA18521	1|1	0,0,1
NA18522	1|1	1.60001e-05,0.00796802,0.992016
NA18523	1|1	0,0.00199997,0.998
NA18852	1|1	0,0,1
NA18853	1|1	3.9999e-06,0.00399195,0.996004
NA18854	1|1	0,0,1
NA18855	0|1	0,0.944,0.056
NA18856	1|1	0,0,1
NA18857	1|1	0,0,1
NA18858	1|1	0,0.011,0.989
NA18859	0|0	0.256036,0.499928,0.244036
NA18860	1|1	0,0,1
NA18861	1|1	0,0,1
NA18862	1|1	2.5e-05,0.00994999,0.990025
NA18863	0|0	1,0,0
NA18867	1|1	0,0.00800002,0.992
NA18870	1|1	0,0,1
NA18871	1|1	3.9999e-06,0.00399195,0.996004
NA18872	1|1	0,0,1
NA18910	1|1	0,0,1
NA18912	1|1	0,0.00700003,0.993
NA18913	1|1	0,0,1
NA18914	1|1	0,0,1
NA19027	1|1	0,0,1
NA19028	0|0	0.9801,0.0198,0.0001
NA19031	1|1	9.99974e-07,0.00199797,0.998001
NA19035	0|0	1,0,0
NA19036	1|0	0,0.997,0.003
NA19038	1|1	0,0,1
NA19041	1|1	0,0,1
NA19092	1|1	0,0,1
NA19093	1|1	0,0.00400001,0.996
NA19094	1|1	0,0,1
NA19098	0|0	1,0,0
NA19099	1|1	0,0.00199997,0.998
NA19100	0|1	0,1,0
NA19101	1|1	8.10001e-05,0.017838,0.982081
NA19102	1|1	0,0.009,0.991
NA19103	1|1	0,0,1
NA19108	1|1	2.99996e-05,0.03094,0.96903
NA19116	1|1	0,0,1
NA19118	1|1	0,0,1
NA19119	1|1	0,0,1
NA19120	1|1	0,0,1
NA19127	0|1	0,1,0
NA19128	0|0	1,0,0
NA19129	1|0	0,1,0
NA19130	1|1	0,0,1
NA19131	1|1	0,0.392,0.608
NA19132	1|1	0,0,1
NA19137	1|1	0,0,1
NA19138	1|1	0,0,1
NA19139	1|1	0,0,1
NA19140	1|0	0.009,0.991,0
NA19141	1|1	0,0,1
NA19142	0|0	1,0,0
NA19143	1|1	0,0.00199997,0.998
NA19144	1|1	9.00013e-06,0.00598204,0.994009
NA19145	1|1	1.60001e-05,0.00796802,0.992016
NA19146	1|1	0,0,1
NA19150	1|1	0,0,1
NA19152	1|1	0,0.062,0.938
NA19153	1|1	1.60001e-05,0.00796802,0.992016
NA19154	1|1	0,0,1
NA19159	1|1	0,0.000999987,0.999
NA19160	0|0	0.996004,0.003992,4e-06
NA19161	1|1	0,0,1
NA19171	1|1	0,0,1
NA19172	1|1	1.99995e-06,0.00299596,0.997002
NA19173	1|1	0,0,1
NA19189	1|1	1.60001e-05,0.00796802,0.992016
NA19200	1|1	0,0,1
NA19201	1|1	0,0,1
NA19202	1|1	0,0,1
NA19203	1|1	0.000144001,0.023712,0.976144
NA19204	1|1	0,0,1
NA19205	1|1	0,0,1
NA19206	1|1	0,0,1
NA19207	1|1	0,0,1
NA19208	1|1	0,0,1
NA19209	1|1	0,0,1
NA19210	1|1	9.99974e-07,0.00199797,0.998001
NA19211	1|1	0,0,1
NA19213	1|1	9.00013e-06,0.00598204,0.994009
NA19221	1|1	0,0.00599998,0.994
NA19222	1|1	0,0.00199997,0.998
NA19223	1|1	3.9999e-06,0.00399195,0.996004
NA19238	1|1	0,0.014,0.986
NA19239	1|1	0,0,1
NA19240	1|1	0,0,1
NA19307	1|1	0,0,1
NA19308	1|1	1.60001e-05,0.00796802,0.992016
NA19309	1|1	0,0,1
NA19310	1|1	0,0.018,0.982
NA19314	1|1	5.99996e-06,0.004988,0.995006
NA19315	1|1	0,0,1
NA19316	1|1	2.59997e-05,0.014948,0.985026
NA19317	0|0	0.998001,0.001998,1e-06
NA19319	1|1	3.9999e-06,0.00399195,0.996004
NA19321	1|1	0,0,1
NA19324	1|1	0,0,1
NA19327	1|1	1.49998e-05,0.01597,0.984015
NA19328	1|1	0,0,1
NA19332	1|1	2.99998e-06,0.00399401,0.996003
NA19334	1|1	0.000196,0.027608,0.972196
NA19346	1|1	0,0,1
NA19347	1|1	2.5e-05,0.00994999,0.990025
NA19350	1|1	0,0,1
NA19360	1|1	0,0,1
NA19372	1|1	0,0,1
NA19374	1|1	0,0,1
NA19375	1|1	9.99974e-07,0.00199797,0.998001
NA19376	1|1	0,0,1
NA19377	1|1	6.69991e-05,0.067866,0.932067
NA19379	1|1	0,0.011,0.989
NA19380	1|1	0,0,1
NA19384	1|1	0,0,1
NA19385	1|1	9.99974e-07,0.00199797,0.998001
NA19390	1|1	0,0.453,0.547
NA19391	1|1	0,0,1
NA19393	1|1	9.00013e-06,0.00598204,0.994009
NA19394	1|1	0,0,1
NA19397	1|1	3.9999e-06,0.00399195,0.996004
NA19399	1|1	4.4e-05,0.014912,0.985044
NA19403	1|1	0,0.005,0.995
NA19404	1|1	0.000569999,0.09986,0.89957
NA19428	1|1	0,0,1
NA19429	0|0	0.988036,0.011928,3.6e-05
NA19430	1|1	9.99974e-07,0.00199797,0.998001
NA19431	1|1	0,0.00199997,0.998
NA19434	1|1	0,0.009,0.991
NA19435	1|1	0,0.000999987,0.999
NA19436	1|1	0,0,1
NA19437	1|1	0,0.02,0.98
NA19438	0|1	0.00079199,0.791416,0.207792
NA19439	1|1	9.99974e-07,0.00199797,0.998001
NA19440	1|1	0,0.00199997,0.998
NA19443	1|1	0,0,1
NA19445	0|1	0.00800002,0.992,0
NA19446	1|1	0,0.009,0.991
NA19448	1|1	0,0,1
NA19449	1|1	0,0,1
NA19451	1|1	3.9999e-06,0.00399195,0.996004
NA19452	1|1	0.031684,0.292632,0.675684
NA19455	1|1	0,0,1
NA19456	1|1	0,0.00700003,0.993
NA19457	1|1	1.59998e-05,0.00996799,0.990016
NA19462	1|1	0,0,1
NA19463	1|1	0,0,1
NA19466	1|1	0,0,1
NA19467	1|1	0,0,1
NA19468	1|1	3.30002e-05,0.013934,0.986033
NA19471	1|1	0,0,1
NA19472	1|1	1.19999e-05,0.012976,0.987012
NA19473	1|1	0,0.00199997,0.998
NA19474	1|1	0,0,1
NA06985	1|1	0,0.00199997,0.998
NA06991	1|1	0,0,1
NA06993	1|1	0,0,1
NA06994	1|1	0,0,1
NA07000	1|1	0,0,1
NA07019	1|1	0,0,1
NA07022	1|1	0,0,1
NA07029	1|1	0,0,1
NA07034	1|1	0,0,1
NA07048	1|1	0,0,1
NA07055	1|1	0,0.00400001,0.996
NA07056	1|1	0,0,1
NA07345	1|1	0,0.00800002,0.992
NA07348	1|1	0,0,1
NA07357	1|1	0,0,1
NA10830	1|1	0,0,1
NA10831	1|1	0,0,1
NA10835	1|1	9.99974e-07,0.00199797,0.998001
NA10838	1|1	0,0,1
NA10839	1|1	0,0,1
NA10846	1|1	9.99974e-07,0.00199797,0.998001
NA10847	1|1	0,0,1
NA10851	1|1	0,0,1
NA10854	1|1	0,0.011,0.989
NA10855	1|1	0,0,1
NA10856	1|1	0,0,1
NA10857	1|1	0,0,1
NA10859	1|1	0,0,1
NA10860	1|1	0,0,1
NA10861	1|1	0,0,1
NA10863	1|1	0,0,1
NA11829	1|1	9.00013e-06,0.00598204,0.994009
NA11830	1|1	0,0.000999987,0.999
NA11831	1|1	0,0,1
NA11832	1|1	0,0.00599998,0.994
NA11839	1|1	9.00013e-06,0.00598204,0.994009
NA11840	1|1	0,0,1
NA11881	1|1	0,0,1
NA11882	1|1	0,0,1
NA11992	1|1	3.9999e-06,0.00399195,0.996004
NA11993	1|1	5.99996e-06,0.004988,0.995006
NA11994	1|1	1.60001e-05,0.00796802,0.992016
NA11995	1|1	0,0.000999987,0.999
NA12003	1|1	3.59998e-05,0.011928,0.988036
NA12004	1|1	0,0.025,0.975
NA12005	1|1	0,0,1
NA12006	0|1	0,0.958,0.042
NA12043	1|1	0.000169,0.025662,0.974169
NA12044	1|1	0,0,1
NA12056	1|1	0,0,1
NA12057	1|1	0,0.011,0.989
NA12144	1|1	0,0,1
NA12145	1|1	0,0.00199997,0.998
NA12146	1|1	0.001764,0.080472,0.917764
NA12154	1|1	1.60001e-05,0.00796802,0.992016
NA12155	1|1	0,0,1
NA12156	1|1	0,0,1
NA12234	1|1	0,0.054,0.946
NA12236	1|1	0,0.00400001,0.996
NA12239	1|1	0,0.000999987,0.999
NA12248	1|1	0,0,1
NA12249	1|1	0,0,1
NA12264	1|1	0,0,1
NA12707	1|1	0,0,1
NA12716	1|1	0,0,1
NA12717	1|1	0,0,1
NA12740	1|1	0,0,1
NA12750	1|1	0,0,1
NA12751	1|1	0,0.00300002,0.997
NA12752	1|1	0,0,1
NA12753	1|1	0,0,1
NA12760	1|1	0,0,1
NA12761	1|1	0,0.00199997,0.998
NA12762	1|1	0,0,1
NA12763	1|1	0,0,1
NA12801	1|1	0,0,1
NA12802	1|1	0,0.005,0.995
NA12812	1|1	0.000225,0.02955,0.970225
NA12813	1|1	0,0,1
NA12814	1|1	0,0,1
NA12815	1|1	0,0.012,0.988
NA12864	1|1	0,0,1
NA12865	1|1	0,0,1
NA12872	1|1	3.59998e-05,0.011928,0.988036
NA12873	1|1	0,0.00300002,0.997
NA12874	1|1	0,0,1
NA12875	1|1	2.09998e-05,0.021958,0.978021
NA12878	1|1	0,0,1
NA12891	1|1	0,0,1
NA12892	1|1	0,0,1
NA20502	0|1	0.00687403,0.975252,0.017874
NA20504	1|1	0,0.012,0.988
NA20505	1|1	0,0,1
NA20506	1|1	0,0.009,0.991
NA20508	1|1	0,0.034,0.966
NA20509	1|1	0,0,1
NA20510	1|1	0,0,1
NA20512	1|1	8.10001e-05,0.017838,0.982081
NA20515	1|1	0,0,1
NA20516	1|1	9.99974e-07,0.00199797,0.998001
NA20517	1|1	0,0.031,0.969
NA20518	1|1	9.99974e-07,0.00199797,0.998001
NA20519	1|1	0,0,1
NA20520	1|1	2.5e-05,0.00994999,0.990025
NA20521	1|1	0,0,1
NA20522	1|1	7.99991e-06,0.008984,0.991008
NA20524	1|1	3.9999e-06,0.00399195,0.996004
NA20525	1|1	0,0,1
NA20527	1|1	3.59998e-05,0.011928,0.988036
NA20528	1|1	0,0,1
NA20529	1|1	7.99991e-06,0.00598398,0.994008
NA20530	1|1	0,0.015,0.985
NA20531	1|1	0,0,1
NA20534	1|1	0.001024,0.061952,0.937024
NA20535	1|1	5.99998e-05,0.01588,0.98406
NA20538	1|1	0,0,1
NA20539	1|1	9.99974e-07,0.00199797,0.998001
NA20540	1|1	7.20002e-05,0.016856,0.983072
NA20541	1|1	0,0.00300002,0.997
NA20542	1|1	1.19998e-05,0.00797596,0.992012
NA20543	1|1	3.9999e-06,0.00399195,0.996004
NA20544	1|1	3.9999e-06,0.00399195,0.996004
NA20581	1|1	1.60001e-05,0.00796802,0.992016
NA20582	1|1	1.99997e-05,0.02096,0.97902
NA20585	1|1	0,0.011,0.989
NA20586	1|1	0,0,1
NA20588	1|1	9.99974e-07,0.00199797,0.998001
NA20589	1|1	0,0.00700003,0.993
NA20752	1|1	9.99974e-07,0.00199797,0.998001
NA20753	1|1	0,0.000999987,0.999
NA20754	1|1	0,0,1
NA20755	1|1	0,0,1
NA20756	1|1	0,0.026,0.974
NA20757	1|1	0,0.00400001,0.996
NA20758	1|1	3.59998e-05,0.011928,0.988036
NA20759	1|1	0.000121,0.021758,0.978121
NA20760	1|1	0,0.000999987,0.999
NA20761	1|1	0,0.00300002,0.997
NA20765	1|1	9.00013e-06,0.00598204,0.994009
NA20766	1|1	0,0.00300002,0.997
NA20768	1|1	0,0.00700003,0.993
NA20769	1|1	0,0.000999987,0.999
NA20770	1|1	9.99974e-07,0.00199797,0.998001
NA20771	1|1	0,0.055,0.945
NA20772	1|1	0,0.011,0.989
NA20773	1|1	0,0,1
NA20774	1|1	0,0.095,0.905
NA20778	1|1	1.60001e-05,0.00796802,0.992016
NA20783	1|1	6.40003e-05,0.015872,0.984064
NA20785	1|1	1.60001e-05,0.00796802,0.992016
NA20786	1|1	0,0,1
NA20787	1|1	9.99974e-07,0.00199797,0.998001
NA20790	1|1	3.9999e-06,0.00399195,0.996004
NA20792	1|1	0,0,1
NA20795	1|1	1.09998e-05,0.011978,0.988011
NA20796	1|1	2.5e-05,0.00994999,0.990025
NA20797	1|1	0.000156,0.024688,0.975156
NA20798	1|1	0,0,1
NA20799	1|1	0,0.000999987,0.999
NA20800	1|1	0,0,1
NA20801	1|1	1.60001e-05,0.00796802,0.992016
NA20802	1|1	7.49999e-05,0.01985,0.980075
NA20803	1|1	0,0,1
NA20804	1|1	2.70002e-05,0.011946,0.988027
NA20805	1|1	0,0,1
NA20806	1|1	0.000169,0.025662,0.974169
NA20807	1|1	1.99995e-06,0.00299596,0.997002
NA20808	1|1	4.99993e-06,0.00598998,0.994005
NA20809	1|1	9.99974e-07,0.00199797,0.998001
NA20810	1|1	0,0,1
NA20811	1|1	0,0,1
NA20812	1|1	0,0,1
NA20813	1|1	0,0.000999987,0.999
NA20815	1|1	0,0,1
NA20818	1|1	0,0,1
NA20819	1|1	0.000117,0.021766,0.978117
NA20826	1|1	9.99986e-06,0.00697997,0.99301
NA20828	1|1	0,0.00300002,0.997
NA18526	1|1	0,0.00400001,0.996
NA18532	1|1	0,0,1
NA18537	1|1	7.79998e-05,0.018844,0.981078
NA18542	1|1	0,0.000999987,0.999
NA18545	1|1	0,0,1
NA18547	1|1	0.000462001,0.042076,0.957462
NA18550	1|1	0,0.00800002,0.992
NA18552	1|1	0,0.00800002,0.992
NA18555	1|1	4e-05,0.01292,0.98704
NA18558	1|1	0,0,1
NA18561	1|1	9.99974e-07,0.00199797,0.998001
NA18562	1|1	9.99998e-05,0.0198,0.9801
NA18563	1|1	0,0,1
NA18564	1|1	1.50001e-05,0.00797002,0.992015
NA18566	1|1	0,0.026,0.974
NA18570	1|1	9.99974e-07,0.00199797,0.998001
NA18571	1|1	7.99991e-06,0.00598398,0.994008
NA18572	1|1	0,0,1
NA18573	1|1	0,0.048,0.952
NA18577	1|1	0,0.015,0.985
NA18579	1|1	8.99989e-06,0.00998199,0.990009
NA18582	1|1	7.79998e-05,0.018844,0.981078
NA18592	1|1	0.00016,0.02568,0.97416
NA18593	1|1	0,0.00599998,0.994
NA18603	1|1	0.000225,0.02955,0.970225
NA18605	1|1	3.9999e-06,0.00399195,0.996004
NA18608	1|1	0,0,1
NA18609	1|1	0.000484001,0.043032,0.956484
NA18611	1|1	0,0,1
NA18612	1|1	0.000729001,0.052542,0.946729
NA18620	1|1	2.5e-05,0.00994999,0.990025
NA18621	1|1	0,0,1
NA18622	1|1	1.60001e-05,0.00796802,0.992016
NA18623	1|1	0.000624999,0.04875,0.950625
NA18624	1|1	0,0,1
NA18632	1|1	0,0,1
NA18633	1|1	0.000169,0.025662,0.974169
NA18635	1|1	9.99974e-07,0.00199797,0.998001
NA18636	1|1	3.59998e-05,0.011928,0.988036
NA18637	1|1	3.59998e-05,0.011928,0.988036
NA18940	1|1	9.99974e-07,0.00199797,0.998001
NA18942	1|1	1.59998e-05,0.016968,0.983016
NA18943	1|1	0.001369,0.071262,0.927369
NA18944	1|1	0,0,1
NA18945	1|1	0,0,1
NA18947	1|1	0,0.00199997,0.998
NA18948	1|1	3.9999e-06,0.00399195,0.996004
NA18949	1|1	0,0,1
NA18951	1|1	0,0.00800002,0.992
NA18952	1|1	0,0,1
NA18953	1|1	0,0,1
NA18956	1|1	0,0.012,0.988
NA18959	1|1	4.90004e-05,0.0139021,0.986049
NA18960	1|1	1.60001e-05,0.00796802,0.992016
NA18961	1|1	0.000575999,0.046848,0.952576
NA18964	1|1	0,0.00599998,0.994
NA18965	1|1	0,0,1
NA18966	1|1	0,0,1
NA18967	1|1	0.003481,0.111038,0.885481
NA18968	1|1	0.000216001,0.034568,0.965216
NA18969	1|1	0.000138,0.028724,0.971138
NA18970	1|1	9.99974e-07,0.00199797,0.998001
NA18971	1|1	0.000840999,0.056318,0.942841
NA18972	1|1	0,0,1
NA18973	1|1	1.19999e-05,0.012976,0.987012
NA18974	1|1	2.5e-05,0.00994999,0.990025
NA18975	1|1	9.99974e-07,0.00199797,0.998001
NA18976	1|1	0,0,1
NA18978	1|1	0,0.012,0.988
NA18980	1|1	0,0.016,0.984
NA18981	1|1	0,0,1
NA18987	1|1	2.59997e-05,0.026948,0.973026
NA18990	1|1	9.99974e-07,0.00199797,0.998001
NA18991	1|1	3.89995e-05,0.039922,0.960039
NA18992	1|1	0,0.027,0.973
NA18994	1|1	8.10001e-05,0.017838,0.982081
NA18995	1|1	0,0,1
NA18997	1|1	4.99993e-06,0.00598998,0.994005
NA18998	1|1	0,0,1
NA18999	1|1	0,0,1
NA19000	1|1	0,0,1
NA19003	1|1	0,0.029,0.971
NA19005	1|1	0.000196,0.027608,0.972196
NA19007	1|1	0,0,1
NA19012	1|1	0,0,1
