NA18498	0|1	1	0,1,0
NA18502	0|0	0	1,0,0
NA18505	1|0	1	0,1,0
NA18507	0|0	0	1,0,0
NA18508	0|1	1	0,1,0
NA18517	1|1	1.81	0,0.19,0.81
NA18519	0|0	0	1,0,0
NA18867	0|0	0.01	0.99,0.01,0
NA18870	0|0	0	1,0,0
NA18910	0|0	0.01	0.99,0.01,0
NA19092	1|1	2	0,0,1
NA19098	0|1	1	0,1,0
NA19099	0|1	1	0,1,0
NA19102	1|0	1	0,1,0
NA19108	0|0	0	1,0,0
NA19119	1|0	1	0,1,0
NA19129	0|0	0	1,0,0
NA19130	0|1	0.96	0.04,0.96,0
NA19141	1|0	1.05	0,0.95,0.05
NA19146	1|1	1.89	0,0.11,0.89
NA19150	0|0	0.09	0.91,0.09,0
NA19152	1|1	2	0,0,1
NA19160	0|0	0	1,0,0
NA19171	1|0	0.92	0.08,0.92,0
NA19189	0|0	0	1,0,0
NA19204	0|0	0	1,0,0
NA19206	0|0	0.02	0.98,0.02,0
NA19207	0|0	0.5	0.5,0.5,0
NA19209	0|1	0.91	0.09,0.91,0
NA19213	0|0	0	1,0,0
NA11829	0|0	0	1,0,0
NA11830	0|0	0	1,0,0
NA11831	0|1	0.96	0.04,0.96,0
NA11832	0|0	0	1,0,0
NA11840	0|0	0	1,0,0
NA11881	0|0	0	1,0,0
NA11994	0|0	0.01	0.99,0.01,0
NA11995	0|0	0	1,0,0
NA12004	0|1	0.86	0.14,0.86,0
NA12005	0|0	0	1,0,0
NA12043	0|0	0	1,0,0
NA12044	0|0	0	1,0,0
NA12144	0|0	0.01	0.99,0.01,0
NA12154	0|0	0.01	0.99,0.01,0
NA12155	0|1	0.75	0.25,0.75,0
NA12156	0|0	0	1,0,0
NA12234	0|0	0	1,0,0
NA12717	0|0	0	1,0,0
NA12750	0|0	0	1,0,0
NA12760	0|0	0	1,0,0
NA12761	0|0	0.01	0.99,0.01,0
NA12762	0|0	0	1,0,0
NA12763	0|0	0	1,0,0
NA12812	0|0	0	1,0,0
NA12813	0|0	0	1,0,0
NA12814	0|0	0	1,0,0
NA12815	0|0	0	1,0,0
NA12872	0|0	0	1,0,0
NA12873	0|0	0	1,0,0
NA12874	0|0	0.07	0.93,0.07,0
NA12878	0|0	0	1,0,0
NA18526	0|0	0	1,0,0
NA18537	0|0	0	1,0,0
NA18550	0|0	0	1,0,0
NA18555	0|0	0	1,0,0
NA18562	0|0	0	1,0,0
NA18563	0|0	0	1,0,0
NA18582	0|0	0	1,0,0
NA18603	0|0	0	1,0,0
NA18606	0|0	0	1,0,0
NA18621	0|0	0	1,0,0
NA18622	0|0	0	1,0,0
NA18628	0|0	0.05	0.95,0.05,0
NA18632	0|0	0.03	0.97,0.03,0
NA18636	0|0	0	1,0,0
NA18647	0|0	0	1,0,0
NA18942	0|0	0	1,0,0
NA18945	0|0	0.28	0.72,0.28,0
NA18947	1|0	0.96	0.04,0.96,0
NA18951	0|0	0	1,0,0
NA18952	0|0	0.01	0.99,0.01,0
NA18953	0|0	0	1,0,0
NA18956	0|0	0	1,0,0
NA18965	0|0	0	1,0,0
NA18970	0|0	0	1,0,0
NA18973	0|0	0	1,0,0
NA18977	0|0	0	1,0,0
NA18987	0|0	0	1,0,0
NA18990	0|0	0.1	0.9,0.1,0
NA18995	0|0	0.02	0.98,0.02,0
NA19003	0|0	0	1,0,0
NA19010	0|0	0	1,0,0
