NA18498	1|1	0,0,1
NA18502	0|0	0.722,0.278,0
NA18505	0|0	0.854,0.146,0
NA18507	1|1	0,0,1
NA18508	1|1	0,0.00199997,0.998
NA18517	0|1	0,1,0
NA18519	0|0	1,0,0
NA18867	0|1	0,1,0
NA18870	1|1	0,0,1
NA18910	0|0	1,0,0
NA19092	0|0	1,0,0
NA19098	0|0	1,0,0
NA19099	1|0	0,0.996,0.004
NA19102	0|1	0,0.953,0.047
NA19108	0|0	1,0,0
NA19118	0|0	1,0,0
NA19119	0|0	1,0,0
NA19129	1|1	0,0.00300002,0.997
NA19130	0|0	1,0,0
NA19141	0|0	1,0,0
NA19146	1|1	0,0,1
NA19150	1|1	0,0,1
NA19152	0|1	0,1,0
NA19160	1|1	0,0,1
NA19171	0|0	1,0,0
NA19204	0|1	0,1,0
NA19206	0|0	1,0,0
NA19207	0|0	1,0,0
NA19209	0|1	0.00400001,0.996,0
NA19213	0|0	1,0,0
NA19240	0|1	0.09,0.91,0
NA11829	1|1	0.020449,0.245102,0.734449
NA11830	1|0	0,1,0
NA11831	0|0	1,0,0
NA11832	1|0	0,1,0
NA11840	0|0	1,0,0
NA11881	0|0	1,0,0
NA11994	0|0	1,0,0
NA11995	1|1	8.99997e-05,0.02082,0.97909
NA12004	0|1	0,1,0
NA12005	1|1	0,0,1
NA12043	1|1	0,0,1
NA12044	0|0	1,0,0
NA12144	1|1	0,0,1
NA12154	0|0	1,0,0
NA12155	0|0	1,0,0
NA12156	0|0	1,0,0
NA12234	0|0	1,0,0
NA12717	1|1	0,0,1
NA12750	0|0	1,0,0
NA12760	0|0	1,0,0
NA12761	0|1	0,1,0
NA12762	1|1	0.004096,0.119808,0.876096
NA12763	0|0	1,0,0
NA12812	1|1	6.40003e-05,0.015872,0.984064
NA12813	0|0	1,0,0
NA12814	0|0	1,0,0
NA12815	0|1	0.00300002,0.997,0
NA12872	0|0	1,0,0
NA12873	0|0	1,0,0
NA12874	1|1	3.59998e-05,0.011928,0.988036
NA12878	0|0	0.681,0.319,0
NA18526	1|0	0.01998,0.97904,0.00098
NA18537	0|1	0,0.668,0.332
NA18550	0|1	0.012,0.988,0
NA18555	1|0	0.009,0.991,0
NA18562	1|1	0.000441001,0.0411181,0.958441
NA18563	0|0	1,0,0
NA18582	0|1	0.000998987,0.998002,0.000999
NA18603	0|0	1,0,0
NA18606	1|1	3.59998e-05,0.011928,0.988036
NA18621	1|1	0.107584,0.440832,0.451584
NA18622	1|1	0.001089,0.063822,0.935089
NA18628	1|1	0.000603,0.074794,0.924603
NA18632	1|1	3.9999e-06,0.00399195,0.996004
NA18636	0|0	0.352836,0.482328,0.164836
NA18647	1|1	1.60001e-05,0.00796802,0.992016
NA18942	0|1	0,1,0
NA18945	0|0	0.996004,0.003992,4e-06
NA18947	1|0	0,0.999,0.001
NA18951	1|1	0.00101701,0.339966,0.659017
NA18952	1|1	9.99974e-07,0.00199797,0.998001
NA18953	0|0	0.385641,0.470718,0.143641
NA18956	0|0	0.662,0.338,0
NA18965	1|1	6.40003e-05,0.015872,0.984064
NA18970	1|1	0.000169,0.025662,0.974169
NA18973	1|0	0.000999987,0.999,0
NA18977	0|0	0.652864,0.310272,0.036864
NA18987	1|1	0,0.022,0.978
NA18990	0|0	1,0,0
NA18995	0|0	1,0,0
NA19003	0|0	1,0,0
NA19010	1|0	0,1,0
