NA18498	1|1	2	0,0,1
NA18502	1|0	1	0,1,0
NA18505	0|0	0.01	0.99,0.01,0
NA18507	1|1	2	0,0,1
NA18508	1|1	2	0,0,1
NA18517	0|0	0	1,0,0
NA18519	0|0	0	1,0,0
NA18867	0|1	1	0,1,0
NA18870	0|1	1	0,1,0
NA18910	1|1	2	0,0,1
NA19092	0|1	0.84	0.16,0.84,0
NA19098	0|0	0	1,0,0
NA19099	1|0	1	0,1,0
NA19102	1|0	0.55	0.47,0.51,0.02
NA19108	0|0	0.05	0.95,0.05,0
NA19118	0|0	0	1,0,0
NA19119	0|0	0	1,0,0
NA19129	1|1	2	0,0,1
NA19130	0|0	0	1,0,0
NA19141	0|0	0	1,0,0
NA19146	1|1	1.92	0,0.08,0.92
NA19150	1|1	2	0,0,1
NA19152	0|1	1	0,1,0
NA19160	1|1	2	0,0,1
NA19171	0|0	0	1,0,0
NA19204	1|1	2	0,0,1
NA19206	0|1	1	0,1,0
NA19207	0|0	0	1,0,0
NA19209	0|1	0.87	0.13,0.87,0
NA19213	0|0	0	1,0,0
NA19240	0|0	0	1,0,0
