NA18498	1|0	1	0,1,0
NA18502	1|1	1.77	0.01,0.21,0.78
NA18505	1|1	1.6	0.01,0.39,0.6
NA18507	0|1	1.23	0,0.77,0.23
NA18508	1|0	0.99	0.01,0.99,0
NA18517	1|1	2	0,0,1
NA18519	1|0	1.34	0,0.66,0.34
NA18867	1|1	2	0,0,1
NA18870	1|1	1.98	0,0.02,0.98
NA18910	0|1	1	0,1,0
NA19092	1|1	1.83	0,0.17,0.83
NA19098	0|1	1.22	0.01,0.77,0.22
NA19099	0|0	0.09	0.91,0.09,0
NA19102	0|1	1.14	0,0.86,0.14
NA19108	0|1	0.77	0.37,0.48,0.15
NA19118	0|1	1	0,1,0
NA19119	0|0	0.43	0.57,0.42,0.01
NA19129	0|0	0.45	0.55,0.45,0
NA19130	0|1	1	0.04,0.93,0.03
NA19141	1|0	1.49	0,0.51,0.49
NA19146	0|1	1.01	0,0.99,0.01
NA19150	1|1	1.75	0,0.24,0.76
NA19152	1|1	2	0,0,1
NA19160	0|1	1.04	0,0.96,0.04
NA19171	1|0	0.93	0.09,0.9,0.01
NA19189	0|1	1	0,1,0
NA19204	0|1	0.57	0.43,0.57,0
NA19206	1|1	2	0,0,1
NA19207	1|1	1.95	0,0.05,0.95
NA19209	1|0	0.99	0.01,0.99,0
NA19213	0|1	1.02	0,0.98,0.02
NA19240	1|0	0.87	0.14,0.85,0.01
