NA11829	1|1	0.023409,0.259182,0.717409
NA11830	1|0	0,1,0
NA11831	0|0	1,0,0
NA11832	1|0	0,1,0
NA11840	0|0	1,0,0
NA11881	0|0	1,0,0
NA11994	0|0	1,0,0
NA11995	1|1	8.99997e-05,0.02082,0.97909
NA12004	1|0	0,1,0
NA12005	1|1	0,0,1
NA12043	1|1	0,0,1
NA12044	0|0	0.999,0.001,0
NA12144	1|1	0,0,1
NA12154	0|0	1,0,0
NA12155	0|0	0.998001,0.001998,1e-06
NA12156	0|0	1,0,0
NA12234	0|0	1,0,0
NA12717	1|1	0,0,1
NA12750	0|0	1,0,0
NA12760	0|0	1,0,0
NA12761	1|0	0,1,0
NA12762	1|1	0.000961001,0.060078,0.938961
NA12763	0|0	1,0,0
NA12812	1|1	6.40003e-05,0.015872,0.984064
NA12813	0|0	1,0,0
NA12814	0|0	0.996004,0.003992,4e-06
NA12815	1|0	0.00300002,0.997,0
NA12872	0|0	1,0,0
NA12873	0|0	0.999,0.001,0
NA12874	1|1	3.59998e-05,0.011928,0.988036
NA12878	0|0	0.625839,0.348322,0.025839
