NA18498	0|0	0	1,0,0
NA18502	0|1	1	0,1,0
NA18505	1|0	1	0,1,0
NA18507	1|1	1.69	0.01,0.28,0.7
NA18508	0|1	1	0,1,0
NA18517	1|1	2	0,0,1
NA18519	0|0	0	1,0,0
NA18867	0|0	0	1,0,0
NA18870	0|1	1	0,1,0
NA18910	1|0	1.44	0,0.56,0.44
NA19092	1|0	1	0,1,0
NA19098	1|1	2	0,0,1
NA19099	1|1	1.85	0,0.15,0.85
NA19102	1|1	1.95	0,0.05,0.95
NA19108	1|0	1.01	0,0.99,0.01
NA19118	1|1	2	0,0,1
NA19119	0|0	0	1,0,0
NA19129	0|0	0	1,0,0
NA19130	0|0	0	1,0,0
NA19141	1|1	2	0,0,1
NA19146	0|0	0	1,0,0
NA19150	1|1	2	0,0,1
NA19152	1|1	2	0,0,1
NA19160	1|1	2	0,0,1
NA19171	0|0	0	1,0,0
NA19189	0|0	0	1,0,0
NA19204	1|0	1	0,1,0
NA19206	0|0	0	1,0,0
NA19207	0|0	0	1,0,0
NA19209	1|0	1	0,1,0
NA19213	0|0	0	1,0,0
NA19240	1|1	2	0,0,1
NA11829	1|1	2	0,0,1
NA11830	1|0	1	0,1,0
NA11831	0|0	0	1,0,0
NA11832	1|0	1	0,1,0
NA11840	0|0	0	1,0,0
NA11881	0|0	0	1,0,0
NA11994	0|0	0	1,0,0
NA11995	0|1	1	0,1,0
NA12004	0|1	1.25	0,0.75,0.25
NA12005	1|1	2	0,0,1
NA12043	1|1	2	0,0,1
NA12044	0|0	0	1,0,0
NA12144	0|0	0	1,0,0
NA12154	0|0	0	1,0,0
NA12155	1|1	2	0,0,1
NA12156	1|0	1	0,1,0
NA12234	0|0	0	1,0,0
NA12717	0|0	0	1,0,0
NA12750	0|0	0	1,0,0
NA12760	0|0	0	1,0,0
NA12761	0|0	0	1,0,0
NA12762	0|0	0	1,0,0
NA12763	0|1	1	0,1,0
NA12812	0|0	0	1,0,0
NA12813	0|1	1	0,1,0
NA12814	0|0	0	1,0,0
NA12815	0|0	0	1,0,0
NA12872	1|1	2	0,0,1
NA12873	1|1	2	0,0,1
NA12874	1|1	2	0,0,1
NA12878	1|0	1	0,1,0
NA18526	0|0	0.01	0.99,0.01,0
NA18537	0|0	0.11	0.9,0.1,0
NA18550	0|0	0.01	0.99,0.01,0
NA18555	0|0	0.48	0.55,0.41,0.03
NA18562	1|1	1.67	0.03,0.28,0.7
NA18563	0|0	0.02	0.98,0.02,0
NA18582	1|1	1.62	0.02,0.35,0.64
NA18603	0|0	0.2	0.81,0.18,0.01
NA18606	1|0	1.1	0.14,0.62,0.24
NA18621	0|0	0	1,0,0
NA18622	0|0	0.59	0.49,0.42,0.09
NA18628	0|0	0	1,0,0
NA18632	0|0	0	1,0,0
NA18636	0|0	0.1	0.9,0.1,0
NA18647	1|1	1.99	0,0.01,0.99
NA18942	1|0	0.99	0.01,0.99,0
NA18945	1|0	1.18	0.12,0.58,0.3
NA18947	0|0	0	1,0,0
NA18951	0|0	0	1,0,0
NA18952	0|0	0	1,0,0
NA18953	0|0	0	1,0,0
NA18956	0|0	0	1,0,0
NA18965	1|1	1.93	0,0.07,0.93
NA18970	0|0	0	1,0,0
NA18973	1|0	0.85	0.15,0.85,0
NA18977	0|0	0.01	0.99,0.01,0
NA18987	0|0	0	1,0,0
NA18990	1|1	1.91	0,0.09,0.91
NA18995	1|1	2	0,0,1
NA19003	0|0	0	1,0,0
NA19010	1|0	0.99	0.01,0.99,0
