NA18526	0|0	0.01	0.99,0.01,0
NA18537	0|1	1	0,1,0
NA18550	0|0	0.02	0.98,0.02,0
NA18555	0|0	0.19	0.82,0.17,0.01
NA18562	0|0	0.35	0.67,0.31,0.02
NA18563	0|0	0.01	0.99,0.01,0
NA18582	0|0	0	1,0,0
NA18603	0|0	0.07	0.93,0.07,0
NA18606	0|0	0	1,0,0
NA18621	0|1	0.61	0.39,0.61,0
NA18622	0|1	1.03	0,0.97,0.03
NA18628	1|0	0.99	0.01,0.99,0
NA18632	0|0	0	1,0,0
NA18636	0|0	0.02	0.98,0.02,0
NA18647	0|0	0	1,0,0
NA18942	0|1	1	0,1,0
NA18945	0|0	0	1,0,0
NA18947	0|0	0	1,0,0
NA18951	0|0	0	1,0,0
NA18952	1|0	1.01	0,0.99,0.01
NA18953	1|0	1	0,1,0
NA18956	0|0	0	1,0,0
NA18965	0|1	0.53	0.47,0.53,0
NA18970	0|1	1	0,1,0
NA18973	0|0	0	1,0,0
NA18977	1|0	1	0,1,0
NA18987	1|1	1.92	0,0.08,0.92
NA18990	1|0	1	0,1,0
NA18995	0|0	0	1,0,0
NA19003	0|0	0.09	0.91,0.09,0
NA19010	0|0	0	1,0,0
