NA11829	0|1	1	0,1,0
NA11830	0|1	1	0,1,0
NA11831	1|0	1	0,1,0
NA11832	0|0	0	1,0,0
NA11840	0|1	1	0,1,0
NA11881	0|0	0	1,0,0
NA11994	0|1	1.01	0,0.99,0.01
NA11995	0|0	0	1,0,0
NA12004	0|0	0	1,0,0
NA12005	0|0	0	1,0,0
NA12043	0|1	1	0,1,0
NA12044	1|0	1	0,1,0
NA12144	1|0	1	0,1,0
NA12154	1|0	0.81	0.19,0.81,0
NA12155	0|0	0.01	0.99,0.01,0
NA12156	0|1	1	0,1,0
NA12234	0|0	0	1,0,0
NA12717	0|0	0	1,0,0
NA12750	1|0	1	0,1,0
NA12760	0|0	0	1,0,0
NA12761	0|1	1	0,1,0
NA12762	0|0	0	1,0,0
NA12763	0|0	0	1,0,0
NA12812	0|0	0	1,0,0
NA12813	1|0	1	0,1,0
NA12814	1|0	1	0,1,0
NA12815	0|0	0	1,0,0
NA12872	0|1	1	0,1,0
NA12873	0|0	0	1,0,0
NA12874	1|0	1	0,1,0
NA12878	0|0	0	1,0,0
