NA18498	0|0	0	1,0,0
NA18502	0|0	0.06	0.94,0.06,0
NA18505	0|0	0.11	0.89,0.11,0
NA18507	1|0	1	0,1,0
NA18508	0|0	0	1,0,0
NA18517	0|0	0	1,0,0
NA18519	0|0	0.09	0.91,0.09,0
NA18867	0|1	0.81	0.19,0.81,0
NA18870	0|0	0.29	0.71,0.29,0
NA18910	0|0	0	1,0,0
NA19092	0|1	0.84	0.16,0.84,0
NA19098	0|0	0.45	0.55,0.45,0
NA19099	0|0	0	1,0,0
NA19102	0|0	0	1,0,0
NA19108	0|0	0	1,0,0
NA19118	0|0	0	1,0,0
NA19119	1|0	1	0,1,0
NA19129	1|0	1	0,1,0
NA19130	0|0	0	1,0,0
NA19141	0|0	0.01	0.99,0.01,0
NA19146	0|0	0.15	0.85,0.15,0
NA19150	0|0	0	1,0,0
NA19152	1|0	1	0,1,0
NA19160	0|0	0	1,0,0
NA19171	0|0	0	1,0,0
NA19189	0|0	0	1,0,0
NA19204	0|0	0	1,0,0
NA19206	0|0	0.02	0.98,0.02,0
NA19207	0|0	0.49	0.51,0.49,0
NA19209	0|0	0.01	0.99,0.01,0
NA19213	0|0	0	1,0,0
NA19240	0|0	0	1,0,0
