NA18498	0|0	0.999,0.001,0
NA18500	1|1	0,0.000999987,0.999
NA18501	1|1	0,0.00199997,0.998
NA18502	0|1	0,0.988,0.012
NA18503	1|0	0,0.996,0.004
NA18504	0|1	0,0.999,0.001
NA18505	0|1	0.000999987,0.999,0
NA18506	0|1	0,1,0
NA18507	0|0	1,0,0
NA18508	1|0	0,1,0
NA18515	0|0	1,0,0
NA18516	0|1	0.00199997,0.998,0
NA18517	1|0	0,1,0
NA18519	1|1	3.99996e-06,0.004992,0.995004
NA18521	0|0	1,0,0
NA18522	0|1	0.00199997,0.998,0
NA18523	0|0	1,0,0
NA18852	1|1	0,0.000999987,0.999
NA18853	0|0	0.999,0.001,0
NA18854	0|1	0,1,0
NA18855	0|0	1,0,0
NA18856	1|0	0,1,0
NA18857	1|0	0,1,0
NA18858	0|1	0,1,0
NA18859	0|1	0,1,0
NA18860	1|1	0,0,1
NA18861	1|0	0,1,0
NA18862	1|0	0.000999987,0.999,0
NA18863	0|1	0,0.998,0.002
NA18867	0|0	1,0,0
NA18870	0|0	1,0,0
NA18871	0|0	1,0,0
NA18872	0|0	1,0,0
NA18910	1|1	0,0.000999987,0.999
NA18912	0|0	1,0,0
NA18913	0|0	0.994,0.006,0
NA18914	0|0	1,0,0
NA19027	0|0	1,0,0
NA19028	1|1	0,0.00400001,0.996
NA19031	1|1	0,0.000999987,0.999
NA19035	0|0	0.999,0.001,0
NA19036	0|1	0,1,0
NA19038	0|1	0,1,0
NA19041	0|0	0.991008,0.008984,8e-06
NA19092	1|1	0,0,1
NA19093	0|0	0.996,0.004,0
NA19094	0|1	0,1,0
NA19098	0|0	1,0,0
NA19099	0|1	0,1,0
NA19100	1|0	0,1,0
NA19101	1|0	0,0.999,0.001
NA19102	0|0	1,0,0
NA19103	0|0	1,0,0
NA19108	1|1	2.4e-05,0.00995199,0.990024
NA19116	0|0	1,0,0
NA19118	0|0	1,0,0
NA19119	0|0	1,0,0
NA19120	0|0	1,0,0
NA19127	0|1	0,1,0
NA19128	0|1	0,1,0
NA19129	1|1	0,0,1
NA19130	1|0	0,1,0
NA19131	0|0	1,0,0
NA19132	0|0	1,0,0
NA19137	0|0	1,0,0
NA19138	0|0	0.999,0.001,0
NA19139	0|0	1,0,0
NA19140	1|0	0,1,0
NA19141	0|0	1,0,0
NA19142	0|1	0,1,0
NA19143	0|0	1,0,0
NA19144	0|1	0.00300002,0.997,0
NA19145	0|0	1,0,0
NA19146	0|0	0.999,0.001,0
NA19150	0|1	0.00199997,0.998,0
NA19152	1|1	0,0,1
NA19153	1|0	0.00300002,0.997,0
NA19154	0|1	0,1,0
NA19159	0|0	0.998,0.002,0
NA19160	0|0	1,0,0
NA19161	0|0	1,0,0
NA19171	1|0	0,1,0
NA19172	0|0	1,0,0
NA19173	0|0	1,0,0
NA19189	1|1	5.99996e-06,0.004988,0.995006
NA19200	0|0	0.998,0.002,0
NA19201	0|0	0.999,0.001,0
NA19202	0|0	1,0,0
NA19203	1|0	0.00395601,0.985088,0.010956
NA19204	0|1	0.000999987,0.999,0
NA19205	1|0	0,1,0
NA19206	0|0	0.999,0.001,0
NA19207	0|0	0.999,0.001,0
NA19208	0|0	0.998,0.002,0
NA19209	1|0	0,1,0
NA19210	0|1	0.00400001,0.996,0
NA19211	0|0	0.998,0.002,0
NA19213	1|0	0.00199997,0.998,0
NA19221	0|1	0,1,0
NA19222	1|0	0,1,0
NA19223	0|1	0.00199997,0.998,0
NA19238	1|0	0,1,0
NA19239	1|1	0,0.00800002,0.992
NA19240	1|0	0,1,0
NA19307	0|0	1,0,0
NA19308	0|1	0.00599998,0.994,0
NA19309	0|0	0.998,0.002,0
NA19310	1|1	0,0,1
NA19314	0|0	0.998,0.002,0
NA19315	0|1	0.00300002,0.997,0
NA19316	0|1	0.00199997,0.998,0
NA19317	0|0	0.999,0.001,0
NA19318	0|0	0.999,0.001,0
NA19319	0|0	1,0,0
NA19321	1|0	0.009,0.991,0
NA19324	0|0	1,0,0
NA19327	0|0	0.995,0.005,0
NA19328	0|0	1,0,0
NA19332	0|0	1,0,0
NA19334	0|1	0,1,0
NA19346	1|0	0.00599398,0.993012,0.000994
NA19347	0|0	1,0,0
NA19350	0|0	1,0,0
NA19360	0|1	0.005,0.995,0
NA19372	0|0	0.983,0.017,0
NA19374	0|0	1,0,0
NA19375	0|0	1,0,0
NA19376	1|0	0,1,0
NA19377	0|1	0,1,0
NA19379	0|1	0,0.998,0.002
NA19380	0|1	0.00199397,0.995012,0.002994
NA19383	0|1	0,0.999,0.001
NA19384	0|1	0.00595198,0.986096,0.007952
NA19385	0|1	0,1,0
NA19390	0|0	0.999,0.001,0
NA19391	0|0	1,0,0
NA19393	1|1	5.99996e-06,0.004988,0.995006
NA19394	0|1	0,0.987,0.013
NA19397	0|0	1,0,0
NA19399	0|0	0.999,0.001,0
NA19403	0|1	0,1,0
NA19404	0|0	1,0,0
NA19428	0|0	1,0,0
NA19429	1|0	0.000999987,0.999,0
NA19430	1|0	0,1,0
NA19431	1|0	0.000999987,0.999,0
NA19434	1|0	0,1,0
NA19435	0|1	0.00199197,0.994016,0.003992
NA19436	0|0	0.992012,0.007976,1.2e-05
NA19437	0|0	1,0,0
NA19438	0|0	0.999,0.001,0
NA19439	0|0	0.998,0.002,0
NA19440	1|1	0,0.011,0.989
NA19443	0|0	0.999,0.001,0
NA19445	0|0	0.999,0.001,0
NA19446	0|0	1,0,0
NA19448	0|0	0.978,0.022,0
NA19449	0|0	1,0,0
NA19451	0|0	0.999,0.001,0
NA19452	1|0	0,1,0
NA19455	0|0	1,0,0
NA19456	0|0	0.999,0.001,0
NA19457	0|0	1,0,0
NA19462	0|1	0.00199997,0.998,0
NA19463	1|0	0.00199997,0.998,0
NA19466	1|0	0,1,0
NA19467	0|0	1,0,0
NA19468	1|0	0.00797602,0.989048,0.002976
NA19471	1|0	0,1,0
NA19472	1|1	0,0.000999987,0.999
NA19473	0|0	1,0,0
NA19474	0|0	0.997,0.003,0
