NA18498	1	1	0,1
NA18500	1	0	0.01,0
NA18501	1	0	0.01,0
NA18502	1|1	2	0,0,1
NA18503	1	0	0.01,0
NA18504	1	0	0.01,0
NA18505	1|1	2	0,0,1
NA18506	1	0	0.01,0
NA18507	1	0.98	0.01,0.98
NA18508	1|1	2	0,0,1
NA18515	1	1	0,1
NA18516	1	0	0.01,0
NA18517	1|0	1	0,1,0
NA18519	1	1	0,1
NA18521	1	0	0.01,0
NA18522	1	1	0,1
NA18523	0|1	1	0,1,0
NA18852	1|1	2	0,0,1
NA18853	1	0	0.01,0
NA18854	1	0	0.01,0
NA18855	0|0	0	1,0,0
NA18856	1	1	0,1
NA18857	1	1	0,1
NA18858	1|0	1	0,1,0
NA18859	1	0.79	0.01,0.8
NA18860	1	0	0.01,0
NA18861	1|1	2	0,0,1
NA18862	1	1	0,1
NA18863	1	0	0.01,0
NA18867	0|0	0.45	0.55,0.45,0
NA18870	1|0	1	0,1,0
NA18871	1	1	0,1
NA18872	1	1	0,1
NA18910	1	0	0.01,0
NA18912	1|1	1.97	0,0.03,0.97
NA18913	1	0	0.01,0
NA18914	1	0	0.01,0
NA19027	1	0	0.01,0
NA19028	1	0	0.01,0
NA19031	1	0	0.01,0
NA19035	1	0.41	0.01,0.41
NA19036	1|1	2	0,0,1
NA19038	0|1	1.06	0,0.94,0.06
NA19041	1	1	0,1
NA19092	1	1	0,1
NA19093	1|1	2	0,0,1
NA19094	0|1	1	0,1,0
NA19098	1	1	0,1
NA19099	1|1	2	0,0,1
NA19100	1|0	1	0,1,0
NA19101	1	0	0.01,0
NA19102	0|0	0	1,0,0
NA19103	1	1	0,1
NA19108	0|0	0	1,0,0
NA19116	1|0	1	0,1,0
NA19118	0|1	0.93	0.07,0.93,0
NA19119	1	0	0.01,0
NA19120	1	1	0,1
NA19127	0|1	1	0,1,0
NA19128	1	1	0,1
NA19129	0|0	0	1,0,0
NA19130	1	1	0,1
NA19131	0|1	1	0,1,0
NA19132	1|0	1	0,1,0
NA19137	0|0	0	1,0,0
NA19138	1	0	0.01,0
NA19139	1	1	0,1
NA19140	1|0	1	0,1,0
NA19141	1	0	0.01,0
NA19142	1	1	0,1
NA19143	1|1	1.99	0,0.01,0.99
NA19144	1	0.98	0.01,0.99
NA19145	1	0	0.01,0
NA19146	1	1	0,1
NA19150	1	0.02	0.01,0.02
NA19152	1|1	2	0,0,1
NA19153	1	0	0.01,0
NA19154	1	0	0.01,0
NA19159	1|1	2	0,0,1
NA19160	1	0	0.01,0
NA19161	1	0	0.01,0
NA19171	1	0.01	0.01,0.01
NA19172	1|1	2	0,0,1
NA19173	1	0	0.01,0
NA19189	1	1	0,1
NA19200	1	0.15	0.01,0.15
NA19201	0|1	1	0,1,0
NA19202	1|0	1	0,1,0
NA19203	1	0	0.01,0
NA19204	1|0	0.99	0.01,0.99,0
NA19205	1	1	0,1
NA19206	1|0	1	0,1,0
NA19207	1	0	0.01,0
NA19208	1	0	0.01,0
NA19209	1|0	1	0,1,0
NA19210	1	1	0,1
NA19211	1	1	0,1
NA19213	1	1	0,1
NA19221	1|1	2	0,0,1
NA19222	1|1	2	0,0,1
NA19223	1	0	0.01,0
NA19238	1|1	2	0,0,1
NA19239	1	0	0.01,0
NA19240	1|1	2	0,0,1
NA19307	1	0.03	0.01,0.04
NA19308	1	0	0.01,0
NA19309	1	1	0,1
NA19310	1|1	2	0,0,1
NA19314	1|1	2	0,0,1
NA19315	1|0	1.18	0,0.82,0.18
NA19316	1|1	2	0,0,1
NA19317	1	0	0.01,0
NA19319	1	0.01	0.01,0.01
NA19321	0|0	0.02	0.98,0.02,0
NA19324	1|1	2	0,0,1
NA19327	1|1	2	0,0,1
NA19328	1|1	1.93	0,0.07,0.93
NA19332	1|1	2	0,0,1
NA19334	1	0	0.01,0
NA19346	1	0	0.01,0
NA19347	1	0	0.01,0
NA19350	1	1	0,1
NA19360	1	0	0.01,0
NA19372	1	0	0.01,0
NA19374	1	0	0.01,0
NA19375	1	1	0,1
NA19376	1	0	0.01,0
NA19377	1|1	1.88	0,0.12,0.88
NA19379	1|0	1	0,1,0
NA19380	1	1	0,1
NA19384	1	1	0,1
NA19385	1	1	0,1
NA19390	1|1	2	0,0,1
NA19391	0|1	1	0,1,0
NA19393	1	1	0,1
NA19394	1	0	0.01,0
NA19397	1	0.96	0.01,0.96
NA19399	0|0	0.5	0.5,0.5,0
NA19403	0|0	0.13	0.87,0.13,0
NA19404	1|1	2	0,0,1
NA19428	1	1	0,1
NA19429	1	1	0,1
NA19430	1	1	0,1
NA19431	1|0	1	0,1,0
NA19434	0|1	1	0,1,0
NA19435	0|0	0	1,0,0
NA19436	1|0	0.94	0.06,0.94,0
NA19437	1|1	1.93	0,0.07,0.93
NA19438	1|1	2	0,0,1
NA19439	0|1	1.11	0,0.89,0.11
NA19440	1|1	2	0,0,1
NA19443	1	0	0.01,0
NA19445	0|1	1	0,1,0
NA19446	1|0	1	0,1,0
NA19448	1	0.13	0.01,0.14
NA19449	1|0	1	0,1,0
NA19451	1	0.04	0.01,0.04
NA19452	1	0	0.01,0
NA19455	1	1	0,1
NA19456	0|1	1	0,1,0
NA19457	1|0	1.02	0,0.98,0.02
NA19462	0|1	1.1	0,0.9,0.1
NA19463	0|1	1	0,1,0
NA19466	1	1	0,1
NA19467	1|1	1.87	0,0.13,0.87
NA19468	0|1	1.06	0,0.94,0.06
NA19471	1|0	0.99	0.01,0.99,0
NA19472	0|1	1	0,1,0
NA19473	1|0	1.47	0,0.53,0.47
NA19474	1|1	2	0,0,1
