NA18498	0|0	1,0,0
NA18500	0|0	1,0,0
NA18501	0|0	1,0,0
NA18502	0|1	0,1,0
NA18503	0|0	1,0,0
NA18504	1|0	0.009,0.991,0
NA18505	1|0	0,1,0
NA18506	1|1	0,0,1
NA18507	1|0	0,1,0
NA18508	1|0	0,0.998,0.002
NA18515	1|0	0,1,0
NA18516	1|0	0,1,0
NA18517	1|0	0,0.999,0.001
NA18519	0|0	0.998,0.002,0
NA18521	1|0	0,1,0
NA18522	0|0	0.999,0.001,0
NA18523	0|1	0,1,0
NA18852	0|0	0.998,0.002,0
NA18853	1|0	0.00300002,0.997,0
NA18854	0|0	1,0,0
NA18855	0|0	0.999,0.001,0
NA18856	0|0	0.998001,0.001998,1e-06
NA18857	0|0	1,0,0
NA18858	1|0	0,1,0
NA18859	1|0	0,1,0
NA18860	0|0	1,0,0
NA18861	0|0	1,0,0
NA18862	0|0	1,0,0
NA18863	0|0	1,0,0
NA18867	0|0	0.999,0.001,0
NA18870	0|0	1,0,0
NA18871	0|1	0,1,0
NA18872	1|0	0,1,0
NA18910	0|1	0.00199997,0.998,0
NA18912	0|1	0.053,0.947,0
NA18913	0|1	0,1,0
NA18914	1|0	0.00199997,0.998,0
NA19027	0|0	1,0,0
NA19028	1|1	0,0,1
NA19031	0|0	0.999,0.001,0
NA19035	0|1	0.005,0.995,0
NA19036	1|0	0.012,0.988,0
NA19038	1|0	0,0.988,0.012
NA19041	1|0	0.00400001,0.996,0
NA19092	1|0	0.00300002,0.997,0
NA19093	0|0	1,0,0
NA19094	0|0	1,0,0
NA19098	0|0	1,0,0
NA19099	0|1	0,1,0
NA19100	0|1	0,1,0
NA19101	1|0	0,1,0
NA19102	1|0	0.00199997,0.998,0
NA19103	1|0	0,1,0
NA19108	1|0	0,0.998,0.002
NA19116	0|0	1,0,0
NA19118	0|0	1,0,0
NA19119	0|0	1,0,0
NA19120	0|0	0.999,0.001,0
NA19127	0|0	1,0,0
NA19128	1|1	0,0.00199997,0.998
NA19129	1|0	0,1,0
NA19130	0|1	0.009,0.991,0
NA19131	0|0	0.999,0.001,0
NA19132	0|0	1,0,0
NA19137	1|0	0,1,0
NA19138	0|0	1,0,0
NA19139	0|1	0,1,0
NA19140	0|1	0,1,0
NA19141	0|0	1,0,0
NA19142	0|1	0,1,0
NA19143	0|1	0,0.998,0.002
NA19144	1|0	0.00199997,0.998,0
NA19146	1|1	2.99998e-06,0.00399401,0.996003
NA19150	0|0	0.999,0.001,0
NA19152	0|0	0.996,0.004,0
NA19153	0|0	1,0,0
NA19154	0|0	0.999,0.001,0
NA19159	1|1	0,0,1
NA19160	0|0	0.999,0.001,0
NA19161	0|1	0,1,0
NA19171	0|0	0.998,0.002,0
NA19172	0|1	0,1,0
NA19173	1|0	0,1,0
NA19189	0|0	1,0,0
NA19200	1|0	0,1,0
NA19201	0|0	1,0,0
NA19202	0|1	0,1,0
NA19203	0|0	1,0,0
NA19204	0|1	0,1,0
NA19205	0|0	1,0,0
NA19206	0|1	0.000999987,0.999,0
NA19207	0|0	0.998,0.002,0
NA19208	0|0	1,0,0
NA19209	0|0	0.715,0.285,0
NA19210	0|0	1,0,0
NA19211	0|0	1,0,0
NA19213	0|0	1,0,0
NA19221	0|0	1,0,0
NA19222	0|1	0.011,0.989,0
NA19223	0|0	1,0,0
NA19238	0|0	1,0,0
NA19239	0|0	0.999,0.001,0
NA19240	0|0	1,0,0
NA19307	0|1	0,1,0
NA19308	0|1	0.208,0.792,0
NA19309	0|1	0,0.974,0.026
NA19310	1|0	0,0.999,0.001
NA19314	0|0	0.855286,0.144428,0.000286
NA19315	0|0	0.996,0.004,0
NA19316	0|0	0.999,0.001,0
NA19317	0|0	0.999,0.001,0
NA19318	1|0	0.00400001,0.996,0
NA19319	0|0	0.998,0.002,0
NA19321	0|0	1,0,0
NA19324	0|0	1,0,0
NA19327	0|0	1,0,0
NA19328	0|0	1,0,0
NA19332	0|0	0.998,0.002,0
NA19334	0|0	1,0,0
NA19346	0|0	0.998,0.002,0
NA19347	0|0	1,0,0
NA19350	1|0	0.000999987,0.999,0
NA19360	1|0	0,0.998,0.002
NA19372	0|0	0.997,0.003,0
NA19374	0|0	1,0,0
NA19375	1|0	0,1,0
NA19376	1|0	0.00300002,0.997,0
NA19377	0|0	0.994,0.006,0
NA19379	0|1	0,1,0
NA19380	0|0	0.998001,0.001998,1e-06
NA19383	0|1	0.00300002,0.997,0
NA19384	1|0	0,0.997,0.003
NA19385	0|0	1,0,0
NA19390	0|0	0.954045,0.04591,4.5e-05
NA19391	0|1	0,0.994,0.006
NA19393	0|0	1,0,0
NA19394	0|0	0.998,0.002,0
NA19397	0|0	1,0,0
NA19399	0|0	1,0,0
NA19403	1|0	0.00199597,0.996008,0.001996
NA19404	0|1	0,0.999,0.001
NA19428	0|0	1,0,0
NA19429	0|0	1,0,0
NA19430	0|1	0.000999987,0.999,0
NA19431	0|1	0,1,0
NA19434	0|0	1,0,0
NA19435	1|0	0.448551,0.550898,0.000551
NA19436	0|0	0.999,0.001,0
NA19437	0|1	0.009,0.991,0
NA19438	1|1	0,0,1
NA19439	0|0	0.996,0.004,0
NA19440	0|1	0.00400001,0.996,0
NA19443	0|0	1,0,0
NA19445	1|0	0.012961,0.984078,0.002961
NA19446	0|0	1,0,0
NA19448	0|0	1,0,0
NA19449	1|0	0,1,0
NA19451	0|0	1,0,0
NA19452	0|1	0,1,0
NA19455	0|0	0.998001,0.001998,1e-06
NA19456	1|0	0.000999987,0.999,0
NA19457	0|0	0.996,0.004,0
NA19462	0|0	0.991,0.009,0
NA19463	0|1	0,0.964,0.036
NA19466	0|0	0.999,0.001,0
NA19467	1|0	0,0.998,0.002
NA19468	0|0	1,0,0
NA19471	0|1	0.00199997,0.998,0
NA19473	1|1	0,0.000999987,0.999
NA19474	0|0	1,0,0
