NA18498	1|1	9.00013e-06,0.00598204,0.994009
NA18500	1|1	0,0,1
NA18501	1|1	0,0,1
NA18502	1|1	0,0,1
NA18503	1|1	0,0,1
NA18504	0|0	1,0,0
NA18505	1|1	0,0,1
NA18506	1|1	0,0,1
NA18507	1|1	0,0,1
NA18508	1|1	0,0.000999987,0.999
NA18515	1|1	0,0,1
NA18516	0|0	0.998001,0.001998,1e-06
NA18517	0|1	0.00699303,0.992014,0.000993
NA18519	0|0	1,0,0
NA18521	0|0	1,0,0
NA18522	1|1	0,0,1
NA18523	0|0	1,0,0
NA18852	0|1	0,1,0
NA18853	1|1	0,0,1
NA18854	1|1	4.90004e-05,0.0139021,0.986049
NA18855	1|1	1.99995e-06,0.00299596,0.997002
NA18856	1|1	0,0,1
NA18857	1|1	9.00013e-06,0.00598204,0.994009
NA18858	1|0	0,1,0
NA18859	1|1	0,0,1
NA18860	0|0	1,0,0
NA18861	1|0	0,1,0
NA18862	1|1	0,0,1
NA18863	0|0	1,0,0
NA18867	1|1	9.99974e-07,0.00199797,0.998001
NA18870	1|1	0,0,1
NA18871	1|1	0,0,1
NA18872	1|1	0,0,1
NA18910	0|0	1,0,0
NA18912	1|0	0,1,0
NA18913	1|1	0,0,1
NA18914	1|1	9.99974e-07,0.00199797,0.998001
NA19027	0|0	1,0,0
NA19028	1|1	9.99974e-07,0.00199797,0.998001
NA19031	1|1	9.99974e-07,0.00199797,0.998001
NA19035	1|1	0,0,1
NA19036	1|0	0.00199997,0.998,0
NA19038	0|1	0.00400001,0.996,0
NA19041	1|1	0,0,1
NA19092	1|1	0,0,1
NA19093	1|1	0,0,1
NA19094	1|1	0,0,1
NA19098	1|1	6.40003e-05,0.015872,0.984064
NA19099	1|0	0,1,0
NA19100	0|1	0,0.997,0.003
NA19101	0|0	1,0,0
NA19102	1|1	0,0,1
NA19103	1|1	0,0,1
NA19108	1|0	0,1,0
NA19116	0|1	0,1,0
NA19118	1|1	0,0.017,0.983
NA19119	1|1	0,0,1
NA19120	1|1	0,0,1
NA19127	0|1	0,1,0
NA19128	0|0	1,0,0
NA19129	0|0	1,0,0
NA19130	1|1	0,0,1
NA19131	1|0	0.000999987,0.999,0
NA19132	0|1	0,1,0
NA19137	0|0	1,0,0
NA19138	1|1	0,0,1
NA19139	0|0	1,0,0
NA19140	0|0	1,0,0
NA19141	1|1	0,0,1
NA19142	0|0	1,0,0
NA19143	0|1	0,1,0
NA19144	1|1	0,0,1
NA19145	0|0	1,0,0
NA19146	0|0	1,0,0
NA19150	1|1	0,0,1
NA19152	0|1	0,0.999,0.001
NA19153	1|1	3.9999e-06,0.00399195,0.996004
NA19154	1|1	0,0,1
NA19159	0|1	0,1,0
NA19160	0|0	1,0,0
NA19161	0|0	1,0,0
NA19171	1|1	0,0,1
NA19172	0|1	0,1,0
NA19173	1|1	0,0,1
NA19189	0|0	1,0,0
NA19200	1|1	0,0,1
NA19201	1|0	0,0.999,0.001
NA19202	0|1	0,1,0
NA19203	1|1	0,0,1
NA19204	1|1	0,0,1
NA19205	1|1	0,0,1
NA19206	0|1	0.00300002,0.997,0
NA19207	0|0	1,0,0
NA19208	0|0	1,0,0
NA19209	1|1	0,0,1
NA19210	1|1	2.5e-05,0.00994999,0.990025
NA19211	1|1	0,0,1
NA19213	1|1	3.9999e-06,0.00399195,0.996004
NA19221	0|1	0,1,0
NA19222	1|1	0,0.00400001,0.996
NA19223	0|0	1,0,0
NA19238	1|0	0,1,0
NA19239	1|1	0,0,1
NA19240	1|1	0,0,1
NA19307	0|0	1,0,0
NA19308	1|1	0,0,1
NA19309	1|1	0,0,1
NA19310	1|1	0,0.00199997,0.998
NA19314	1|1	0,0.000999987,0.999
NA19315	1|1	0,0,1
NA19316	1|0	0.012,0.988,0
NA19317	0|0	1,0,0
NA19319	1|1	9.99974e-07,0.00199797,0.998001
NA19321	0|0	1,0,0
NA19324	1|1	3.99996e-06,0.004992,0.995004
NA19327	0|1	0.17946,0.81808,0.00246
NA19328	1|1	0,0.000999987,0.999
NA19332	1|1	0,0,1
NA19334	1|1	0,0,1
NA19346	1|1	9.99974e-07,0.00199797,0.998001
NA19347	0|0	1,0,0
NA19350	1|1	0,0,1
NA19360	1|1	0,0,1
NA19372	1|1	9.99974e-07,0.00199797,0.998001
NA19374	1|1	0,0,1
NA19375	0|0	1,0,0
NA19376	1|1	9.99974e-07,0.00199797,0.998001
NA19377	1|0	0,1,0
NA19379	1|1	0,0,1
NA19380	1|1	0,0,1
NA19384	0|0	1,0,0
NA19385	1|1	0.035344,0.305312,0.659344
NA19390	1|1	0,0,1
NA19391	1|0	0.00800002,0.992,0
NA19393	0|0	1,0,0
NA19394	0|0	1,0,0
NA19397	1|1	0,0,1
NA19399	0|0	1,0,0
NA19403	0|0	1,0,0
NA19404	1|1	0,0,1
NA19428	0|0	1,0,0
NA19429	0|0	1,0,0
NA19430	0|0	1,0,0
NA19431	1|1	0,0,1
NA19434	0|0	1,0,0
NA19435	1|0	0,0.685,0.315
NA19436	1|0	0.000999987,0.999,0
NA19437	1|0	0,1,0
NA19438	1|1	0,0.009,0.991
NA19439	1|1	9.99986e-06,0.00697997,0.99301
NA19440	1|0	0,1,0
NA19443	0|0	1,0,0
NA19445	1|0	0,1,0
NA19446	1|1	0,0.000999987,0.999
NA19448	1|1	3.9999e-06,0.00399195,0.996004
NA19449	1|0	0,1,0
NA19451	1|1	0,0,1
NA19452	0|0	1,0,0
NA19455	1|1	0,0,1
NA19456	1|1	0,0.000999987,0.999
NA19457	0|1	0,1,0
NA19462	1|0	0,1,0
NA19463	1|0	0,1,0
NA19466	0|0	1,0,0
NA19467	0|0	1,0,0
NA19468	1|1	0,0,1
NA19471	1|0	0.00199397,0.995012,0.002994
NA19472	0|1	0,1,0
NA19473	1|0	0.00290402,0.965192,0.031904
NA19474	1|1	4.5e-05,0.01391,0.986045
