NA18526	0|1	1	0,1,0
NA18532	0|1	1	0,1,0
NA18537	0|0	0	1,0,0
NA18542	1|1	2	0,0,1
NA18545	1|1	2	0,0,1
NA18547	1|0	1	0,1,0
NA18550	1|1	2	0,0,1
NA18552	1|1	2	0,0,1
NA18555	1|1	2	0,0,1
NA18558	1|1	2	0,0,1
NA18561	0|1	1	0,1,0
NA18562	0|1	1	0,1,0
NA18563	1|1	2	0,0,1
NA18564	0|1	1	0,1,0
NA18566	1|1	2	0,0,1
NA18570	1|1	2	0,0,1
NA18571	1|1	2	0,0,1
NA18572	0|1	1	0,1,0
NA18573	0|0	0	1,0,0
NA18577	1|1	2	0,0,1
NA18579	1|1	2	0,0,1
NA18582	0|1	1	0,1,0
NA18592	0|1	1	0,1,0
NA18593	1|1	2	0,0,1
NA18603	1|1	2	0,0,1
NA18605	1|1	2	0,0,1
NA18608	1|1	2	0,0,1
NA18609	1|1	2	0,0,1
NA18611	1|1	2	0,0,1
NA18612	1|1	2	0,0,1
NA18620	1|1	2	0,0,1
NA18621	1|1	2	0,0,1
NA18622	1|0	1	0,1,0
NA18623	0|1	1	0,1,0
NA18624	1|1	2	0,0,1
NA18632	0|0	0	1,0,0
NA18633	1|1	2	0,0,1
NA18635	1|1	2	0,0,1
NA18636	1|1	2	0,0,1
NA18637	0|0	0	1,0,0
NA18940	1|1	2	0,0,1
NA18942	1|1	2	0,0,1
NA18943	0|1	1	0,1,0
NA18944	1|1	2	0,0,1
NA18945	0|0	0	1,0,0
NA18947	1|1	2	0,0,1
NA18948	1|1	2	0,0,1
NA18949	1|1	2	0,0,1
NA18951	1|0	1	0,1,0
NA18952	1|1	2	0,0,1
NA18953	1|1	2	0,0,1
NA18956	1|1	2	0,0,1
NA18959	0|1	1	0,1,0
NA18960	1|1	2	0,0,1
NA18961	1|1	2	0,0,1
NA18964	1|1	2	0,0,1
NA18965	1|0	1	0,1,0
NA18966	1|1	2	0,0,1
NA18967	0|1	1	0,1,0
NA18968	1|1	2	0,0,1
NA18969	1|0	1	0,1,0
NA18970	1|1	2	0,0,1
NA18971	0|1	1	0,1,0
NA18972	1|1	2	0,0,1
NA18973	1|0	1	0,1,0
NA18974	1|0	1	0,1,0
NA18975	1|0	1	0,1,0
NA18976	1|1	2	0,0,1
NA18978	1|1	2	0,0,1
NA18980	0|1	1	0,1,0
NA18981	1|1	2	0,0,1
NA18987	0|1	1	0,1,0
NA18990	0|0	0	1,0,0
NA18991	1|1	2	0,0,1
NA18992	1|1	2	0,0,1
NA18994	0|1	1	0,1,0
NA18995	0|1	1	0,1,0
NA18997	1|1	2	0,0,1
NA18998	1|1	2	0,0,1
NA18999	1|1	2	0,0,1
NA19000	1|1	2	0,0,1
NA19003	1|1	2	0,0,1
NA19005	1|1	2	0,0,1
NA19007	0|1	1	0,1,0
NA19012	1|1	2	0,0,1
