NA18526	0|1	0.012,0.988,0
NA18532	1|1	0,0.00400001,0.996
NA18537	1|0	0.00400001,0.996,0
NA18547	0|1	0.04,0.96,0
NA18550	0|1	0.00800002,0.992,0
NA18555	0|1	0.00398401,0.992032,0.003984
NA18561	0|0	0.997,0.003,0
NA18562	0|0	1,0,0
NA18563	1|0	0.015,0.985,0
NA18566	0|0	1,0,0
NA18572	1|1	0,0.000999987,0.999
NA18577	1|1	0,0.00599998,0.994
NA18582	0|1	0.00199997,0.998,0
NA18603	0|0	0.999,0.001,0
NA18605	0|0	1,0,0
NA18606	1|1	0,0.029,0.971
NA18621	1|0	0.014955,0.98209,0.002955
NA18622	0|1	0.029,0.971,0
NA18628	0|1	0.019,0.981,0
NA18632	1|0	0.00698603,0.991028,0.001986
NA18636	0|1	0.038,0.962,0
NA18647	0|1	0,1,0
NA18942	0|1	0.00998999,0.98902,0.00099
NA18943	1|1	1.99997e-05,0.02096,0.97902
NA18945	0|0	0.995,0.005,0
NA18947	1|1	0,0.027,0.973
NA18949	0|0	0.995004,0.004992,4e-06
NA18951	1|1	6.19992e-05,0.032876,0.967062
NA18952	1|1	0,0.064,0.936
NA18953	1|0	0.00399601,0.995008,0.000996
NA18956	0|1	0,1,0
NA18964	1|1	0.000105,0.02179,0.978105
NA18965	0|1	0.005,0.995,0
NA18970	0|0	0.949,0.051,0
NA18973	1|1	0.000810001,0.06138,0.93781
NA18974	1|0	0,1,0
NA18977	1|0	0.011,0.989,0
NA18980	1|0	0,1,0
NA18987	1|1	0,0.00199997,0.998
NA18990	0|0	0.998,0.002,0
NA18994	1|0	0,0.999,0.001
NA18995	1|0	0,1,0
NA19000	1|1	1.80001e-05,0.008964,0.991018
NA19003	1|0	0,1,0
NA19010	0|1	0.000999987,0.999,0
