NA18498	0|0	0	1,0,0
NA18502	1|1	2	0,0,1
NA18505	1|0	1	0,1,0
NA18507	1|1	2	0,0,1
NA18508	0|1	1	0,1,0
NA18517	1|0	1	0,1,0
NA18519	1|1	2	0,0,1
NA18858	1|1	2	0,0,1
NA18861	0|1	1	0,1,0
NA18867	0|1	1	0,1,0
NA18870	0|1	1	0,1,0
NA18910	1|1	2	0,0,1
NA18912	1|1	2	0,0,1
NA19093	1|0	1	0,1,0
NA19098	1|1	2	0,0,1
NA19099	0|1	1	0,1,0
NA19102	0|0	0	1,0,0
NA19108	0|1	1	0,1,0
NA19116	1|1	2	0,0,1
NA19118	0|1	1	0,1,0
NA19119	1|1	2	0,0,1
NA19129	0|0	0	1,0,0
NA19130	0|1	1	0,1,0
NA19131	1|0	1	0,1,0
NA19138	0|0	0	1,0,0
NA19141	1|0	1	0,1,0
NA19143	1|1	2	0,0,1
NA19144	1|1	2	0,0,1
NA19146	0|1	1	0,1,0
NA19152	1|1	2	0,0,1
NA19153	1|1	2	0,0,1
NA19159	1|0	1	0,1,0
NA19160	1|1	2	0,0,1
NA19171	1|1	2	0,0,1
NA19189	1|0	1	0,1,0
NA19200	1|0	1	0,1,0
NA19201	0|1	1	0,1,0
NA19204	0|0	0	1,0,0
NA19206	0|1	1	0,1,0
NA19207	0|1	1	0,1,0
NA19209	0|1	1.07	0,0.93,0.07
NA19210	1|1	2	0,0,1
NA19213	0|1	1	0,1,0
NA19222	0|0	0	1,0,0
NA19223	1|1	2	0,0,1
NA19240	0|1	1	0,1,0
