NA18498	1|1	2	0,0,1
NA18500	1|1	2	0,0,1
NA18501	1|1	2	0,0,1
NA18502	1|1	2	0,0,1
NA18503	1|1	2	0,0,1
NA18504	1|1	2	0,0,1
NA18505	1|1	2	0,0,1
NA18506	1|0	1	0,1,0
NA18507	1|1	2	0,0,1
NA18508	0|1	1	0,1,0
NA18515	1|1	2	0,0,1
NA18516	1|1	2	0,0,1
NA18517	0|1	1	0,1,0
NA18519	1|1	2	0,0,1
NA18521	0|1	1	0,1,0
NA18522	1|0	1	0,1,0
NA18523	1|1	2	0,0,1
NA18852	0|1	1	0,1,0
NA18853	1|1	2	0,0,1
NA18854	1|1	2	0,0,1
NA18855	1|1	2	0,0,1
NA18856	0|1	1	0,1,0
NA18857	1|0	1	0,1,0
NA18858	1|1	2	0,0,1
NA18859	1|0	1	0,1,0
NA18860	1|0	1	0,1,0
NA18861	1|1	2	0,0,1
NA18862	1|1	2	0,0,1
NA18863	1|1	2	0,0,1
NA18867	0|0	0	1,0,0
NA18870	1|1	2	0,0,1
NA18871	0|1	1	0,1,0
NA18872	0|1	1	0,1,0
NA18910	1|1	2	0,0,1
NA18912	1|1	2	0,0,1
NA18913	0|1	1	0,1,0
NA18914	0|1	1	0,1,0
NA19027	1|1	2	0,0,1
NA19028	1|1	2	0,0,1
NA19031	1|1	2	0,0,1
NA19035	1|1	2	0,0,1
NA19036	1|1	2	0,0,1
NA19038	1|0	1	0,1,0
NA19041	1|1	2	0,0,1
NA19092	1|1	2	0,0,1
NA19093	1|1	2	0,0,1
NA19094	1|1	2	0,0,1
NA19098	1|1	2	0,0,1
NA19099	1|1	2	0,0,1
NA19100	1|1	2	0,0,1
NA19101	1|1	2	0,0,1
NA19102	0|1	1	0,1,0
NA19103	1|1	2	0,0,1
NA19108	1|1	2	0,0,1
NA19116	1|1	1.94	0,0.06,0.94
NA19118	0|1	1	0,1,0
NA19119	1|1	2	0,0,1
NA19120	1|1	2	0,0,1
NA19127	1|1	2	0,0,1
NA19128	1|1	2	0,0,1
NA19129	1|1	2	0,0,1
NA19130	1|1	2	0,0,1
NA19131	1|1	2	0,0,1
NA19132	1|1	2	0,0,1
NA19137	1|1	2	0,0,1
NA19138	1|1	2	0,0,1
NA19139	1|1	2	0,0,1
NA19140	1|1	2	0,0,1
NA19141	1|1	2	0,0,1
NA19142	1|1	2	0,0,1
NA19143	1|1	2	0,0,1
NA19144	1|1	2	0,0,1
NA19145	1|1	2	0,0,1
NA19146	1|0	1	0,1,0
NA19150	1|1	2	0,0,1
NA19152	1|0	1	0,1,0
NA19153	1|1	2	0,0,1
NA19154	0|1	1	0,1,0
NA19159	1|1	2	0,0,1
NA19160	1|1	2	0,0,1
NA19161	1|1	2	0,0,1
NA19171	0|1	1	0,1,0
NA19172	1|1	2	0,0,1
NA19173	1|1	2	0,0,1
NA19189	1|1	2	0,0,1
NA19200	1|1	2	0,0,1
NA19201	1|1	2	0,0,1
NA19202	1|1	2	0,0,1
NA19203	1|1	2	0,0,1
NA19204	1|1	2	0,0,1
NA19205	1|1	2	0,0,1
NA19206	1|0	1.35	0,0.65,0.35
NA19207	1|1	2	0,0,1
NA19208	1|1	2	0,0,1
NA19209	1|1	2	0,0,1
NA19210	1|1	2	0,0,1
NA19211	1|1	2	0,0,1
NA19213	0|1	1	0,1,0
NA19221	1|1	2	0,0,1
NA19222	1|1	2	0,0,1
NA19223	1|1	2	0,0,1
NA19238	1|1	1.99	0,0.01,0.99
NA19239	1|1	2	0,0,1
NA19240	1|1	2	0,0,1
NA19307	1|1	2	0,0,1
NA19308	1|1	2	0,0,1
NA19309	1|1	2	0,0,1
NA19310	1|0	1	0,1,0
NA19314	1|0	1.21	0,0.79,0.21
NA19315	1|0	1	0,1,0
NA19316	0|1	1	0,1,0
NA19317	1|1	2	0,0,1
NA19319	0|1	1	0,1,0
NA19321	1|1	2	0,0,1
NA19324	1|1	2	0,0,1
NA19327	0|1	1	0,1,0
NA19328	1|1	2	0,0,1
NA19332	0|1	1	0,1,0
NA19334	1|1	2	0,0,1
NA19346	1|1	2	0,0,1
NA19347	1|1	2	0,0,1
NA19350	1|1	2	0,0,1
NA19360	0|1	1	0,1,0
NA19372	1|1	2	0,0,1
NA19374	1|1	2	0,0,1
NA19375	0|1	1	0,1,0
NA19376	1|1	2	0,0,1
NA19377	1|1	2	0,0,1
NA19379	1|1	2	0,0,1
NA19380	1|1	2	0,0,1
NA19384	1|1	2	0,0,1
NA19385	1|1	2	0,0,1
NA19390	1|0	1	0,1,0
NA19391	0|1	1	0,1,0
NA19393	0|1	1	0,1,0
NA19394	1|1	2	0,0,1
NA19397	1|1	2	0,0,1
NA19399	1|1	2	0,0,1
NA19403	1|1	2	0,0,1
NA19404	1|1	2	0,0,1
NA19428	1|1	2	0,0,1
NA19429	1|0	1	0,1,0
NA19430	1|0	1	0,1,0
NA19431	1|1	2	0,0,1
NA19434	1|1	2	0,0,1
NA19435	1|1	2	0,0,1
NA19436	1|1	2	0,0,1
NA19437	1|1	2	0,0,1
NA19438	0|1	1	0,1,0
NA19439	1|1	2	0,0,1
NA19440	1|1	2	0,0,1
NA19443	1|1	2	0,0,1
NA19445	1|1	2	0,0,1
NA19446	0|0	0	1,0,0
NA19448	1|0	1	0,1,0
NA19449	1|1	2	0,0,1
NA19451	1|0	1	0,1,0
NA19452	1|1	2	0,0,1
NA19455	1|1	2	0,0,1
NA19456	1|1	2	0,0,1
NA19457	1|1	2	0,0,1
NA19462	1|0	1	0,1,0
NA19463	1|1	2	0,0,1
NA19466	1|1	2	0,0,1
NA19467	1|1	2	0,0,1
NA19468	1|1	2	0,0,1
NA19471	1|0	1	0,1,0
NA19472	1|1	2	0,0,1
NA19473	1|1	2	0,0,1
NA19474	1|1	2	0,0,1
