NA11829	0|0	0.32	0.69,0.31,0
NA11830	1|0	0.69	0.37,0.56,0.07
NA11831	0|1	0.91	0.18,0.72,0.1
NA11832	0|0	0.09	0.91,0.08,0.01
NA11840	1|1	1.89	0,0.11,0.89
NA11881	1|1	1.73	0.01,0.26,0.73
NA11994	0|0	0.24	0.76,0.24,0
NA11995	1|1	1.77	0.01,0.22,0.77
NA12004	0|1	0.88	0.12,0.88,0
NA12005	1|0	1.09	0.1,0.7,0.2
NA12043	0|0	0.45	0.58,0.39,0.03
NA12044	0|0	0.35	0.65,0.35,0
NA12144	0|0	0.06	0.94,0.06,0
NA12154	0|0	0.33	0.67,0.33,0
NA12155	1|0	0.93	0.16,0.76,0.08
NA12156	1|0	1.22	0.05,0.68,0.27
NA12234	1|0	0.66	0.38,0.59,0.03
NA12717	0|0	0.03	0.97,0.03,0
NA12750	0|1	0.93	0.13,0.82,0.05
NA12760	0|0	0.46	0.57,0.42,0.01
NA12762	0|0	0.41	0.6,0.39,0.01
NA12763	1|0	1.31	0.05,0.58,0.37
NA12812	0|0	0.2	0.8,0.2,0
NA12813	0|0	0.11	0.89,0.11,0
NA12814	0|0	0.03	0.97,0.03,0
NA12815	1|0	1.29	0.01,0.69,0.3
NA12872	1|0	1.09	0.09,0.73,0.18
NA12873	1|0	1.21	0,0.79,0.21
NA12874	0|0	0.08	0.92,0.08,0
NA12878	0|0	0.02	0.98,0.02,0
