NA11829	0	0	1,0
NA11830	1|1	2	0,0,1
NA11831	1	1	0,1
NA11832	1|0	1	0,1,0
NA11840	0|0	0.09	0.91,0.09,0
NA11881	0	0	1,0
NA11994	1	1	0,1
NA11995	0|1	0.81	0.19,0.81,0
NA12004	0|0	0.01	0.99,0.01,0
NA12005	0	0.17	0.83,0.17
NA12043	0	0	1,0
NA12044	0|0	0.48	0.53,0.47,0
NA12144	0	0	1,0
NA12154	0	0.49	0.51,0.49
NA12155	1	0.99	0.01,0.99
NA12156	0|0	0	1,0,0
NA12234	1|1	1.98	0,0.02,0.98
NA12717	0|0	0	1,0,0
NA12750	1	1	0,1
NA12760	0	0.02	0.98,0.02
NA12762	0	0	1,0
NA12763	0|0	0	1,0,0
NA12812	0	0	1,0
NA12813	0|0	0.28	0.72,0.28,0
NA12814	0	0	1,0
NA12815	0|1	1	0,1,0
NA12872	0	0.09	0.91,0.09
NA12873	0|1	0.88	0.12,0.88,0
NA12874	0	0	1,0
NA12878	1|1	1.99	0,0.01,0.99
