NA18498	0	0	1,0
NA18502	0|0	0	1,0,0
NA18505	0|0	0	1,0,0
NA18507	1	0.98	0.02,0.98
NA18508	0|0	0.01	0.99,0.01,0
NA18517	1|0	0.73	0.27,0.73,0
NA18519	0	0	1,0
NA18867	0|0	0	1,0,0
NA18870	0|1	1	0,1,0
NA18910	0	0	1,0
NA19092	0	0.1	0.9,0.1
NA19098	0	0	1,0
NA19099	0|0	0.01	0.99,0.01,0
NA19102	1|0	1	0,1,0
NA19108	0|1	1	0,1,0
NA19118	0|0	0.04	0.96,0.04,0
NA19119	0	0	1,0
NA19129	0|1	1.16	0,0.84,0.16
NA19130	1	1	0,1
NA19141	0	0	1,0
NA19146	0	0	1,0
NA19150	0	0	1,0
NA19152	0|1	1	0,1,0
NA19160	1	1	0,1
NA19171	0	0	1,0
NA19189	0	0	1,0
NA19204	0|0	0.04	0.96,0.04,0
NA19206	0|1	0.76	0.25,0.75,0
NA19207	1	1	0,1
NA19209	0|1	1	0,1,0
NA19213	1	1	0,1
NA19240	0|1	1.49	0,0.51,0.49
