NA18498	0	0	1,0
NA18502	0|0	0	1,0,0
NA18505	0|0	0	1,0,0
NA18507	1	0.98	0.02,0.98
NA18508	0|0	0.01	0.99,0.01,0
NA18517	1|0	0.73	0.27,0.73,0
NA18519	0	0	1,0
NA18867	0|0	0	1,0,0
NA18870	0|1	1	0,1,0
NA18910	0	0	1,0
NA19092	0	0.1	0.9,0.1
NA19098	0	0	1,0
NA19099	0|0	0.01	0.99,0.01,0
NA19102	1|0	1	0,1,0
NA19108	0|1	1	0,1,0
NA19118	0|0	0.04	0.96,0.04,0
NA19119	0	0	1,0
NA19129	0|1	1.16	0,0.84,0.16
NA19130	1	1	0,1
NA19141	0	0	1,0
NA19146	0	0	1,0
NA19150	0	0	1,0
NA19152	0|1	1	0,1,0
NA19160	1	1	0,1
NA19171	0	0	1,0
NA19189	0	0	1,0
NA19204	0|0	0.04	0.96,0.04,0
NA19206	0|1	0.76	0.25,0.75,0
NA19207	1	1	0,1
NA19209	0|1	1	0,1,0
NA19213	1	1	0,1
NA19240	0|1	1.49	0,0.51,0.49
NA11829	0	0	1,0
NA11830	1|1	2	0,0,1
NA11831	1	1	0,1
NA11832	1|0	1	0,1,0
NA11840	0|0	0.09	0.91,0.09,0
NA11881	0	0	1,0
NA11994	1	1	0,1
NA11995	0|1	0.81	0.19,0.81,0
NA12004	0|0	0.01	0.99,0.01,0
NA12005	0	0.17	0.83,0.17
NA12043	0	0	1,0
NA12044	0|0	0.48	0.53,0.47,0
NA12144	0	0	1,0
NA12154	0	0.49	0.51,0.49
NA12155	1	0.99	0.01,0.99
NA12156	0|0	0	1,0,0
NA12234	1|1	1.98	0,0.02,0.98
NA12717	0|0	0	1,0,0
NA12750	1	1	0,1
NA12760	0	0.02	0.98,0.02
NA12762	0	0	1,0
NA12763	0|0	0	1,0,0
NA12812	0	0	1,0
NA12813	0|0	0.28	0.72,0.28,0
NA12814	0	0	1,0
NA12815	0|1	1	0,1,0
NA12872	0	0.09	0.91,0.09
NA12873	0|1	0.88	0.12,0.88,0
NA12874	0	0	1,0
NA12878	1|1	1.99	0,0.01,0.99
NA18526	0|0	0	1,0,0
NA18537	1|0	0.95	0.05,0.95,0
NA18550	0|0	0.02	0.98,0.02,0
NA18555	1|0	1.01	0,0.99,0.01
NA18562	0	0.03	0.97,0.03
NA18563	1	1	0,1
NA18582	0|0	0.02	0.98,0.02,0
NA18603	0	0	1,0
NA18606	1	0.85	0.15,0.85
NA18621	0	0.19	0.81,0.19
NA18622	0	0.37	0.63,0.37
NA18628	0|1	1	0,1,0
NA18632	0	0	1,0
NA18636	1	0.59	0.41,0.59
NA18647	0	0	1,0
NA18942	1|0	0.82	0.19,0.81,0
NA18945	1	1	0,1
NA18947	1|0	1	0,1,0
NA18951	0|1	1	0,1,0
NA18952	0	0	1,0
NA18953	1	1	0,1
NA18965	0	0	1,0
NA18970	0	0	1,0
NA18977	0	0	1,0
NA18987	1|0	1	0,1,0
NA18990	1	1	0,1
NA18995	0	0.03	0.97,0.03
NA19003	1|0	1	0,1,0
NA19010	1|1	1.58	0,0.42,0.58
