NA11829	1	1	0,1
NA11830	1|1	2	0,0,1
NA11831	1	0	0.01,0
NA11832	0|1	1	0,1,0
NA11840	1|1	2	0,0,1
NA11881	1	1	0,1
NA11994	1	1	0,1
NA11995	1|1	2	0,0,1
NA12004	0|1	1	0,1,0
NA12005	1	0	0.01,0
NA12043	1	0	0.01,0
NA12044	0|0	0	1,0,0
NA12144	1	0	0.01,0
NA12154	1	1	0,1
NA12155	1	1	0,1
NA12156	1|0	1	0,1,0
NA12234	0|0	0	1,0,0
NA12717	1|0	1	0,1,0
NA12750	1	0	0.01,0
NA12760	1	1	0,1
NA12761	0|0	0	1,0,0
NA12762	1	1	0,1
NA12763	1|0	1	0,1,0
NA12812	1	0	0.01,0
NA12813	1|1	2	0,0,1
NA12814	1	1	0,1
NA12815	1|1	2	0,0,1
NA12872	1	0	0.01,0
NA12873	0|1	1	0,1,0
NA12874	1	1	0,1
NA12878	1|1	2	0,0,1
