NA18498	0|0	0.997002,0.002996,2e-06
NA18502	0|0	0.999,0.001,0
NA18505	0|0	0.564,0.436,0
NA18507	1|1	0,0,1
NA18508	0|1	0,1,0
NA18517	0|1	0,1,0
NA18519	0|0	0.986,0.014,0
NA18867	0|0	1,0,0
NA18870	1|1	0,0.000999987,0.999
NA19092	0|0	1,0,0
NA19098	0|0	0.999,0.001,0
NA19099	0|0	1,0,0
NA19102	0|0	1,0,0
NA19108	0|0	1,0,0
NA19118	0|0	1,0,0
NA19119	0|0	1,0,0
NA19129	0|1	0.000999987,0.999,0
NA19130	0|0	1,0,0
NA19146	1|0	0.012,0.988,0
NA19152	1|0	0,1,0
NA19160	0|0	0.997,0.003,0
NA19171	1|0	0,0.999,0.001
NA19204	0|0	1,0,0
NA19207	1|0	0,1,0
NA19209	0|0	0.906093,0.093814,9.3e-05
NA19213	0|0	0.992007,0.007986,7e-06
NA19240	0|1	0,1,0
