NA18498	0|1	0,1,0
NA18502	1|1	0,0.015,0.985
NA18505	1|1	0,0,1
NA18507	1|0	0,0.999,0.001
NA18508	1|1	0,0.009,0.991
NA18517	1|1	2.70002e-05,0.011946,0.988027
NA18519	1|0	0,1,0
NA18858	1|1	0,0,1
NA18861	0|1	0.000999987,0.999,0
NA18867	0|0	0.996,0.004,0
NA18870	1|1	0,0,1
NA18910	0|1	0,1,0
NA18912	1|1	0,0.00300002,0.997
NA19092	0|0	1,0,0
NA19093	0|0	1,0,0
NA19098	0|1	0,1,0
NA19099	1|1	0,0.013,0.987
NA19102	1|1	0,0.009,0.991
NA19108	1|1	0,0.00999999,0.99
NA19116	1|1	0,0.014,0.986
NA19118	1|1	0,0,1
NA19119	0|1	0.015,0.985,0
NA19129	0|1	0,1,0
NA19130	1|0	0,1,0
NA19131	0|1	0.00599998,0.994,0
NA19137	0|1	0,1,0
NA19141	1|1	0,0,1
NA19143	0|0	1,0,0
NA19144	0|1	0.000999987,0.999,0
NA19146	1|0	0,1,0
NA19150	1|1	0,0.000999987,0.999
NA19152	0|0	0.999,0.001,0
NA19153	1|1	4.5e-05,0.01391,0.986045
NA19159	1|1	0,0.00800002,0.992
NA19160	1|1	0,0,1
NA19171	1|0	0.015,0.985,0
NA19172	0|0	1,0,0
NA19189	0|1	0,1,0
NA19201	1|0	0,1,0
NA19204	1|1	0,0,1
NA19206	1|0	0.00800002,0.992,0
NA19207	1|1	0,0,1
NA19209	0|1	0,1,0
NA19210	1|0	0,1,0
NA19213	1|0	0.00800002,0.992,0
NA19222	0|1	0.019,0.981,0
NA19223	1|0	0,1,0
NA19240	1|0	0,1,0
