NA06985	0|0	0	1,0,0
NA06994	0|0	0	1,0,0
NA07000	0|0	0	1,0,0
NA07048	1|0	1	0,1,0
NA07056	0|0	0	1,0,0
NA07357	0|0	0	1,0,0
NA10847	0|0	0	1,0,0
NA10851	0|0	0	1,0,0
NA11829	0|0	0	1,0,0
NA11830	0|0	0	1,0,0
NA11831	0|0	0	1,0,0
NA11832	0|0	0	1,0,0
NA11840	0|0	0	1,0,0
NA11881	0|0	0	1,0,0
NA11992	1|1	2	0,0,1
NA11994	0|0	0	1,0,0
NA11995	0|0	0.47	0.53,0.47,0
NA12003	0|0	0	1,0,0
NA12004	0|0	0	1,0,0
NA12005	0|0	0	1,0,0
NA12006	0|0	0	1,0,0
NA12043	0|0	0	1,0,0
NA12044	0|0	0	1,0,0
NA12144	0|0	0	1,0,0
NA12154	0|0	0	1,0,0
NA12155	0|0	0	1,0,0
NA12156	0|0	0	1,0,0
NA12234	0|0	0	1,0,0
NA12249	0|0	0	1,0,0
NA12716	0|0	0	1,0,0
NA12717	0|0	0	1,0,0
NA12750	0|0	0	1,0,0
NA12751	0|0	0	1,0,0
NA12760	0|0	0	1,0,0
NA12761	0|0	0	1,0,0
NA12762	0|0	0	1,0,0
NA12763	0|0	0	1,0,0
NA12812	0|0	0	1,0,0
NA12813	0|0	0	1,0,0
NA12814	0|0	0	1,0,0
NA12815	0|0	0	1,0,0
NA12872	0|0	0	1,0,0
NA12873	1|0	0.89	0.11,0.89,0
NA12874	0|0	0	1,0,0
NA12878	0|0	0	1,0,0
NA20502	1|0	1	0,1,0
NA20504	0|0	0	1,0,0
NA20505	0|0	0	1,0,0
NA20506	0|0	0	1,0,0
NA20508	0|0	0	1,0,0
NA20509	0|0	0	1,0,0
NA20510	0|0	0	1,0,0
NA20512	0|0	0	1,0,0
NA20515	0|0	0	1,0,0
NA20516	0|0	0	1,0,0
NA20517	0|0	0	1,0,0
NA20518	0|0	0	1,0,0
NA20519	0|0	0	1,0,0
NA20520	0|0	0	1,0,0
NA20521	0|0	0	1,0,0
NA20522	0|0	0	1,0,0
NA20524	0|0	0	1,0,0
NA20525	0|0	0	1,0,0
NA20527	0|0	0	1,0,0
NA20528	0|0	0	1,0,0
NA20529	0|0	0	1,0,0
NA20530	0|0	0	1,0,0
NA20531	0|0	0	1,0,0
NA20534	0|0	0	1,0,0
NA20535	0|0	0.04	0.96,0.04,0
NA20538	0|0	0	1,0,0
NA20539	0|0	0	1,0,0
NA20540	0|0	0	1,0,0
NA20541	0|0	0	1,0,0
NA20542	1|0	1	0,1,0
NA20543	0|0	0	1,0,0
NA20544	0|0	0	1,0,0
NA20581	0|0	0	1,0,0
NA20582	0|0	0	1,0,0
NA20585	0|0	0	1,0,0
NA20586	0|0	0	1,0,0
NA20588	0|0	0	1,0,0
NA20589	0|0	0	1,0,0
NA20752	0|0	0	1,0,0
NA20753	1|0	1	0,1,0
NA20754	1|0	1.13	0.01,0.85,0.14
NA20755	0|0	0	1,0,0
NA20756	0|0	0	1,0,0
NA20757	0|1	1	0,1,0
NA20758	0|0	0	1,0,0
NA20759	0|0	0	1,0,0
NA20760	0|0	0	1,0,0
NA20761	0|0	0	1,0,0
NA20765	0|1	1	0,1,0
