NA18532	0|0	0.996,0.004,0
NA18537	0|0	1,0,0
NA18542	0|0	1,0,0
NA18545	0|1	0,1,0
NA18547	1|0	0.015984,0.983032,0.000984
NA18550	0|0	1,0,0
NA18552	0|0	0.997,0.003,0
NA18555	0|1	0,1,0
NA18558	0|0	1,0,0
NA18561	0|0	1,0,0
NA18562	0|0	1,0,0
NA18563	0|1	0.000999987,0.999,0
NA18564	0|0	0.999,0.001,0
NA18566	0|0	1,0,0
NA18570	0|0	0.998001,0.001998,1e-06
NA18571	0|0	1,0,0
NA18572	0|0	1,0,0
NA18573	0|0	1,0,0
NA18577	1|0	0.008991,0.990018,0.000991
NA18579	1|0	0.00800002,0.992,0
NA18582	0|0	1,0,0
NA18592	0|0	1,0,0
NA18593	0|1	0.00199997,0.998,0
NA18603	1|0	0.000999987,0.999,0
NA18605	1|1	3.60001e-05,0.012928,0.987036
NA18608	0|0	1,0,0
NA18609	0|0	0.997,0.003,0
NA18611	1|0	0.004995,0.99401,0.000995
NA18612	0|0	0.999,0.001,0
NA18620	0|0	1,0,0
NA18621	1|1	0,0,1
NA18622	0|0	1,0,0
NA18623	0|0	0.999,0.001,0
NA18624	0|0	1,0,0
NA18632	0|1	0.183632,0.814736,0.001632
NA18633	0|0	0.999,0.001,0
NA18635	0|1	0,1,0
NA18636	1|1	0.00227999,0.38144,0.61628
NA18637	0|0	0.999,0.001,0
NA18940	0|0	0.999,0.001,0
NA18942	0|0	1,0,0
NA18943	0|0	0.999,0.001,0
NA18944	0|1	0.000999987,0.999,0
NA18945	1|0	0.00199797,0.997004,0.000998
NA18947	0|0	1,0,0
NA18948	0|0	1,0,0
NA18949	0|0	1,0,0
NA18951	0|1	0,1,0
NA18952	1|0	0.418,0.582,0
NA18953	1|1	0,0.000999987,0.999
NA18956	0|1	0,1,0
NA18959	0|1	0.108,0.892,0
NA18960	0|1	0.000698991,0.698602,0.300699
NA18961	0|0	0.999,0.001,0
NA18964	1|0	0,1,0
NA18965	0|1	0,1,0
NA18966	0|0	1,0,0
NA18967	0|0	0.998,0.002,0
NA18968	1|0	0.000999987,0.999,0
NA18969	0|0	0.997002,0.002996,2e-06
NA18970	0|0	1,0,0
NA18971	1|0	0.00300002,0.997,0
NA18972	0|1	0,1,0
NA18973	1|0	0.00700003,0.993,0
NA18974	0|1	0.00463201,0.577736,0.417632
NA18975	0|0	1,0,0
NA18976	0|1	0.00199997,0.998,0
NA18978	0|0	1,0,0
NA18980	0|0	1,0,0
NA18981	0|0	1,0,0
NA18987	0|0	0.998,0.002,0
NA18990	1|0	0.000999987,0.999,0
NA18991	1|0	0,1,0
NA18992	0|0	1,0,0
NA18994	0|0	0.998,0.002,0
NA18995	0|1	0.000999987,0.999,0
NA18997	0|1	0.018,0.982,0
NA18998	0|1	0.005,0.995,0
NA18999	1|1	0,0.00300002,0.997
NA19000	0|0	1,0,0
NA19003	0|0	1,0,0
NA19005	0|0	0.998,0.002,0
NA19007	0|1	0,1,0
NA19012	0|0	0.999,0.001,0
