NA18498	0|0	1,0,0
NA18502	1|1	0,0.013,0.987
NA18505	1|0	0,1,0
NA18507	1|1	0,0.00199997,0.998
NA18508	0|1	0,1,0
NA18517	1|0	0,0.997,0.003
NA18519	1|1	0,0,1
NA18858	1|1	0,0,1
NA18861	0|1	0,1,0
NA18867	0|1	0.000998987,0.998002,0.000999
NA18870	0|1	0.00700003,0.993,0
NA18910	1|1	0,0,1
NA18912	1|1	0,0.016,0.984
NA19093	1|0	0,1,0
NA19098	1|1	0,0,1
NA19099	0|1	0,0.998,0.002
NA19102	0|0	1,0,0
NA19108	0|1	0.00486,0.96728,0.02786
NA19116	1|1	0,0.000999987,0.999
NA19118	0|1	0,1,0
NA19119	1|1	0,0.000999987,0.999
NA19129	0|0	1,0,0
NA19130	0|1	0.000999987,0.999,0
NA19131	1|0	0,1,0
NA19138	0|0	1,0,0
NA19141	1|0	0,0.998,0.002
NA19143	1|1	0,0.009,0.991
NA19144	1|1	0,0,1
NA19146	0|1	0,1,0
NA19152	1|1	0,0,1
NA19153	1|1	0,0.000999987,0.999
NA19159	1|0	0,0.999,0.001
NA19160	1|1	0,0,1
NA19171	1|1	0,0.017,0.983
NA19189	1|0	0,1,0
NA19200	1|0	0,1,0
NA19201	0|1	0,1,0
NA19204	0|0	0.999,0.001,0
NA19206	0|1	0.00199997,0.998,0
NA19207	0|1	0,1,0
NA19209	0|1	0.00596998,0.98906,0.00497
NA19210	1|1	0,0.00199997,0.998
NA19213	0|1	0.00300002,0.997,0
NA19222	0|0	0.998,0.002,0
NA19223	1|1	2.80002e-05,0.010944,0.989028
NA19240	0|1	0.00199997,0.998,0
