NA18526	1|1	2	0,0,1
NA18532	0|1	0.98	0.02,0.98,0
NA18537	1|1	2	0,0,1
NA18547	1|1	2	0,0,1
NA18550	0|0	0	1,0,0
NA18555	1|1	2	0,0,1
NA18561	1|0	1	0,1,0
NA18562	1|1	2	0,0,1
NA18563	0|0	0	1,0,0
NA18566	0|1	1	0,1,0
NA18572	0|0	0.18	0.82,0.18,0
NA18577	0|0	0.35	0.65,0.35,0
NA18582	0|1	1	0,1,0
NA18603	0|0	0	1,0,0
NA18605	1|0	1	0,1,0
NA18606	1|0	0.66	0.35,0.64,0.01
NA18621	1|0	1	0,1,0
NA18622	1|1	2	0,0,1
NA18628	0|0	0	1,0,0
NA18632	0|1	1.16	0,0.84,0.16
NA18636	0|1	1	0,1,0
NA18647	1|0	1.03	0,0.97,0.03
NA18942	1|1	2	0,0,1
NA18943	0|1	1	0,1,0
NA18945	1|1	2	0,0,1
NA18947	1|1	2	0,0,1
NA18949	1|1	2	0,0,1
NA18951	0|1	1	0,1,0
NA18952	0|0	0	1,0,0
NA18953	1|1	2	0,0,1
NA18956	0|1	1	0,1,0
NA18964	0|0	0.04	0.96,0.04,0
NA18965	1|1	2	0,0,1
NA18973	0|0	0	1,0,0
NA18974	1|1	2	0,0,1
NA18977	1|0	1	0,1,0
NA18980	1|1	2	0,0,1
NA18987	1|1	2	0,0,1
NA18990	1|0	1	0,1,0
NA18994	1|1	2	0,0,1
NA18995	1|1	2	0,0,1
NA19000	1|1	2	0,0,1
NA19003	0|0	0.59	0.5,0.41,0.09
NA19010	1|0	1.15	0,0.85,0.15
