NA18526	1|1	0,0.00400001,0.996
NA18532	1|1	0,0,1
NA18537	1|1	7.79998e-05,0.018844,0.981078
NA18542	1|1	0,0.000999987,0.999
NA18545	1|1	0,0,1
NA18547	1|1	0.000462001,0.042076,0.957462
NA18550	1|1	0,0.00800002,0.992
NA18552	1|1	0,0.00800002,0.992
NA18555	1|1	4e-05,0.01292,0.98704
NA18558	1|1	0,0,1
NA18561	1|1	9.99974e-07,0.00199797,0.998001
NA18562	1|1	9.99998e-05,0.0198,0.9801
NA18563	1|1	0,0,1
NA18564	1|1	1.50001e-05,0.00797002,0.992015
NA18566	1|1	0,0.026,0.974
NA18570	1|1	9.99974e-07,0.00199797,0.998001
NA18571	1|1	7.99991e-06,0.00598398,0.994008
NA18572	1|1	0,0,1
NA18573	1|1	0,0.048,0.952
NA18577	1|1	0,0.015,0.985
NA18579	1|1	8.99989e-06,0.00998199,0.990009
NA18582	1|1	7.79998e-05,0.018844,0.981078
NA18592	1|1	0.00016,0.02568,0.97416
NA18593	1|1	0,0.00599998,0.994
NA18603	1|1	0.000225,0.02955,0.970225
NA18605	1|1	3.9999e-06,0.00399195,0.996004
NA18608	1|1	0,0,1
NA18609	1|1	0.000484001,0.043032,0.956484
NA18611	1|1	0,0,1
NA18612	1|1	0.000729001,0.052542,0.946729
NA18620	1|1	2.5e-05,0.00994999,0.990025
NA18621	1|1	0,0,1
NA18622	1|1	1.60001e-05,0.00796802,0.992016
NA18623	1|1	0.000624999,0.04875,0.950625
NA18624	1|1	0,0,1
NA18632	1|1	0,0,1
NA18633	1|1	0.000169,0.025662,0.974169
NA18635	1|1	9.99974e-07,0.00199797,0.998001
NA18636	1|1	3.59998e-05,0.011928,0.988036
NA18637	1|1	3.59998e-05,0.011928,0.988036
NA18940	1|1	9.99974e-07,0.00199797,0.998001
NA18942	1|1	1.59998e-05,0.016968,0.983016
NA18943	1|1	0.001369,0.071262,0.927369
NA18944	1|1	0,0,1
NA18945	1|1	0,0,1
NA18947	1|1	0,0.00199997,0.998
NA18948	1|1	3.9999e-06,0.00399195,0.996004
NA18949	1|1	0,0,1
NA18951	1|1	0,0.00800002,0.992
NA18952	1|1	0,0,1
NA18953	1|1	0,0,1
NA18956	1|1	0,0.012,0.988
NA18959	1|1	4.90004e-05,0.0139021,0.986049
NA18960	1|1	1.60001e-05,0.00796802,0.992016
NA18961	1|1	0.000575999,0.046848,0.952576
NA18964	1|1	0,0.00599998,0.994
NA18965	1|1	0,0,1
NA18966	1|1	0,0,1
NA18967	1|1	0.003481,0.111038,0.885481
NA18968	1|1	0.000216001,0.034568,0.965216
NA18969	1|1	0.000138,0.028724,0.971138
NA18970	1|1	9.99974e-07,0.00199797,0.998001
NA18971	1|1	0.000840999,0.056318,0.942841
NA18972	1|1	0,0,1
NA18973	1|1	1.19999e-05,0.012976,0.987012
NA18974	1|1	2.5e-05,0.00994999,0.990025
NA18975	1|1	9.99974e-07,0.00199797,0.998001
NA18976	1|1	0,0,1
NA18978	1|1	0,0.012,0.988
NA18980	1|1	0,0.016,0.984
NA18981	1|1	0,0,1
NA18987	1|1	2.59997e-05,0.026948,0.973026
NA18990	1|1	9.99974e-07,0.00199797,0.998001
NA18991	1|1	3.89995e-05,0.039922,0.960039
NA18992	1|1	0,0.027,0.973
NA18994	1|1	8.10001e-05,0.017838,0.982081
NA18995	1|1	0,0,1
NA18997	1|1	4.99993e-06,0.00598998,0.994005
NA18998	1|1	0,0,1
NA18999	1|1	0,0,1
NA19000	1|1	0,0,1
NA19003	1|1	0,0.029,0.971
NA19005	1|1	0.000196,0.027608,0.972196
NA19007	1|1	0,0,1
NA19012	1|1	0,0,1
