NA18498	1|0	0,0.999,0.001
NA18502	0|1	0.00599998,0.994,0
NA18505	0|0	0.998,0.002,0
NA18507	0|0	1,0,0
NA18508	1|0	0.004995,0.99401,0.000995
NA18517	1|0	0,1,0
NA18519	1|1	0,0.202,0.798
NA18858	0|0	1,0,0
NA18861	0|0	0.999,0.001,0
NA18867	0|0	1,0,0
NA18870	0|0	0.758,0.242,0
NA18910	0|0	0.809,0.191,0
NA18912	0|0	1,0,0
NA19092	0|1	0.00199997,0.998,0
NA19093	0|1	0,1,0
NA19098	0|1	0,1,0
NA19099	1|0	0.021,0.979,0
NA19102	0|1	0,1,0
NA19108	0|1	0.00300002,0.997,0
NA19116	0|0	0.999,0.001,0
NA19118	0|0	0.999,0.001,0
NA19119	0|0	1,0,0
NA19129	0|0	1,0,0
NA19130	0|0	0.999,0.001,0
NA19131	1|0	0.00382001,0.95136,0.04482
NA19137	1|0	0.000999987,0.999,0
NA19138	0|0	0.995,0.005,0
NA19141	0|0	1,0,0
NA19143	1|0	0,0.932,0.068
NA19144	0|0	0.955,0.045,0
NA19146	0|1	0.012987,0.986026,0.000987
NA19150	0|0	0.998001,0.001998,1e-06
NA19152	1|0	0.011,0.989,0
NA19153	0|0	0.687312,0.312376,0.000312
NA19159	0|1	0.116,0.884,0
NA19160	0|1	0,1,0
NA19171	0|0	1,0,0
NA19172	0|0	1,0,0
NA19189	0|0	0.75,0.25,0
NA19200	0|0	1,0,0
NA19201	0|0	1,0,0
NA19204	0|1	0.00400001,0.996,0
NA19206	0|1	0.00199797,0.997004,0.000998
NA19207	1|1	0,0.023,0.977
NA19209	0|0	1,0,0
NA19210	0|1	0.000998987,0.998002,0.000999
NA19213	0|1	0.00199597,0.996008,0.001996
NA19222	0|0	1,0,0
NA19223	0|0	1,0,0
NA19240	0|0	1,0,0
