NA18526	0|0	1,0,0
NA18537	1|0	0.00299402,0.995012,0.001994
NA18550	0|0	1,0,0
NA18555	0|0	0.998001,0.001998,1e-06
NA18562	1|0	0.000999987,0.999,0
NA18563	0|0	0.999,0.001,0
NA18582	0|0	0.999,0.001,0
NA18603	0|0	0.678,0.322,0
NA18606	0|0	0.996,0.004,0
NA18621	0|0	0.941058,0.058884,5.8e-05
NA18622	0|1	0,0.999,0.001
NA18628	0|0	0.987,0.013,0
NA18632	0|0	1,0,0
NA18636	0|1	0.29,0.71,0
NA18647	0|0	1,0,0
NA18942	1|0	0.00700003,0.993,0
NA18945	0|0	0.851,0.149,0
NA18947	0|0	1,0,0
NA18951	0|0	1,0,0
NA18952	1|0	0,0.999,0.001
NA18953	1|0	0,0.999,0.001
NA18956	0|0	1,0,0
NA18965	1|1	0,0.00300002,0.997
NA18970	1|0	0.000999987,0.999,0
NA18973	0|0	1,0,0
NA18977	1|0	0.015,0.985,0
NA18987	1|1	1.29998e-05,0.013974,0.986013
NA18990	0|1	0.011,0.989,0
NA18995	0|0	0.997002,0.002996,2e-06
NA19003	0|0	0.971,0.029,0
NA19010	0|0	1,0,0
