NA18498	0|0	0	1,0,0
NA18500	1|0	1	0,1,0
NA18501	0|0	0	1,0,0
NA18502	1|1	2	0,0,1
NA18503	1|0	1	0,1,0
NA18504	0|0	0	1,0,0
NA18505	1|0	1	0,1,0
NA18506	1|1	2	0,0,1
NA18507	1|0	1	0,1,0
NA18508	1|1	2	0,0,1
NA18515	0|1	1	0,1,0
NA18516	1|1	2	0,0,1
NA18517	1|0	1	0,1,0
NA18519	1|0	1	0,1,0
NA18521	1|1	2	0,0,1
NA18522	1|1	2	0,0,1
NA18523	0|1	1	0,1,0
NA18852	1|0	1	0,1,0
NA18853	1|1	2	0,0,1
NA18854	1|1	2	0,0,1
NA18855	0|0	0.19	0.81,0.19,0
NA18856	1|1	2	0,0,1
NA18857	0|1	1	0,1,0
NA18858	1|1	2	0,0,1
NA18859	1|1	2	0,0,1
NA18860	1|1	2	0,0,1
NA18861	1|1	2	0,0,1
NA18862	0|1	1	0,1,0
NA18863	1|0	1	0,1,0
NA18867	0|1	1	0,1,0
NA18870	1|0	1	0,1,0
NA18871	1|1	2	0,0,1
NA18872	1|1	2	0,0,1
NA18910	1|1	2	0,0,1
NA18912	1|0	1	0,1,0
NA18913	1|1	2	0,0,1
NA18914	1|1	2	0,0,1
NA19027	1|1	2	0,0,1
NA19028	1|0	1	0,1,0
NA19031	1|1	2	0,0,1
NA19035	0|1	1	0,1,0
NA19036	0|0	0	1,0,0
NA19038	0|0	0	1,0,0
NA19041	0|0	0.31	0.69,0.31,0
NA19092	1|0	1	0,1,0
NA19093	0|0	0	1,0,0
NA19094	0|1	1	0,1,0
NA19098	1|1	2	0,0,1
NA19099	1|1	2	0,0,1
NA19100	1|1	2	0,0,1
NA19101	1|1	2	0,0,1
NA19102	1|1	2	0,0,1
NA19103	1|1	2	0,0,1
NA19108	1|0	1	0,1,0
NA19116	0|0	0	1,0,0
NA19118	1|0	1	0,1,0
NA19119	1|1	2	0,0,1
NA19120	1|0	1	0,1,0
NA19127	0|0	0	1,0,0
NA19128	0|1	1	0,1,0
NA19129	0|1	1	0,1,0
NA19130	0|1	1	0,1,0
NA19131	0|0	0	1,0,0
NA19132	1|0	1	0,1,0
NA19137	0|1	1	0,1,0
NA19138	0|0	0.32	0.68,0.32,0
NA19139	0|0	0	1,0,0
NA19140	0|1	1	0,1,0
NA19141	0|0	0	1,0,0
NA19142	0|0	0	1,0,0
NA19143	0|0	0	1,0,0
NA19144	0|0	0.48	0.52,0.48,0
NA19145	0|0	0	1,0,0
NA19146	0|0	0	1,0,0
NA19150	0|1	1	0,1,0
NA19152	0|1	1	0,1,0
NA19153	0|0	0	1,0,0
NA19154	0|1	1	0,1,0
NA19159	1|1	2	0,0,1
NA19160	0|0	0	1,0,0
NA19161	1|0	1	0,1,0
NA19171	1|1	2	0,0,1
NA19172	1|0	1	0,1,0
NA19173	1|1	2	0,0,1
NA19189	0|1	1	0,1,0
NA19200	0|0	0	1,0,0
NA19201	0|0	0	1,0,0
NA19202	0|0	0	1,0,0
NA19203	0|1	1.15	0,0.85,0.15
NA19204	1|1	2	0,0,1
NA19205	1|1	2	0,0,1
NA19206	0|0	0	1,0,0
NA19207	0|1	1	0,1,0
NA19208	0|1	1	0,1,0
NA19209	0|0	0.08	0.92,0.08,0
NA19210	1|1	2	0,0,1
NA19211	0|1	1	0,1,0
NA19213	1|1	2	0,0,1
NA19221	1|0	1	0,1,0
NA19222	0|0	0	1,0,0
NA19223	1|1	2	0,0,1
NA19238	1|1	2	0,0,1
NA19239	1|1	2	0,0,1
NA19240	1|1	2	0,0,1
NA19307	0|1	1	0,1,0
NA19308	0|0	0	1,0,0
NA19309	1|1	2	0,0,1
NA19310	1|1	2	0,0,1
NA19314	1|1	2	0,0,1
NA19315	1|0	1	0,1,0
NA19316	0|1	1	0,1,0
NA19317	0|0	0.43	0.57,0.43,0
NA19318	0|0	0	1,0,0
NA19319	1|0	1	0,1,0
NA19321	1|0	1	0,1,0
NA19324	1|1	2	0,0,1
NA19327	0|0	0.01	0.99,0.01,0
NA19328	1|0	1	0,1,0
NA19332	1|1	2	0,0,1
NA19334	1|1	1.84	0,0.16,0.84
NA19346	1|0	1	0,1,0
NA19347	0|1	1	0,1,0
NA19350	1|1	1.99	0,0.01,0.99
NA19360	1|0	0.97	0.03,0.97,0
NA19372	1|0	1.33	0,0.67,0.33
NA19374	1|1	2	0,0,1
NA19375	1|0	1.16	0,0.84,0.16
NA19376	0|0	0	1,0,0
NA19377	1|0	1	0,1,0
NA19379	0|1	1	0,1,0
NA19380	1|1	2	0,0,1
NA19384	0|1	1	0,1,0
NA19385	0|0	0	1,0,0
NA19390	1|0	1	0,1,0
NA19391	1|1	1.57	0,0.43,0.57
NA19393	0|1	1	0,1,0
NA19394	1|1	2	0,0,1
NA19397	0|1	1	0,1,0
NA19399	0|0	0	1,0,0
NA19403	1|0	1	0,1,0
NA19404	0|0	0	1,0,0
NA19428	1|1	2	0,0,1
NA19429	0|0	0	1,0,0
NA19430	1|1	2	0,0,1
NA19431	0|0	0	1,0,0
NA19434	1|0	1	0,1,0
NA19435	0|1	1	0,1,0
NA19436	1|0	1	0,1,0
NA19437	1|1	2	0,0,1
NA19438	1|1	2	0,0,1
NA19439	1|0	1	0,1,0
NA19440	0|1	1	0,1,0
NA19443	0|1	0.99	0.01,0.99,0
NA19445	0|0	0	1,0,0
NA19446	0|0	0	1,0,0
NA19448	0|1	0.99	0.01,0.99,0
NA19449	1|1	1.73	0,0.27,0.73
NA19451	1|1	2	0,0,1
NA19452	1|1	2	0,0,1
NA19455	1|0	1	0,1,0
NA19457	1|1	2	0,0,1
NA19462	1|1	2	0,0,1
NA19463	0|1	1	0,1,0
NA19466	0|1	0.99	0.01,0.99,0
NA19467	1|0	0.59	0.41,0.59,0
NA19468	1|1	2	0,0,1
NA19471	1|1	2	0,0,1
NA19472	0|1	1	0,1,0
NA19473	0|1	1	0,1,0
NA19474	1|1	2	0,0,1
