NA18498	0|0	0.999,0.001,0
NA18500	0|1	0,1,0
NA18501	1|0	0,0.556,0.444
NA18502	0|0	1,0,0
NA18503	1|1	0,0.286,0.714
NA18504	1|0	0,0.868,0.132
NA18505	0|1	0,1,0
NA18506	0|1	0,1,0
NA18507	0|1	0,1,0
NA18508	0|0	1,0,0
NA18515	0|1	0,1,0
NA18516	1|0	0,0.998,0.002
NA18517	0|0	0.999,0.001,0
NA18519	0|0	1,0,0
NA18521	0|0	1,0,0
NA18522	0|0	1,0,0
NA18523	0|0	0.992,0.008,0
NA18852	0|0	0.999,0.001,0
NA18853	0|0	1,0,0
NA18854	0|0	0.997002,0.002996,2e-06
NA18855	0|1	0,1,0
NA18856	0|0	1,0,0
NA18857	0|0	1,0,0
NA18858	1|0	0.000999987,0.999,0
NA18859	0|0	1,0,0
NA18860	0|0	1,0,0
NA18861	0|0	0.607,0.393,0
NA18862	0|0	1,0,0
NA18863	0|0	1,0,0
NA18867	0|0	1,0,0
NA18870	0|0	1,0,0
NA18871	0|0	1,0,0
NA18872	0|0	1,0,0
NA18910	0|1	0.000999987,0.999,0
NA18912	0|0	1,0,0
NA18913	1|0	0,1,0
NA18914	1|0	0,1,0
NA19027	0|0	1,0,0
NA19028	1|1	0,0.011,0.989
NA19031	0|0	0.719,0.281,0
NA19035	0|0	1,0,0
NA19036	0|0	0.981048,0.018904,4.8e-05
NA19038	0|1	0,0.993,0.007
NA19041	1|0	0.000999987,0.999,0
NA19092	0|0	1,0,0
NA19093	1|0	0,1,0
NA19094	1|0	0.00199997,0.998,0
NA19098	0|0	1,0,0
NA19099	0|0	1,0,0
NA19100	0|0	1,0,0
NA19101	0|0	1,0,0
NA19102	0|0	0.763,0.237,0
NA19103	0|0	1,0,0
NA19108	0|1	0,0.989,0.011
NA19116	0|0	0.987,0.013,0
NA19118	0|1	0.168,0.832,0
NA19119	0|0	0.999,0.001,0
NA19120	0|0	1,0,0
NA19127	0|0	1,0,0
NA19128	0|1	0,1,0
NA19129	1|0	0,1,0
NA19130	0|1	0,0.998,0.002
NA19131	0|1	0,1,0
NA19132	1|1	0,0,1
NA19137	0|1	0,0.999,0.001
NA19138	0|1	0.392,0.608,0
NA19139	0|1	0,1,0
NA19140	0|0	0.997002,0.002996,2e-06
NA19141	1|0	0.000999987,0.999,0
NA19142	0|1	0,1,0
NA19143	1|0	0,1,0
NA19144	1|0	0,1,0
NA19145	0|1	0.00199997,0.998,0
NA19146	0|0	0.997,0.003,0
NA19150	0|0	1,0,0
NA19152	0|0	1,0,0
NA19153	1|0	0,0.549,0.451
NA19154	1|0	0,1,0
NA19159	0|0	0.997,0.003,0
NA19160	0|0	1,0,0
NA19161	0|0	1,0,0
NA19171	0|0	0.997002,0.002996,2e-06
NA19172	0|0	0.999,0.001,0
NA19173	0|0	1,0,0
NA19189	1|0	0.005,0.995,0
NA19200	0|0	1,0,0
NA19201	0|0	0.999,0.001,0
NA19202	0|0	1,0,0
NA19203	0|0	1,0,0
NA19204	0|1	0,1,0
NA19205	0|0	1,0,0
NA19206	0|0	0.999,0.001,0
NA19207	0|0	0.999,0.001,0
NA19208	0|0	0.997,0.003,0
NA19209	0|0	1,0,0
NA19210	0|0	0.993,0.007,0
NA19211	0|0	1,0,0
NA19213	1|0	0.00300002,0.997,0
NA19221	0|0	1,0,0
NA19222	0|0	0.997,0.003,0
NA19223	0|0	1,0,0
NA19238	0|1	0,1,0
NA19239	1|1	0,0.000999987,0.999
NA19240	1|1	0,0,1
NA19307	0|0	0.989,0.011,0
NA19308	1|0	0.00652403,0.925952,0.067524
NA19309	0|1	0,0.995,0.005
NA19310	1|1	0,0.000999987,0.999
NA19314	0|1	0.00299702,0.996006,0.000997
NA19315	1|1	5.99996e-06,0.004988,0.995006
NA19316	0|1	0,1,0
NA19317	1|0	0.00599998,0.994,0
NA19319	0|1	0,0.996,0.004
NA19321	0|1	0,1,0
NA19324	0|0	0.997,0.003,0
NA19327	0|0	1,0,0
NA19328	0|0	0.983,0.017,0
NA19332	0|0	0.991,0.009,0
NA19334	0|0	0.997,0.003,0
NA19346	1|1	0,0,1
NA19347	1|1	0,0.00199997,0.998
NA19350	0|0	1,0,0
NA19360	1|0	0.00300002,0.997,0
NA19372	0|1	0.137,0.863,0
NA19374	1|0	0.00199797,0.997004,0.000998
NA19375	1|1	0,0.00199997,0.998
NA19376	1|1	0,0.055,0.945
NA19377	0|1	0.000994987,0.99401,0.004995
NA19379	0|0	1,0,0
NA19380	0|1	0,1,0
NA19384	0|1	0.305,0.695,0
NA19385	0|1	0,0.998,0.002
NA19390	0|0	1,0,0
NA19391	0|1	0,1,0
NA19393	1|0	0.000999987,0.999,0
NA19394	1|0	0,0.515,0.485
NA19397	0|0	0.993,0.007,0
NA19399	1|0	0,0.993,0.007
NA19403	0|0	1,0,0
NA19404	0|0	0.99,0.01,0
NA19428	0|1	0,1,0
NA19429	0|1	0,1,0
NA19430	1|0	0.00199997,0.998,0
NA19431	1|0	0,1,0
NA19434	0|0	1,0,0
NA19435	0|1	0.00199997,0.998,0
NA19436	0|0	1,0,0
NA19437	0|1	0.005,0.995,0
NA19438	0|1	0.005,0.995,0
NA19439	0|0	0.999,0.001,0
NA19440	1|0	0,1,0
NA19443	1|1	0,0,1
NA19445	0|0	1,0,0
NA19446	1|0	0,1,0
NA19448	1|1	0,0.177,0.823
NA19449	0|1	0,1,0
NA19451	1|1	0,0,1
NA19452	1|0	0.000999987,0.999,0
NA19455	0|1	0,0.998,0.002
NA19456	1|0	0,1,0
NA19457	0|0	1,0,0
NA19462	0|1	0,1,0
NA19463	1|1	0,0.000999987,0.999
NA19466	0|0	0.998,0.002,0
NA19467	0|0	1,0,0
NA19468	0|0	0.999,0.001,0
NA19471	0|0	0.995,0.005,0
NA19472	1|1	0,0.00300002,0.997
NA19473	1|0	0,0.999,0.001
NA19474	0|1	0,1,0
