NA18498	0|1	0,1,0
NA18502	0|0	0.998001,0.001998,1e-06
NA18505	0|1	0.00298802,0.993024,0.003988
NA18508	0|0	1,0,0
NA18517	0|0	1,0,0
NA18519	0|1	0.00800002,0.992,0
NA18867	0|0	0.995004,0.004992,4e-06
NA18870	1|0	0.000991987,0.991016,0.007992
NA18910	0|0	1,0,0
NA19092	0|0	1,0,0
NA19098	1|0	0.000999987,0.999,0
NA19099	0|0	0.999,0.001,0
NA19102	0|0	1,0,0
NA19108	0|0	0.999,0.001,0
NA19118	0|1	0.000999987,0.999,0
NA19119	0|1	0,1,0
NA19129	0|0	1,0,0
NA19130	0|0	1,0,0
NA19141	0|0	0.998001,0.001998,1e-06
NA19146	1|0	0,0.999,0.001
NA19150	0|0	0.998,0.002,0
NA19152	0|1	0.000999987,0.999,0
NA19160	0|0	0.999,0.001,0
NA19171	0|0	1,0,0
NA19189	1|0	0,1,0
NA19204	0|1	0,1,0
NA19206	0|1	0,0.999,0.001
NA19207	0|0	0.999,0.001,0
NA19209	0|1	0.00599398,0.993012,0.000994
NA19213	0|0	0.995004,0.004992,4e-06
NA11829	0|1	0.00300002,0.997,0
NA11830	0|1	0.00699303,0.992014,0.000993
NA11831	1|0	0,1,0
NA11832	0|0	1,0,0
NA11840	0|1	0.00300002,0.997,0
NA11881	0|0	1,0,0
NA11994	0|1	0,1,0
NA11995	0|0	1,0,0
NA12004	0|0	0.999,0.001,0
NA12005	0|0	1,0,0
NA12043	0|1	0.000999987,0.999,0
NA12044	1|0	0.000997987,0.997004,0.001998
NA12144	1|0	0,1,0
NA12154	1|0	0,1,0
NA12155	0|0	1,0,0
NA12156	0|1	0.004995,0.99401,0.000995
NA12234	0|0	0.997002,0.002996,2e-06
NA12717	0|0	1,0,0
NA12750	1|0	0.00199997,0.998,0
NA12760	0|0	1,0,0
NA12761	0|1	0.00700003,0.993,0
NA12762	0|0	0.994,0.006,0
NA12763	0|0	1,0,0
NA12812	0|0	1,0,0
NA12813	1|0	0.00199997,0.998,0
NA12814	1|0	0.000998987,0.998002,0.000999
NA12815	0|0	1,0,0
NA12872	0|1	0,1,0
NA12873	1|0	0.00199997,0.998,0
NA12874	1|0	0.00800002,0.992,0
NA12878	0|0	1,0,0
NA18526	0|0	0.998001,0.001998,1e-06
NA18537	0|1	0.00199997,0.998,0
NA18550	0|0	0.999,0.001,0
NA18555	0|0	0.999,0.001,0
NA18562	0|1	0.353664,0.597672,0.048664
NA18563	0|0	1,0,0
NA18582	0|0	1,0,0
NA18603	0|0	0.999,0.001,0
NA18606	0|0	0.997,0.003,0
NA18621	0|0	0.552728,0.433544,0.013728
NA18622	0|1	0.00700003,0.993,0
NA18628	1|0	0.243,0.757,0
NA18632	0|0	1,0,0
NA18636	0|0	1,0,0
NA18647	0|0	1,0,0
NA18942	0|1	0.00400001,0.996,0
NA18945	0|0	1,0,0
NA18947	0|0	0.999,0.001,0
NA18951	0|0	1,0,0
NA18952	1|0	0,1,0
NA18953	1|0	0.000999987,0.999,0
NA18956	0|0	1,0,0
NA18965	1|1	0,0,1
NA18970	0|1	0,1,0
NA18973	0|0	1,0,0
NA18977	1|0	0,0.998,0.002
NA18987	1|1	0,0.000999987,0.999
NA18990	1|0	0,1,0
NA18995	0|0	1,0,0
NA19003	0|0	0.999,0.001,0
NA19010	0|0	1,0,0
