NA18498	1|1	9.00013e-06,0.00598204,0.994009
NA18500	1|1	0,0,1
NA18501	1|1	9.00013e-06,0.00598204,0.994009
NA18502	1|1	3.9999e-06,0.00399195,0.996004
NA18503	1|1	0,0,1
NA18504	1|1	0,0,1
NA18505	1|1	0,0.00199997,0.998
NA18506	1|1	0.000255999,0.0314879,0.968256
NA18507	1|1	6.40003e-05,0.015872,0.984064
NA18508	1|1	0,0,1
NA18515	1|1	0,0,1
NA18516	1|1	3.9999e-06,0.00399195,0.996004
NA18517	1|1	0,0,1
NA18519	1|1	9.00013e-06,0.00598204,0.994009
NA18521	1|1	1.60001e-05,0.00796802,0.992016
NA18522	1|1	0,0,1
NA18523	1|1	0,0.00300002,0.997
NA18852	1|1	0,0,1
NA18853	1|1	9.99974e-07,0.00199797,0.998001
NA18854	1|1	0,0,1
NA18855	1|1	0,0.039,0.961
NA18856	1|1	0,0,1
NA18857	1|1	0,0,1
NA18858	1|1	0,0,1
NA18859	1|1	4.90004e-05,0.0139021,0.986049
NA18860	1|1	0,0,1
NA18861	1|1	0,0.00300002,0.997
NA18862	1|1	2.5e-05,0.00994999,0.990025
NA18863	1|1	0,0,1
NA18867	1|1	0,0.017,0.983
NA18870	1|1	0,0,1
NA18871	1|1	9.00013e-06,0.00598204,0.994009
NA18872	1|1	0,0,1
NA18910	1|1	8.10001e-05,0.017838,0.982081
NA18912	1|1	2.40002e-05,0.010952,0.989024
NA18913	1|1	0,0,1
NA18914	1|1	9.99974e-07,0.00199797,0.998001
NA19027	1|1	0,0,1
NA19028	1|1	9.99974e-07,0.00199797,0.998001
NA19031	1|1	1.60001e-05,0.00796802,0.992016
NA19035	1|1	0,0,1
NA19036	1|1	0,0.000999987,0.999
NA19038	1|1	2e-05,0.00896,0.99102
NA19041	1|1	0.000169,0.025662,0.974169
NA19092	1|1	0,0,1
NA19093	1|1	0,0.00300002,0.997
NA19094	1|1	0,0,1
NA19098	1|1	0,0,1
NA19099	1|1	0,0,1
NA19100	1|1	0,0,1
NA19101	1|1	0.000575999,0.046848,0.952576
NA19102	1|1	0,0,1
NA19103	1|1	0,0,1
NA19108	1|1	0,0.00800002,0.992
NA19116	1|1	0,0.00199997,0.998
NA19118	1|1	0,0.02,0.98
NA19119	1|1	0,0,1
NA19120	1|1	0,0,1
NA19127	1|1	8.99989e-06,0.00998199,0.990009
NA19128	1|1	0.007396,0.157208,0.835396
NA19129	1|1	0,0,1
NA19130	1|1	0,0,1
NA19131	1|1	0,0.000999987,0.999
NA19132	1|1	0,0.013,0.987
NA19137	1|1	0,0.00400001,0.996
NA19138	1|1	2.5e-05,0.00994999,0.990025
NA19139	1|1	0,0,1
NA19140	1|1	0,0,1
NA19141	1|1	9.99998e-05,0.0198,0.9801
NA19142	1|1	0,0,1
NA19143	1|1	0,0.00300002,0.997
NA19144	1|1	2.5e-05,0.00994999,0.990025
NA19145	1|1	0,0,1
NA19146	1|1	0,0,1
NA19150	1|1	9.00013e-06,0.00598204,0.994009
NA19152	1|1	0,0.000999987,0.999
NA19153	1|1	9.99974e-07,0.00199797,0.998001
NA19154	1|1	0,0,1
NA19159	1|1	0,0,1
NA19160	1|1	0,0,1
NA19161	1|1	0,0,1
NA19171	1|1	9.99974e-07,0.00199797,0.998001
NA19172	1|1	0,0.00199997,0.998
NA19173	1|1	0,0,1
NA19189	1|1	3.9999e-06,0.00399195,0.996004
NA19200	1|1	0,0,1
NA19201	1|1	0,0,1
NA19202	1|1	0,0.00599998,0.994
NA19203	1|1	0,0,1
NA19204	1|1	0,0,1
NA19205	1|1	1.60001e-05,0.00796802,0.992016
NA19206	1|1	0,0,1
NA19207	1|1	0,0,1
NA19208	1|1	9.99974e-07,0.00199797,0.998001
NA19209	1|1	0,0,1
NA19210	1|1	0,0,1
NA19211	1|1	9.00013e-06,0.00598204,0.994009
NA19213	1|1	0,0,1
NA19221	1|1	0,0,1
NA19222	1|1	0,0.000999987,0.999
NA19223	1|1	0,0,1
NA19238	1|1	0,0.019,0.981
NA19239	1|1	0,0,1
NA19240	1|1	0,0.000999987,0.999
NA19307	1|1	0,0,1
NA19308	1|1	0,0,1
NA19309	1|1	9.00013e-06,0.00598204,0.994009
NA19310	1|1	0,0.000999987,0.999
NA19314	1|1	0,0.009,0.991
NA19315	1|1	0,0.00300002,0.997
NA19316	1|1	0,0.009,0.991
NA19317	1|1	0,0,1
NA19319	0|0	0.998001,0.001998,1e-06
NA19321	1|1	0,0.00199997,0.998
NA19324	1|1	0,0,1
NA19327	1|1	0,0,1
NA19328	1|1	0,0.00400001,0.996
NA19332	1|1	0,0.00199997,0.998
NA19334	1|1	4.90004e-05,0.0139021,0.986049
NA19346	1|1	1.60001e-05,0.00796802,0.992016
NA19347	1|1	0,0,1
NA19350	1|1	3.59998e-05,0.011928,0.988036
NA19360	1|1	9.99974e-07,0.00199797,0.998001
NA19372	1|1	0,0,1
NA19374	1|1	0.000169,0.025662,0.974169
NA19375	1|1	2.5e-05,0.00994999,0.990025
NA19376	1|1	1.60001e-05,0.00796802,0.992016
NA19377	1|1	1.99995e-06,0.00299596,0.997002
NA19379	1|1	2.4e-05,0.00995199,0.990024
NA19380	1|1	0,0,1
NA19384	1|1	0,0,1
NA19385	1|1	0,0,1
NA19390	1|1	0,0.000999987,0.999
NA19391	1|1	2.10002e-05,0.00995805,0.990021
NA19393	1|1	0,0,1
NA19394	1|1	0,0,1
NA19397	1|1	0,0,1
NA19399	1|1	0,0.00300002,0.997
NA19403	1|0	0,1,0
NA19404	1|1	0,0,1
NA19428	1|1	0,0,1
NA19429	1|1	0,0,1
NA19430	1|1	0,0,1
NA19431	1|1	0,0.00199997,0.998
NA19434	1|0	0,0.999,0.001
NA19435	1|1	1.39999e-05,0.008972,0.991014
NA19436	0|1	0,1,0
NA19437	1|1	0,0.00199997,0.998
NA19438	1|1	0,0.00999999,0.99
NA19439	1|1	0,0.00199997,0.998
NA19440	1|1	0,0.00800002,0.992
NA19443	1|1	0,0,1
NA19445	1|1	2.59997e-05,0.014948,0.985026
NA19446	1|1	0,0,1
NA19448	1|1	9.00013e-06,0.00598204,0.994009
NA19449	1|1	0,0.009,0.991
NA19451	1|1	9.00013e-06,0.00598204,0.994009
NA19452	1|1	0,0,1
NA19455	1|1	1.60001e-05,0.00796802,0.992016
NA19456	1|1	0,0.00400001,0.996
NA19457	1|1	0,0,1
NA19462	1|1	0,0.00199997,0.998
NA19463	1|1	0,0.000999987,0.999
NA19466	1|1	3.59998e-05,0.011928,0.988036
NA19467	1|1	0,0.00800002,0.992
NA19468	1|1	0,0.011,0.989
NA19471	1|1	0,0.03,0.97
NA19472	1|1	9.99986e-06,0.00697997,0.99301
NA19473	1|1	0,0.00199997,0.998
NA19474	1|1	5.99991e-06,0.00698797,0.993006
