NA18526	0|0	1,0,0
NA18532	0|0	0.999,0.001,0
NA18537	0|0	1,0,0
NA18542	1|0	0,1,0
NA18545	1|1	0,0,1
NA18547	1|0	0.00999999,0.99,0
NA18550	0|0	0.582,0.418,0
NA18552	1|1	9.99974e-07,0.00199797,0.998001
NA18555	0|0	0.999,0.001,0
NA18558	0|0	1,0,0
NA18561	0|0	1,0,0
NA18562	0|0	1,0,0
NA18563	1|1	3.59998e-05,0.011928,0.988036
NA18564	1|0	0,1,0
NA18566	0|1	0,1,0
NA18570	0|0	0.999,0.001,0
NA18571	0|0	1,0,0
NA18572	0|0	0.657721,0.306558,0.035721
NA18573	0|0	0.979,0.021,0
NA18577	0|0	1,0,0
NA18579	0|1	0,1,0
NA18582	0|0	0.977,0.023,0
NA18592	1|0	0.012,0.988,0
NA18593	0|0	0.76,0.24,0
NA18603	0|0	1,0,0
NA18605	1|1	0,0,1
NA18606	1|1	6.40003e-05,0.015872,0.984064
NA18608	0|0	1,0,0
NA18609	0|0	1,0,0
NA18611	0|0	1,0,0
NA18612	0|0	0.996004,0.003992,4e-06
NA18620	0|0	1,0,0
NA18621	0|0	1,0,0
NA18622	0|0	1,0,0
NA18623	0|0	1,0,0
NA18624	0|0	1,0,0
NA18628	0|1	0.077,0.923,0
NA18632	0|0	1,0,0
NA18633	0|0	1,0,0
NA18635	1|1	0,0,1
NA18636	0|0	1,0,0
NA18637	0|0	1,0,0
NA18647	0|0	1,0,0
NA18940	1|1	0,0,1
NA18942	0|0	1,0,0
NA18943	1|1	0,0,1
NA18944	0|0	1,0,0
NA18945	1|1	0.000676001,0.050648,0.948676
NA18947	1|1	0,0,1
NA18948	1|1	3.9999e-06,0.00399195,0.996004
NA18949	1|0	0,1,0
NA18951	1|0	0,1,0
NA18952	1|1	0,0,1
NA18953	0|0	1,0,0
NA18956	0|0	0.787,0.213,0
NA18959	1|1	0,0,1
NA18960	0|0	1,0,0
NA18961	1|1	0.000624999,0.04875,0.950625
NA18964	0|0	1,0,0
NA18965	1|1	3.9999e-06,0.00399195,0.996004
NA18966	0|0	0.373321,0.475358,0.151321
NA18967	0|0	1,0,0
NA18968	0|0	1,0,0
NA18969	0|0	1,0,0
NA18970	0|0	1,0,0
NA18971	0|0	1,0,0
NA18972	1|0	0.000999987,0.999,0
NA18973	0|1	0,1,0
NA18974	0|0	1,0,0
NA18975	1|0	0,1,0
NA18976	0|0	1,0,0
NA18977	0|0	1,0,0
NA18978	1|0	0,1,0
NA18980	0|0	0.998,0.002,0
NA18981	0|0	1,0,0
NA18987	1|0	0,1,0
NA18990	0|0	0.998001,0.001998,1e-06
NA18991	0|0	1,0,0
NA18992	0|1	0.00999999,0.99,0
NA18994	0|0	1,0,0
NA18995	0|0	1,0,0
NA18997	0|0	1,0,0
NA18998	0|0	0.999,0.001,0
NA18999	0|0	1,0,0
NA19000	0|0	1,0,0
NA19003	0|0	1,0,0
NA19005	1|1	0,0,1
NA19007	0|0	1,0,0
NA19010	0|1	0,1,0
NA19012	0|0	1,0,0
