NA18498	0|1	1	0,1,0
NA18500	0|0	0	1,0,0
NA18501	0|0	0	1,0,0
NA18502	0|0	0	1,0,0
NA18503	0|0	0.02	0.98,0.02,0
NA18504	0|0	0.35	0.65,0.35,0
NA18505	0|0	0.04	0.96,0.04,0
NA18506	1|1	2	0,0,1
NA18507	0|1	1	0,1,0
NA18508	1|0	1	0,1,0
NA18515	0|1	1	0,1,0
NA18516	0|1	1	0,1,0
NA18517	0|0	0.06	0.94,0.06,0
NA18519	0|1	1	0,1,0
NA18521	1|0	1	0,1,0
NA18522	0|1	1	0,1,0
NA18523	0|1	1	0,1,0
NA18852	0|0	0.22	0.78,0.22,0
NA18853	1|0	1	0,1,0
NA18854	0|0	0	1,0,0
NA18855	1|1	2	0,0,1
NA18856	1|1	1.67	0,0.33,0.67
NA18857	1|1	2	0,0,1
NA18858	1|1	2	0,0,1
NA18859	0|1	1	0,1,0
NA18860	0|1	1	0,1,0
NA18861	0|0	0	1,0,0
NA18862	1|0	1	0,1,0
NA18863	0|0	0	1,0,0
NA18867	0|1	1	0,1,0
NA18870	0|1	1	0,1,0
NA18871	1|0	1	0,1,0
NA18872	1|0	1	0,1,0
NA18910	0|1	1	0,1,0
NA18912	1|0	1	0,1,0
NA18913	0|1	1.16	0,0.84,0.16
NA18914	0|1	1	0,1,0
NA19027	1|1	1.82	0,0.18,0.82
NA19028	0|1	1	0,1,0
NA19031	0|1	1	0,1,0
NA19035	0|1	1.01	0,0.99,0.01
NA19036	0|1	1	0,1,0
NA19038	1|0	1	0,1,0
NA19041	0|0	0	1,0,0
NA19092	1|1	2	0,0,1
NA19093	0|0	0	1,0,0
NA19094	0|1	1	0,1,0
NA19098	1|0	1	0,1,0
NA19099	1|1	1.69	0,0.31,0.69
NA19100	0|1	1	0,1,0
NA19101	1|1	1.91	0,0.09,0.91
NA19102	0|1	1	0,1,0
NA19108	1|0	1	0,1,0
NA19116	0|1	1	0,1,0
NA19118	1|1	1.97	0,0.03,0.97
NA19119	1|0	0.65	0.35,0.65,0
NA19120	0|0	0	1,0,0
NA19127	0|1	0.67	0.33,0.67,0
NA19128	1|1	1.96	0,0.04,0.96
NA19129	0|1	1.07	0,0.93,0.07
NA19130	0|0	0.01	0.99,0.01,0
NA19131	1|0	1	0,1,0
NA19132	0|0	0	1,0,0
NA19137	0|1	1	0,1,0
NA19138	0|0	0	1,0,0
NA19139	1|0	1	0,1,0
NA19140	1|0	1	0,1,0
NA19141	1|1	2	0,0,1
NA19142	1|1	2	0,0,1
NA19143	0|1	1	0,1,0
NA19144	0|1	1	0,1,0
NA19145	0|1	1	0,1,0
NA19146	1|1	2	0,0,1
NA19150	1|0	1.3	0,0.7,0.3
NA19152	0|0	0	1,0,0
NA19153	0|1	1	0,1,0
NA19154	1|0	1.1	0,0.9,0.1
NA19159	1|0	1	0,1,0
NA19160	0|0	0.09	0.91,0.09,0
NA19161	0|0	0	1,0,0
NA19171	0|0	0	1,0,0
NA19172	0|1	1	0,1,0
NA19173	0|1	1	0,1,0
NA19189	1|0	0.63	0.37,0.63,0
NA19200	0|0	0	1,0,0
NA19201	0|1	1	0,1,0
NA19202	0|0	0	1,0,0
NA19203	0|1	1	0,1,0
NA19204	1|1	1.99	0,0.01,0.99
NA19205	1|1	2	0,0,1
NA19206	0|1	1.09	0,0.91,0.09
NA19207	1|1	2	0,0,1
NA19208	1|0	1.33	0,0.67,0.33
NA19209	1|1	2	0,0,1
NA19210	0|1	1	0,1,0
NA19211	0|1	1	0,1,0
NA19213	0|0	0	1,0,0
NA19221	1|0	1	0,1,0
NA19222	1|0	1	0,1,0
NA19223	0|0	0	1,0,0
NA19238	1|0	1	0,1,0
NA19239	0|0	0	1,0,0
NA19240	0|0	0	1,0,0
NA19307	1|0	1	0,1,0
NA19308	1|1	2	0,0,1
NA19309	1|1	2	0,0,1
NA19310	0|1	1	0,1,0
NA19314	0|1	1	0,1,0
NA19315	0|0	0	1,0,0
NA19316	0|1	0.95	0.06,0.94,0
NA19317	1|1	2	0,0,1
NA19319	1|1	2	0,0,1
NA19321	0|1	1	0.01,0.99,0
NA19327	0|0	0	1,0,0
NA19328	0|1	1.33	0,0.67,0.33
NA19332	0|1	0.89	0.11,0.89,0
NA19334	1|1	2	0,0,1
NA19346	1|0	1	0,1,0
NA19347	1|1	2	0,0,1
NA19350	0|0	0	1,0,0
NA19360	0|0	0	1,0,0
NA19372	1|0	1.06	0,0.94,0.06
NA19374	1|1	2	0,0,1
NA19375	0|0	0	1,0,0
NA19376	1|0	1	0,1,0
NA19377	1|0	1	0,1,0
NA19379	1|1	2	0,0,1
NA19380	1|0	1	0,1,0
NA19384	0|1	1.16	0,0.84,0.16
NA19385	1|1	2	0,0,1
NA19391	0|1	1	0,1,0
NA19393	1|0	0.61	0.39,0.61,0
NA19394	0|0	0.35	0.65,0.35,0
NA19397	0|0	0	1,0,0
NA19399	1|1	1.99	0,0.01,0.99
NA19403	0|0	0.05	0.95,0.05,0
NA19404	1|1	1.92	0,0.08,0.92
NA19428	1|1	1.62	0,0.38,0.62
NA19429	0|0	0	1,0,0
NA19430	1|0	1.14	0,0.86,0.14
NA19431	1|1	2	0,0,1
NA19434	0|1	1	0,1,0
NA19435	0|0	0	1,0,0
NA19436	0|1	1	0,1,0
NA19437	1|1	2	0,0,1
NA19438	0|1	0.6	0.4,0.6,0
NA19439	1|1	2	0,0,1
NA19440	1|0	1	0,1,0
NA19443	1|0	1	0,1,0
NA19445	0|0	0	1,0,0
NA19446	0|0	0.29	0.71,0.29,0
NA19448	1|0	1	0,1,0
NA19449	1|1	2	0,0,1
NA19451	1|1	2	0,0,1
NA19452	1|1	2	0,0,1
NA19455	0|1	1	0,1,0
NA19456	1|1	1.82	0,0.18,0.82
NA19457	1|0	1	0,1,0
NA19462	1|0	1.03	0,0.97,0.03
NA19463	0|0	0	1,0,0
NA19466	1|1	2	0,0,1
NA19467	0|1	1	0,1,0
NA19468	1|0	1	0,1,0
NA19471	1|1	1.99	0,0.01,0.99
NA19472	1|0	1	0,1,0
NA19473	1|1	1.98	0,0.02,0.98
NA19474	0|0	0	1,0,0
NA06985	0|1	0.54	0.46,0.54,0
NA06991	0|0	0	1,0,0
NA06993	0|1	0.89	0.11,0.89,0
NA06994	0|0	0	1,0,0
NA07000	0|0	0.08	0.92,0.08,0
NA07019	1|1	2	0,0,1
NA07022	1|1	1.78	0,0.22,0.78
NA07029	0|0	0	1,0,0
NA07034	0|0	0	1,0,0
NA07048	1|0	1	0,1,0
NA07055	1|0	1	0,1,0
NA07056	1|1	2	0,0,1
NA07345	0|1	1.34	0,0.66,0.34
NA07348	1|1	2	0,0,1
NA07357	0|1	1	0,1,0
NA10830	0|1	1	0,1,0
NA10831	1|0	1	0,1,0
NA10835	0|0	0	1,0,0
NA10838	0|1	1	0,1,0
NA10839	1|0	1	0,1,0
NA10846	0|1	1	0,1,0
NA10847	0|1	1	0,1,0
NA10851	0|0	0	1,0,0
NA10854	0|0	0.02	0.98,0.02,0
NA10855	0|0	0	1,0,0
NA10857	1|0	1	0,1,0
NA10859	0|1	1	0,1,0
NA10860	0|0	0	1,0,0
NA10861	1|1	2	0,0,1
NA10863	1|1	2	0,0,1
NA11829	0|1	1	0,1,0
NA11830	0|1	0.92	0.08,0.92,0
NA11831	0|1	1	0,1,0
NA11832	0|0	0	1,0,0
NA11839	0|0	0	1,0,0
NA11840	0|0	0	1,0,0
NA11881	0|1	1	0,1,0
NA11882	0|1	0.78	0.22,0.78,0
NA11992	0|0	0	1,0,0
NA11993	0|1	1	0,1,0
NA11994	1|1	2	0,0,1
NA11995	1|0	1	0,1,0
NA12003	1|1	2	0,0,1
NA12004	0|0	0	1,0,0
NA12005	0|0	0	1,0,0
NA12006	1|0	1	0,1,0
NA12043	1|0	0.54	0.46,0.54,0
NA12044	1|1	2	0,0,1
NA12056	0|0	0	1,0,0
NA12057	0|1	1	0,1,0
NA12144	0|1	1	0,1,0
NA12145	1|1	2	0,0,1
NA12146	1|1	2	0,0,1
NA12154	0|0	0	1,0,0
NA12155	1|0	1	0,1,0
NA12156	0|1	1	0,1,0
NA12234	1|1	1.96	0,0.04,0.96
NA12236	1|1	1.71	0,0.29,0.71
NA12239	0|1	0.95	0.05,0.95,0
NA12248	1|0	0.78	0.22,0.78,0
NA12249	0|1	1	0,1,0
NA12264	1|1	1.98	0,0.02,0.98
NA12707	1|0	1	0,1,0
NA12716	0|1	1	0,1,0
NA12717	1|1	2	0,0,1
NA12740	1|1	2	0,0,1
NA12750	1|1	2	0,0,1
NA12751	1|1	1.98	0,0.02,0.98
NA12752	1|1	2	0,0,1
NA12753	0|1	1	0,1,0
NA12760	1|1	2	0,0,1
NA12761	1|1	2	0,0,1
NA12762	1|0	1	0,1,0
NA12763	1|1	1.88	0,0.12,0.88
NA12801	1|0	1	0,1,0
NA12802	1|1	2	0,0,1
NA12812	0|1	1	0,1,0
NA12813	0|1	1.12	0,0.88,0.12
NA12814	1|1	1.85	0,0.15,0.85
NA12815	1|0	1	0,1,0
NA12864	1|1	2	0,0,1
NA12865	1|1	2	0,0,1
NA12872	1|0	1.09	0,0.91,0.09
NA12873	0|1	1	0,1,0
NA12874	0|1	1	0,1,0
NA12875	1|1	1.98	0,0.02,0.98
NA12878	0|1	1	0,1,0
NA12891	0|1	1	0,1,0
NA12892	1|1	2	0,0,1
NA20502	0|0	0.11	0.89,0.11,0
NA20504	1|1	1.77	0,0.22,0.78
NA20505	0|0	0	1,0,0
NA20506	1|0	1	0,1,0
NA20508	1|0	1	0,1,0
NA20509	1|1	2	0,0,1
NA20510	0|0	0	1,0,0
NA20512	0|0	0.45	0.6,0.35,0.05
NA20515	0|0	0.4	0.6,0.4,0
NA20516	1|0	1.12	0,0.88,0.12
NA20517	1|1	1.98	0,0.02,0.98
NA20518	1|0	1.01	0,0.99,0.01
NA20519	0|0	0	1,0,0
NA20520	1|0	1.08	0,0.92,0.08
NA20521	1|1	1.98	0,0.02,0.98
NA20522	0|0	0.03	0.97,0.03,0
NA20524	0|1	1	0,1,0
NA20525	0|1	1	0,1,0
NA20527	0|0	0	1,0,0
NA20528	1|1	2	0,0,1
NA20529	1|1	1.97	0,0.03,0.97
NA20530	1|1	2	0,0,1
NA20531	1|0	1	0,1,0
NA20534	0|1	0.8	0.2,0.8,0
NA20535	0|1	0.76	0.24,0.76,0
NA20538	0|1	1.34	0,0.66,0.34
NA20539	1|1	2	0,0,1
NA20540	0|0	0	1,0,0
NA20541	0|0	0.13	0.87,0.13,0
NA20542	1|1	1.99	0,0.01,0.99
NA20543	0|1	0.91	0.09,0.91,0
NA20544	0|0	0	1,0,0
NA20581	0|1	1	0,1,0
NA20582	1|0	1.19	0,0.81,0.19
NA20585	1|1	1.93	0,0.07,0.93
NA20586	0|0	0	1,0,0
NA20588	1|1	1.98	0,0.02,0.98
NA20589	0|1	1.1	0,0.9,0.1
NA20752	0|1	1	0,1,0
NA20753	0|0	0.33	0.67,0.33,0
NA20754	1|1	1.81	0,0.19,0.81
NA20755	0|0	0	1,0,0
NA20756	1|0	0.82	0.21,0.76,0.03
NA20758	1|1	2	0,0,1
NA20759	0|1	0.99	0.01,0.99,0
NA20760	0|1	1.47	0,0.53,0.47
NA20761	1|0	1	0,1,0
NA20765	1|0	1	0,1,0
NA20766	1|1	2	0,0,1
NA20768	1|1	2	0,0,1
NA20769	0|1	1	0,1,0
NA20770	1|1	1.83	0,0.17,0.83
NA20771	1|0	0.97	0.03,0.97,0
NA20772	0|0	0	1,0,0
NA20773	1|1	1.75	0.02,0.22,0.76
NA20774	0|1	1.43	0,0.57,0.43
NA20778	1|0	0.61	0.39,0.61,0
NA20783	0|1	0.88	0.12,0.88,0
NA20785	1|0	0.84	0.16,0.84,0
NA20786	1|1	1.8	0,0.2,0.8
NA20787	0|1	1	0,1,0
NA20790	0|0	0	1,0,0
NA20792	1|1	1.95	0,0.05,0.95
NA20796	1|1	2	0,0,1
NA20797	0|0	0	1,0,0
NA20798	0|1	1	0,1,0
NA20799	0|0	0	1,0,0
NA20800	1|0	1	0,1,0
NA20801	1|0	1	0,1,0
NA20802	0|0	0.04	0.96,0.04,0
NA20803	0|0	0	1,0,0
NA20804	0|1	1	0,1,0
NA20805	0|1	0.85	0.16,0.84,0
NA20806	1|0	1.13	0,0.87,0.13
NA20807	0|1	0.86	0.3,0.55,0.15
NA20808	0|0	0.2	0.8,0.2,0
NA20809	0|0	0.18	0.82,0.18,0
NA20810	1|0	1.28	0,0.72,0.28
NA20811	0|0	0	1,0,0
NA20812	1|1	1.99	0,0.01,0.99
NA20813	0|0	0.07	0.93,0.07,0
NA20815	1|0	0.95	0.05,0.95,0
NA20818	1|1	1.77	0,0.23,0.77
NA20819	1|0	0.99	0.01,0.99,0
NA20826	0|0	0	1,0,0
NA20828	0|1	1.32	0,0.68,0.32
NA18526	1|0	1	0,1,0
NA18532	1|0	1	0,1,0
NA18537	0|1	1	0,1,0
NA18542	0|1	1	0,1,0
NA18545	1|0	1	0,1,0
NA18547	0|1	1.13	0,0.87,0.13
NA18550	1|0	1	0,1,0
NA18552	1|0	1.48	0,0.52,0.48
NA18555	0|0	0.01	0.99,0.01,0
NA18558	1|1	2	0,0,1
NA18561	0|1	1.15	0,0.85,0.15
NA18562	0|0	0	1,0,0
NA18563	0|0	0	1,0,0
NA18564	1|0	1	0,1,0
NA18566	0|1	1	0,1,0
NA18570	0|1	1.17	0,0.83,0.17
NA18571	0|0	0.31	0.69,0.31,0
NA18572	0|0	0	1,0,0
NA18573	1|0	1	0,1,0
NA18577	1|0	1.02	0,0.98,0.02
NA18579	1|1	2	0,0,1
NA18582	0|0	0	1,0,0
NA18592	1|0	1.02	0.01,0.96,0.03
NA18593	1|1	2	0,0,1
NA18603	1|0	0.95	0.05,0.95,0
NA18605	1|0	1.08	0,0.92,0.08
NA18608	0|0	0	1,0,0
NA18609	1|1	2	0,0,1
NA18611	1|0	1	0,1,0
NA18612	1|0	0.99	0.01,0.99,0
NA18620	0|1	0.99	0.01,0.99,0
NA18621	0|0	0	1,0,0
NA18622	0|0	0	1,0,0
NA18623	0|0	0	1,0,0
NA18624	1|1	1.99	0,0.01,0.99
NA18632	1|0	1	0,1,0
NA18633	1|0	0.96	0.04,0.96,0
NA18635	0|0	0	1,0,0
NA18636	0|1	1.32	0,0.68,0.32
NA18637	0|0	0.18	0.82,0.18,0
NA18940	0|1	1	0,1,0
NA18942	1|0	1.01	0,0.99,0.01
NA18943	0|0	0	1,0,0
NA18944	0|0	0	1,0,0
NA18945	0|0	0	1,0,0
NA18947	0|0	0	1,0,0
NA18948	0|0	0.35	0.65,0.35,0
NA18949	0|0	0.04	0.96,0.04,0
NA18951	0|1	1	0,1,0
NA18952	0|1	0.52	0.48,0.52,0
NA18953	0|1	1	0,1,0
NA18956	1|1	1.63	0,0.37,0.63
NA18959	1|0	1	0,1,0
NA18960	0|0	0	1,0,0
NA18961	1|1	2	0,0,1
NA18964	1|0	0.67	0.33,0.67,0
NA18965	1|0	1	0,1,0
NA18966	0|0	0.11	0.89,0.11,0
NA18967	0|0	0	1,0,0
NA18968	0|0	0	1,0,0
NA18969	1|0	1	0,1,0
NA18970	1|0	1.03	0.01,0.95,0.04
NA18971	0|0	0.02	0.98,0.02,0
NA18972	0|1	0.95	0.08,0.89,0.03
NA18973	0|0	0	1,0,0
NA18974	0|1	1.11	0,0.89,0.11
NA18975	1|0	1	0,1,0
NA18976	0|1	1	0,1,0
NA18978	0|0	0	1,0,0
NA18980	1|1	1.68	0,0.32,0.68
NA18981	0|0	0.07	0.93,0.07,0
NA18987	0|0	0	1,0,0
NA18990	0|0	0	1,0,0
NA18991	1|0	1.23	0,0.77,0.23
NA18992	0|0	0	1,0,0
NA18994	0|1	0.69	0.31,0.69,0
NA18995	1|0	1	0,1,0
NA18997	0|1	1.01	0,0.99,0.01
NA18998	0|0	0	1,0,0
NA18999	1|1	2	0,0,1
NA19000	0|1	1	0,1,0
NA19003	1|0	0.94	0.06,0.94,0
NA19005	1|0	1	0,1,0
NA19007	0|0	0.02	0.98,0.02,0
NA19012	0|0	0	1,0,0
