NA18526	0|0	0.896103,0.103794,0.000103
NA18532	0|0	1,0,0
NA18537	0|0	1,0,0
NA18542	1|0	0,1,0
NA18545	1|1	0,0.00400001,0.996
NA18547	0|1	0.00300002,0.997,0
NA18550	0|0	0.817,0.183,0
NA18552	1|1	2.39997e-05,0.013952,0.986024
NA18555	0|0	1,0,0
NA18558	0|0	1,0,0
NA18561	0|0	1,0,0
NA18562	0|0	1,0,0
NA18563	1|1	3.59998e-05,0.011928,0.988036
NA18564	1|0	0,1,0
NA18566	1|0	0.024,0.976,0
NA18570	0|0	1,0,0
NA18571	0|0	1,0,0
NA18572	0|0	0.777924,0.208152,0.013924
NA18573	0|0	1,0,0
NA18577	0|0	0.703,0.297,0
NA18579	1|0	0,1,0
NA18582	0|0	0.999,0.001,0
NA18592	0|1	0.00800002,0.992,0
NA18593	0|0	0.979,0.021,0
NA18603	0|0	1,0,0
NA18605	1|1	0,0,1
NA18606	1|1	9.99998e-05,0.0198,0.9801
NA18608	0|0	1,0,0
NA18609	0|0	1,0,0
NA18611	0|0	0.986049,0.013902,4.9e-05
NA18612	0|0	1,0,0
NA18620	0|0	1,0,0
NA18621	0|0	1,0,0
NA18622	0|0	1,0,0
NA18623	0|0	1,0,0
NA18624	0|0	1,0,0
NA18628	1|0	0.021083,0.713834,0.265083
NA18632	0|0	1,0,0
NA18633	0|0	1,0,0
NA18635	1|1	0,0,1
NA18636	0|0	1,0,0
NA18637	0|0	1,0,0
NA18647	0|0	0.998001,0.001998,1e-06
NA18940	1|1	0,0,1
NA18942	0|0	0.999,0.001,0
NA18943	1|1	0,0,1
NA18944	0|0	1,0,0
NA18945	1|1	0.000255999,0.0314879,0.968256
NA18947	1|1	0,0.000999987,0.999
NA18948	1|1	0,0,1
NA18949	0|1	0.00199997,0.998,0
NA18951	0|1	0,1,0
NA18952	1|1	3.9999e-06,0.00399195,0.996004
NA18953	0|0	1,0,0
NA18956	0|0	0.983,0.017,0
NA18959	1|1	0,0,1
NA18960	0|0	1,0,0
NA18961	1|1	0.000255999,0.0314879,0.968256
NA18964	0|0	0.997,0.003,0
NA18965	1|1	3.9999e-06,0.00399195,0.996004
NA18966	1|1	0.1936,0.4928,0.3136
NA18967	0|0	1,0,0
NA18968	0|0	1,0,0
NA18969	0|0	1,0,0
NA18970	0|0	1,0,0
NA18971	0|0	1,0,0
NA18972	1|0	0.00999999,0.99,0
NA18973	0|1	0,1,0
NA18974	0|0	1,0,0
NA18975	1|0	0,1,0
NA18976	0|0	1,0,0
NA18977	0|0	1,0,0
NA18978	0|1	0,1,0
NA18980	0|0	1,0,0
NA18981	0|0	0.999,0.001,0
NA18987	0|1	0.00199797,0.997004,0.000998
NA18990	0|0	1,0,0
NA18991	0|0	0.96,0.04,0
NA18992	1|0	0.00199997,0.998,0
NA18994	0|0	0.998001,0.001998,1e-06
NA18995	0|0	1,0,0
NA18997	0|0	1,0,0
NA18998	0|0	1,0,0
NA18999	0|0	1,0,0
NA19000	0|0	1,0,0
NA19003	0|0	0.998,0.002,0
NA19005	1|1	0,0,1
NA19007	0|0	1,0,0
NA19010	0|1	0,1,0
NA19012	0|0	1,0,0
