NA18498	0	0	1,0
NA18502	0|0	0	1,0,0
NA18505	0|0	0	1,0,0
NA18507	0	0	1,0
NA18508	1|0	1	0,1,0
NA18517	0|0	0	1,0,0
NA18519	1	1	0,1
NA18867	0|1	1	0,1,0
NA18870	0|1	1	0,1,0
NA18910	0	0	1,0
NA19092	0	0	1,0
NA19098	1	1	0,1
NA19099	1|1	2	0,0,1
NA19102	0|0	0.49	0.51,0.49,0
NA19108	1|0	1	0,1,0
NA19118	0|1	1	0,1,0
NA19119	0	0	1,0
NA19129	0|0	0	1,0,0
NA19130	1	1	0,1
NA19141	0	0	1,0
NA19146	0	0	1,0
NA19150	0	0	1,0
NA19152	0|0	0	1,0,0
NA19160	0	0	1,0
NA19171	0	0	1,0
NA19189	0	0	1,0
NA19204	0|0	0	1,0,0
NA19206	0|1	1	0,1,0
NA19207	0	0	1,0
NA19209	1|0	1	0,1,0
NA19213	0	0	1,0
NA19240	1|0	1	0,1,0
NA11829	1	1	0,1
NA11830	1|1	2	0,0,1
NA11831	1	0	0.01,0
NA11832	0|1	1	0,1,0
NA11840	1|1	2	0,0,1
NA11881	1	1	0,1
NA11994	1	1	0,1
NA11995	1|1	2	0,0,1
NA12004	0|1	1	0,1,0
NA12005	1	0	0.01,0
NA12043	1	0	0.01,0
NA12044	0|0	0	1,0,0
NA12144	1	0	0.01,0
NA12154	1	1	0,1
NA12155	1	1	0,1
NA12156	1|0	1	0,1,0
NA12234	0|0	0	1,0,0
NA12717	1|0	1	0,1,0
NA12750	1	0	0.01,0
NA12760	1	1	0,1
NA12761	0|0	0	1,0,0
NA12762	1	1	0,1
NA12763	1|0	1	0,1,0
NA12812	1	0	0.01,0
NA12813	1|1	2	0,0,1
NA12814	1	1	0,1
NA12815	1|1	2	0,0,1
NA12872	1	0	0.01,0
NA12873	0|1	1	0,1,0
NA12874	1	1	0,1
NA12878	1|1	2	0,0,1
NA18526	0|1	1.12	0,0.88,0.12
NA18537	1|1	2	0,0,1
NA18550	0|1	1.02	0,0.98,0.02
NA18555	0|1	1.17	0,0.83,0.17
NA18562	1	0	0.01,0
NA18563	1	0	0.01,0
NA18582	1|1	2	0,0,1
NA18603	1	0	0.01,0
NA18606	1	0	0.01,0
NA18621	1	0	0.01,0
NA18622	1	0.75	0.01,0.75
NA18628	1|0	1	0,1,0
NA18632	1	0.01	0.01,0.01
NA18636	1	0	0.01,0
NA18647	1	0	0.01,0
NA18942	0|0	0.01	0.99,0.01,0
NA18945	1	0	0.01,0
NA18947	1|1	2	0,0,1
NA18951	1|0	1	0,1,0
NA18952	1	0	0.01,0
NA18953	1	1	0,1
NA18956	0|0	0	1,0,0
NA18965	1	0.87	0.01,0.88
NA18970	1	0	0.01,0
NA18973	0|0	0.01	0.99,0.01,0
NA18977	1	1	0,1
NA18987	0|1	1	0,1,0
NA18990	1	0	0.01,0
NA18995	1	0	0.01,0
NA19003	1|1	2	0,0,1
NA19010	1|1	2	0,0,1
