NA06985	0|0	1,0,0
NA06994	0|0	1,0,0
NA07000	0|0	1,0,0
NA07048	0|0	1,0,0
NA07056	0|0	1,0,0
NA07348	0|0	1,0,0
NA07357	0|0	1,0,0
NA10847	0|0	1,0,0
NA10851	0|0	1,0,0
NA11829	0|0	1,0,0
NA11830	0|0	1,0,0
NA11831	0|0	1,0,0
NA11832	0|0	1,0,0
NA11840	0|0	1,0,0
NA11881	0|0	1,0,0
NA11992	0|0	1,0,0
NA11994	0|0	1,0,0
NA11995	0|0	1,0,0
NA12003	0|0	1,0,0
NA12004	0|0	1,0,0
NA12005	0|0	1,0,0
NA12006	0|0	1,0,0
NA12043	0|0	1,0,0
NA12044	0|0	1,0,0
NA12144	0|0	1,0,0
NA12154	0|0	1,0,0
NA12155	0|0	1,0,0
NA12156	0|0	1,0,0
NA12234	0|0	1,0,0
NA12249	0|0	1,0,0
NA12716	0|0	1,0,0
NA12717	0|0	1,0,0
NA12750	0|0	1,0,0
NA12751	0|0	1,0,0
NA12760	0|0	1,0,0
NA12761	0|0	1,0,0
NA12762	0|0	1,0,0
NA12812	0|0	1,0,0
NA12813	0|0	1,0,0
NA12814	0|0	1,0,0
NA12815	0|0	1,0,0
NA12872	0|0	1,0,0
NA12873	0|0	1,0,0
NA12874	0|0	1,0,0
NA12878	0|0	1,0,0
NA20502	0|0	1,0,0
NA20504	0|0	1,0,0
NA20505	0|0	1,0,0
NA20508	0|0	1,0,0
NA20509	0|0	1,0,0
NA20510	0|0	1,0,0
