NA18498	1|1	0,0,1
NA18502	1|1	0,0.099,0.901
NA18505	0|0	0.862091,0.135818,0.002091
NA18507	1|0	0,1,0
NA18508	1|0	0,1,0
NA18517	1|1	0,0.00300002,0.997
NA18519	1|1	0,0.021,0.979
NA18867	1|1	0,0.00199997,0.998
NA18870	1|0	0,0.798,0.202
NA18910	1|0	0.005,0.995,0
NA19092	0|1	0,0.997,0.003
NA19098	1|1	9.99974e-07,0.00199797,0.998001
NA19099	1|1	0,0.000999987,0.999
NA19102	0|0	0.939658,0.059684,0.000658
NA19108	1|1	0,0.00400001,0.996
NA19118	0|1	0,0.997,0.003
NA19119	1|1	0,0,1
NA19129	1|1	0,0,1
NA19130	1|1	0,0.000999987,0.999
NA19141	1|1	0,0.005,0.995
NA19146	1|1	0,0.00300002,0.997
NA19150	1|1	0.000104,0.020792,0.979104
NA19152	0|1	0.00199397,0.995012,0.002994
NA19160	1|1	0,0.033,0.967
NA19171	1|0	0.005,0.995,0
NA19189	0|0	1,0,0
NA19204	0|1	0.023,0.977,0
NA19206	1|1	0,0,1
NA19207	1|1	0,0,1
NA19209	1|1	0,0.00300002,0.997
NA19213	0|0	0.92778,0.07144,0.00078
NA19240	0|0	0.992,0.008,0
