NA11829	0|1	0.086,0.914,0
NA11830	0|0	0.998,0.002,0
NA11831	1|0	0.030938,0.967124,0.001938
NA11832	1|0	0.00270302,0.898594,0.098703
NA11840	0|1	0.00199597,0.996008,0.001996
NA11881	1|0	0.002036,0.508928,0.489036
NA11994	1|0	0.018,0.982,0
NA11995	0|0	0.998001,0.001998,1e-06
NA12004	1|1	1.19999e-05,0.012976,0.987012
NA12005	0|1	0,1,0
NA12043	0|0	0.849,0.151,0
NA12044	1|1	0.002105,0.42179,0.576105
NA12144	0|0	1,0,0
NA12154	0|0	1,0,0
NA12155	0|1	0.012,0.988,0
NA12156	1|0	0,0.664,0.336
NA12234	0|0	1,0,0
NA12717	0|0	0.984,0.016,0
NA12750	1|0	0.005,0.995,0
NA12760	0|1	0,1,0
NA12761	1|1	0.00114001,0.38072,0.61814
NA12762	0|0	0.999,0.001,0
NA12763	0|1	0.233766,0.765468,0.000766
NA12812	0|0	1,0,0
NA12813	0|0	1,0,0
NA12814	1|0	0.226252,0.764496,0.009252
NA12815	1|0	0,1,0
NA12872	0|1	0.000999987,0.999,0
NA12873	1|1	0.008224,0.272552,0.719224
NA12874	1|0	0,1,0
NA12878	0|0	1,0,0
