NA18526	1|1	0.000165,0.02567,0.974165
NA18537	0|1	0,0.999,0.001
NA18550	0|1	0.00700003,0.993,0
NA18555	1|0	0.44,0.56,0
NA18562	1|0	0,0.999,0.001
NA18563	0|0	0.938,0.062,0
NA18582	1|0	0.089,0.911,0
NA18603	1|1	5.99996e-06,0.004988,0.995006
NA18606	0|0	0.999,0.001,0
NA18621	0|1	0.483,0.517,0
NA18622	0|0	0.997002,0.002996,2e-06
NA18628	1|0	0.084,0.916,0
NA18632	0|0	1,0,0
NA18636	1|0	0,0.998,0.002
NA18647	0|0	0.524475,0.47505,0.000475
NA18942	0|0	0.999,0.001,0
NA18945	0|0	1,0,0
NA18947	0|1	0.091,0.909,0
NA18951	0|1	0.00599998,0.994,0
NA18952	1|1	0,0,1
NA18953	0|1	0.02,0.98,0
NA18956	0|0	0.871128,0.128744,0.000128
NA18965	0|1	0.010944,0.678112,0.310944
NA18970	0|0	0.788,0.212,0
NA18973	1|0	0.009,0.991,0
NA18977	1|1	0.00127801,0.426444,0.572278
NA18987	1|0	0,1,0
NA18990	0|0	0.483003,0.437994,0.079003
NA18995	1|1	0,0.000999987,0.999
NA19003	0|1	0.013,0.987,0
NA19010	0|0	0.684,0.316,0
