NA18498	0|0	0	1,0,0
NA18502	0|0	0	1,0,0
NA18505	1|1	2	0,0,1
NA18507	0|1	0.61	0.43,0.53,0.04
NA18508	0|0	0.11	0.89,0.11,0
NA18517	0|1	1	0,1,0
NA18519	0|0	0	1,0,0
NA18867	0|1	1	0,1,0
NA18870	0|1	0.89	0.11,0.89,0
NA18910	1|0	0.85	0.15,0.85,0
NA19092	0|1	1.25	0,0.75,0.25
NA19098	0|1	1	0,1,0
NA19099	0|0	0	1,0,0
NA19102	1|0	1	0,1,0
NA19108	0|1	1	0,1,0
NA19119	1|0	1	0,1,0
NA19129	0|0	0	1,0,0
NA19130	0|0	0	1,0,0
NA19141	1|1	1.76	0,0.24,0.76
NA19146	1|1	2	0,0,1
NA19150	0|0	0	1,0,0
NA19152	1|1	2	0,0,1
NA19160	0|0	0	1,0,0
NA19171	1|0	1	0,1,0
NA19189	0|0	0	1,0,0
NA19204	0|0	0.02	0.98,0.02,0
NA19206	1|0	1.27	0,0.73,0.27
NA19207	1|0	0.95	0.05,0.95,0
NA19209	0|1	0.95	0.05,0.95,0
NA19213	0|0	0	1,0,0
NA11829	0|0	0	1,0,0
NA11830	0|0	0	1,0,0
NA11831	0|0	0.42	0.58,0.42,0
NA11832	0|0	0	1,0,0
NA11840	0|0	0.17	0.83,0.17,0
NA11881	0|0	0.05	0.95,0.05,0
NA11994	0|0	0	1,0,0
NA11995	0|0	0	1,0,0
NA12004	0|0	0	1,0,0
NA12005	0|0	0	1,0,0
NA12043	0|0	0	1,0,0
NA12044	0|0	0	1,0,0
NA12144	0|0	0.08	0.92,0.08,0
NA12154	0|0	0.24	0.76,0.24,0
NA12155	0|0	0.01	0.99,0.01,0
NA12156	0|0	0	1,0,0
NA12234	0|0	0	1,0,0
NA12717	0|1	0.54	0.46,0.54,0
NA12750	0|1	1	0,1,0
NA12760	0|0	0.01	0.99,0.01,0
NA12761	0|0	0	1,0,0
NA12762	0|0	0	1,0,0
NA12763	0|0	0	1,0,0
NA12812	0|0	0	1,0,0
NA12813	0|0	0	1,0,0
NA12814	0|0	0	1,0,0
NA12815	0|0	0	1,0,0
NA12872	0|0	0	1,0,0
NA12873	0|0	0	1,0,0
NA12874	0|0	0	1,0,0
NA12878	0|0	0	1,0,0
NA18526	0|0	0	1,0,0
NA18537	0|0	0	1,0,0
NA18550	0|0	0	1,0,0
NA18555	0|0	0.34	0.66,0.34,0
NA18562	0|0	0	1,0,0
NA18563	0|0	0	1,0,0
NA18582	0|0	0	1,0,0
NA18603	0|0	0	1,0,0
NA18606	0|0	0	1,0,0
NA18621	0|0	0	1,0,0
NA18622	0|0	0	1,0,0
NA18628	0|0	0.28	0.72,0.28,0
NA18632	0|0	0	1,0,0
NA18636	0|0	0	1,0,0
NA18647	0|0	0	1,0,0
NA18942	0|0	0	1,0,0
NA18945	0|0	0.15	0.85,0.15,0
NA18947	0|0	0.41	0.59,0.41,0
NA18951	0|0	0	1,0,0
NA18952	0|0	0	1,0,0
NA18953	0|0	0	1,0,0
NA18956	0|0	0	1,0,0
NA18965	0|0	0	1,0,0
NA18970	0|0	0	1,0,0
NA18973	0|0	0	1,0,0
NA18977	0|0	0	1,0,0
NA18987	0|0	0	1,0,0
NA18990	0|0	0	1,0,0
NA18995	0|0	0.02	0.98,0.02,0
NA19003	0|0	0	1,0,0
NA19010	0|0	0	1,0,0
