NA18498	0|0	0	1,0,0
NA18502	0|0	0	1,0,0
NA18505	1|1	2	0,0,1
NA18507	0|1	0.61	0.43,0.53,0.04
NA18508	0|0	0.11	0.89,0.11,0
NA18517	0|1	1	0,1,0
NA18519	0|0	0	1,0,0
NA18867	0|1	1	0,1,0
NA18870	0|1	0.89	0.11,0.89,0
NA18910	1|0	0.85	0.15,0.85,0
NA19092	0|1	1.25	0,0.75,0.25
NA19098	0|1	1	0,1,0
NA19099	0|0	0	1,0,0
NA19102	1|0	1	0,1,0
NA19108	0|1	1	0,1,0
NA19119	1|0	1	0,1,0
NA19129	0|0	0	1,0,0
NA19130	0|0	0	1,0,0
NA19141	1|1	1.76	0,0.24,0.76
NA19146	1|1	2	0,0,1
NA19150	0|0	0	1,0,0
NA19152	1|1	2	0,0,1
NA19160	0|0	0	1,0,0
NA19171	1|0	1	0,1,0
NA19189	0|0	0	1,0,0
NA19204	0|0	0.02	0.98,0.02,0
NA19206	1|0	1.27	0,0.73,0.27
NA19207	1|0	0.95	0.05,0.95,0
NA19209	0|1	0.95	0.05,0.95,0
NA19213	0|0	0	1,0,0
