NA18526	0|0	1,0,0
NA18537	0|1	0,1,0
NA18550	0|0	1,0,0
NA18555	0|0	1,0,0
NA18562	0|0	1,0,0
NA18563	0|0	1,0,0
NA18582	0|1	0,1,0
NA18603	0|0	1,0,0
NA18606	0|0	1,0,0
NA18621	0|0	0.998001,0.001998,1e-06
NA18622	0|0	0.933156,0.065688,0.001156
NA18628	0|0	1,0,0
NA18632	0|0	1,0,0
NA18636	0|0	1,0,0
NA18647	1|1	6.40003e-05,0.015872,0.984064
NA18942	1|0	0,0.961,0.039
NA18945	0|0	1,0,0
NA18947	0|0	0.959,0.041,0
NA18951	0|0	1,0,0
NA18952	0|0	1,0,0
NA18953	0|0	1,0,0
NA18956	0|0	1,0,0
NA18965	0|0	0.948676,0.050648,0.000676
NA18970	0|0	1,0,0
NA18973	1|0	0.00300002,0.997,0
NA18977	0|0	1,0,0
NA18987	0|0	1,0,0
NA18990	1|1	0,0,1
NA18995	1|1	0,0,1
NA19003	0|0	1,0,0
NA19010	1|0	0,1,0
