NA18498	1|1	2	0,0,1
NA18502	1|1	2	0,0,1
NA18505	1|1	2	0,0,1
NA18507	1|0	1.04	0,0.96,0.04
NA18508	1|0	1	0,1,0
NA18517	1|1	2	0,0,1
NA18519	1|0	1	0,1,0
NA18867	1|0	1	0,1,0
NA18870	0|0	0	1,0,0
NA18910	0|0	0	1,0,0
NA19092	0|0	0	1,0,0
NA19098	1|0	1	0,1,0
NA19099	0|1	1	0,1,0
NA19102	1|1	2	0,0,1
NA19108	1|0	1	0,1,0
NA19118	1|0	1	0,1,0
NA19119	0|1	1	0,1,0
NA19129	0|0	0	1,0,0
NA19130	0|1	1	0,1,0
NA19141	0|1	1	0,1,0
NA19146	1|1	1.99	0,0.01,0.99
NA19150	0|1	1	0,1,0
NA19152	1|0	1	0,1,0
NA19160	1|1	2	0,0,1
NA19171	1|0	1	0,1,0
NA19189	1|0	1	0,1,0
NA19204	1|0	1	0,1,0
NA19206	1|1	2	0,0,1
NA19207	0|1	1	0,1,0
NA19209	0|1	1	0,1,0
NA19213	1|1	2	0,0,1
NA19240	1|1	2	0,0,1
NA11829	0|0	0	1,0,0
NA11830	0|0	0	1,0,0
NA11831	0|0	0	1,0,0
NA11832	1|1	2	0,0,1
NA11840	1|0	1	0,1,0
NA11881	1|0	0.99	0.01,0.99,0
NA11994	0|1	1	0,1,0
NA11995	0|1	1	0,1,0
NA12004	1|1	1.54	0,0.46,0.54
NA12005	0|0	0	1,0,0
NA12043	0|0	0	1,0,0
NA12044	0|0	0.02	0.98,0.02,0
NA12144	0|0	0	1,0,0
NA12154	1|1	2	0,0,1
NA12155	0|0	0	1,0,0
NA12156	0|0	0	1,0,0
NA12234	0|0	0	1,0,0
NA12717	0|0	0	1,0,0
NA12750	0|0	0	1,0,0
NA12760	1|0	1	0,1,0
NA12761	0|0	0	1,0,0
NA12762	0|1	1	0,1,0
NA12763	0|0	0	1,0,0
NA12812	0|0	0	1,0,0
NA12813	0|0	0	1,0,0
NA12814	0|0	0.04	0.96,0.04,0
NA12815	1|1	1.95	0,0.05,0.95
NA12872	0|0	0.07	0.93,0.07,0
NA12873	0|0	0	1,0,0
NA12874	0|0	0	1,0,0
NA18526	0|0	0	1,0,0
NA18537	0|1	1	0,1,0
NA18550	0|0	0	1,0,0
NA18555	0|0	0	1,0,0
NA18562	0|0	0	1,0,0
NA18563	0|1	1	0,1,0
NA18582	0|0	0	1,0,0
NA18603	0|0	0	1,0,0
NA18606	0|0	0	1,0,0
NA18621	1|1	2	0,0,1
NA18622	0|0	0	1,0,0
NA18628	0|0	0	1,0,0
NA18632	0|0	0	1,0,0
NA18636	0|0	0	1,0,0
NA18647	0|0	0	1,0,0
NA18942	0|0	0	1,0,0
NA18945	0|0	0	1,0,0
NA18947	0|0	0	1,0,0
NA18951	0|0	0	1,0,0
NA18952	1|0	1	0,1,0
NA18953	1|0	1	0,1,0
NA18956	0|0	0	1,0,0
NA18965	1|1	2	0,0,1
NA18970	0|0	0	1,0,0
NA18973	0|1	1	0,1,0
NA18977	0|1	1	0,1,0
NA18987	0|0	0	1,0,0
NA18990	0|0	0	1,0,0
NA18995	0|0	0	1,0,0
NA19003	0|0	0	1,0,0
NA19010	1|0	0.99	0.01,0.99,0
