NA18526	1|0	0.86	0.14,0.85,0
NA18537	1|1	1.99	0,0.01,0.99
NA18550	0|1	1.26	0.12,0.5,0.38
NA18555	1|1	1.98	0,0.02,0.98
NA18562	0|0	0	1,0,0
NA18563	0|0	0	1,0,0
NA18582	1|1	1.84	0,0.15,0.85
NA18603	0|0	0	1,0,0
NA18606	1|1	2	0,0,1
NA18621	1|1	1.67	0.03,0.28,0.7
NA18622	1|1	1.7	0.02,0.25,0.72
NA18628	1|1	1.97	0,0.03,0.97
NA18632	0|0	0	1,0,0
NA18636	0|1	0.77	0.24,0.75,0.01
NA18647	1|1	2	0,0,1
NA18942	0|1	1	0,1,0
NA18945	1|1	1.88	0,0.11,0.88
NA18947	1|0	0.96	0.04,0.96,0
NA18951	1|0	1.32	0,0.68,0.32
NA18952	1|1	2	0,0,1
NA18953	0|0	0.35	0.66,0.33,0.01
NA18956	1|0	1	0,1,0
NA18965	1|1	2	0,0,1
NA18970	1|1	2	0,0,1
NA18973	1|0	0.99	0.01,0.99,0
NA18977	1|1	1.95	0,0.05,0.95
NA18987	1|1	1.99	0,0.01,0.99
NA18990	1|1	1.87	0,0.12,0.88
NA18995	0|0	0	1,0,0
NA19003	0|0	0	1,0,0
NA19010	1|0	1	0,1,0
