NA18498	0|0	0.998,0.002,0
NA18500	0|1	0,1,0
NA18501	1|0	0,0.56,0.44
NA18502	0|0	0.996,0.004,0
NA18503	1|1	0,0.000999987,0.999
NA18504	1|0	0,0.952,0.048
NA18505	0|1	0,1,0
NA18506	0|1	0,1,0
NA18507	1|0	0,1,0
NA18508	0|0	0.779,0.221,0
NA18515	0|1	0.025,0.975,0
NA18516	0|1	0,0.869,0.131
NA18517	0|0	1,0,0
NA18519	0|0	1,0,0
NA18521	0|0	0.999,0.001,0
NA18522	0|0	1,0,0
NA18523	0|0	1,0,0
NA18852	0|0	0.998,0.002,0
NA18853	0|0	1,0,0
NA18854	0|0	1,0,0
NA18855	1|0	0,1,0
NA18856	0|0	1,0,0
NA18857	0|0	1,0,0
NA18858	0|1	0,1,0
NA18859	0|0	1,0,0
NA18860	0|0	1,0,0
NA18861	1|0	0,1,0
NA18862	0|0	0.999,0.001,0
NA18863	0|0	1,0,0
NA18867	0|0	1,0,0
NA18870	0|0	1,0,0
NA18871	0|0	1,0,0
NA18872	0|0	0.999,0.001,0
NA18910	0|1	0.000999987,0.999,0
NA18912	0|0	1,0,0
NA18913	1|0	0,1,0
NA18914	0|1	0,1,0
NA19027	0|0	0.999,0.001,0
NA19028	0|1	0.000999987,0.999,0
NA19031	0|1	0.000999987,0.999,0
NA19035	0|0	1,0,0
NA19036	0|0	1,0,0
NA19038	1|0	0,1,0
NA19041	1|1	0.000603992,0.302792,0.696604
NA19092	0|0	1,0,0
NA19093	1|0	0.000999987,0.999,0
NA19094	0|1	0,1,0
NA19098	0|0	0.998,0.002,0
NA19099	0|0	0.999,0.001,0
NA19100	0|0	0.998,0.002,0
NA19101	0|0	1,0,0
NA19102	0|0	0.919,0.081,0
NA19103	0|0	1,0,0
NA19108	1|0	0,1,0
NA19116	0|0	0.992,0.008,0
NA19118	0|0	1,0,0
NA19119	0|0	0.993,0.007,0
NA19120	0|0	1,0,0
NA19127	0|0	1,0,0
NA19128	1|0	0,1,0
NA19129	1|0	0,1,0
NA19130	1|0	0,1,0
NA19131	1|0	0,1,0
NA19132	1|1	0,0,1
NA19137	1|0	0,1,0
NA19138	0|0	1,0,0
NA19139	1|0	0,1,0
NA19140	0|0	1,0,0
NA19141	0|1	0.000998987,0.998002,0.000999
NA19142	0|1	0,1,0
NA19143	1|0	0,1,0
NA19144	0|1	0,1,0
NA19145	0|1	0,1,0
NA19146	0|0	1,0,0
NA19150	1|0	0.000999987,0.999,0
NA19152	0|0	1,0,0
NA19153	1|1	0,0.032,0.968
NA19154	0|1	0,1,0
NA19159	0|1	0.10879,0.88142,0.00979
NA19160	0|0	1,0,0
NA19161	0|0	0.998,0.002,0
NA19171	0|0	1,0,0
NA19172	0|0	1,0,0
NA19173	0|0	1,0,0
NA19189	1|0	0,0.999,0.001
NA19200	0|0	1,0,0
NA19201	0|0	1,0,0
NA19202	0|0	0.998,0.002,0
NA19203	0|0	0.999,0.001,0
NA19204	1|0	0,1,0
NA19205	0|0	1,0,0
NA19206	0|0	1,0,0
NA19207	0|0	0.993,0.007,0
NA19208	0|0	0.996003,0.003994,3e-06
NA19209	0|0	0.998,0.002,0
NA19210	0|0	0.988,0.012,0
NA19211	0|0	1,0,0
NA19213	0|1	0,1,0
NA19221	0|0	0.999,0.001,0
NA19222	0|0	1,0,0
NA19223	0|0	1,0,0
NA19238	0|1	0,1,0
NA19239	1|1	0,0.00300002,0.997
NA19240	1|1	0,0.009,0.991
NA19307	0|0	0.997,0.003,0
NA19308	1|0	0.00199997,0.998,0
NA19309	0|1	0,0.998,0.002
NA19310	1|1	0,0,1
NA19314	0|1	0,0.997,0.003
NA19315	1|1	9.99986e-06,0.01098,0.98901
NA19316	0|1	0,1,0
NA19317	0|1	0,1,0
NA19319	1|0	0,1,0
NA19321	1|0	0,1,0
NA19324	0|0	0.991014,0.008972,1.4e-05
NA19327	0|0	1,0,0
NA19328	0|0	0.986013,0.013974,1.3e-05
NA19332	0|0	0.998,0.002,0
NA19334	0|0	1,0,0
NA19346	1|0	0.00174198,0.869516,0.128742
NA19347	1|1	0,0,1
NA19350	0|0	0.999,0.001,0
NA19360	0|1	0,0.998,0.002
NA19372	0|1	0.495008,0.500984,0.004008
NA19374	1|0	0.00400001,0.996,0
NA19375	1|1	2.99998e-06,0.00399401,0.996003
NA19376	1|1	0,0.018,0.982
NA19377	0|1	0.344,0.656,0
NA19379	0|0	0.998,0.002,0
NA19380	0|1	0,1,0
NA19384	0|1	0.056,0.944,0
NA19385	0|1	0.00199997,0.998,0
NA19390	0|0	0.998,0.002,0
NA19391	0|0	0.987,0.013,0
NA19393	0|1	0.017,0.983,0
NA19394	1|0	0,0.562,0.438
NA19397	0|0	1,0,0
NA19399	1|1	0,0,1
NA19403	0|0	1,0,0
NA19404	0|0	1,0,0
NA19428	0|1	0,0.998,0.002
NA19429	1|0	0,1,0
NA19430	1|0	0.000999987,0.999,0
NA19431	1|0	0,0.998,0.002
NA19434	0|0	1,0,0
NA19435	1|0	0,0.999,0.001
NA19436	0|0	0.997,0.003,0
NA19437	0|0	0.771,0.229,0
NA19438	1|0	0.000999987,0.999,0
NA19439	0|0	0.991,0.009,0
NA19440	1|0	0.00598798,0.992024,0.001988
NA19443	1|1	0,0,1
NA19445	0|0	0.999,0.001,0
NA19446	1|0	0.00199997,0.998,0
NA19448	0|1	0.005,0.995,0
NA19449	0|1	0,1,0
NA19451	1|1	0,0,1
NA19452	1|0	0,1,0
NA19455	0|1	0,0.98,0.02
NA19456	1|0	0,1,0
NA19457	0|0	0.973,0.027,0
NA19462	0|1	0.000999987,0.999,0
NA19463	1|1	0,0,1
NA19466	0|0	1,0,0
NA19467	0|0	0.998,0.002,0
NA19468	0|0	0.997,0.003,0
NA19471	0|0	0.996,0.004,0
NA19472	1|1	0,0.00199997,0.998
NA19473	1|0	0,1,0
NA19474	1|0	0.000999987,0.999,0
