NA18498	1	1	0,1
NA18502	1|1	1.67	0,0.33,0.67
NA18505	1|1	2	0,0,1
NA18507	1	1	0,1
NA18508	1|1	2	0,0,1
NA18517	1|1	1.51	0.01,0.47,0.52
NA18519	1	0	0.01,0
NA18858	0|0	0	1,0,0
NA18861	0|0	0.08	0.92,0.08,0
NA18867	1|1	2	0,0,1
NA18870	0|1	1.29	0,0.71,0.29
NA18910	1	0	0.01,0
NA18912	1|0	1.01	0,0.99,0.01
NA19092	1	0	0.01,0
NA19093	0|1	1	0,1,0
NA19098	1	0.81	0.01,0.81
NA19099	0|1	1	0,1,0
NA19102	0|1	1	0,1,0
NA19108	1|1	2	0,0,1
NA19116	0|0	0.01	0.99,0.01,0
NA19118	1|0	1	0,1,0
NA19119	1	0	0.01,0
NA19129	0|1	1	0,1,0
NA19130	1	0	0.01,0
NA19131	1|1	2	0,0,1
NA19137	1|1	2	0,0,1
NA19138	1	1	0,1
NA19141	1	0	0.01,0
NA19143	1|0	1.01	0,0.99,0.01
NA19144	1	0.35	0.01,0.36
NA19146	1	0	0.01,0
NA19150	1	0	0.01,0
NA19152	0|0	0	1,0,0
NA19153	1	0	0.01,0
NA19159	0|1	1	0,1,0
NA19160	1	0	0.01,0
NA19171	1	0	0.01,0
NA19172	1|0	1.01	0,0.99,0.01
NA19189	1	0	0.01,0
NA19200	1	0	0.01,0
NA19201	0|0	0.32	0.68,0.32,0
NA19204	0|1	0.53	0.47,0.53,0
NA19206	1|1	2	0,0,1
NA19207	1	0.26	0.01,0.27
NA19209	1|1	2	0,0,1
NA19210	1	1	0,1
NA19213	1	0	0.01,0
NA19222	1|0	0.61	0.39,0.61,0
NA19223	1	0	0.01,0
NA19240	0|0	0.44	0.61,0.34,0.05
