NA18526	0|1	1.04	0,0.96,0.04
NA18537	1|0	1.36	0,0.64,0.36
NA18550	1|1	1.59	0.03,0.34,0.63
NA18555	1|1	1.98	0,0.02,0.98
NA18562	0|0	0	1,0,0
NA18563	0|0	0.06	0.94,0.06,0
NA18582	1|1	1.65	0,0.35,0.65
NA18603	0|0	0.01	0.99,0.01,0
NA18606	1|1	1.99	0,0.01,0.99
NA18621	1|1	1.15	0.18,0.49,0.33
NA18622	1|1	2	0,0,1
NA18628	1|1	1.93	0,0.07,0.93
NA18632	0|0	0	1,0,0
NA18636	0|0	0.35	0.67,0.32,0.01
NA18647	1|1	2	0,0,1
NA18942	0|1	1	0,1,0
NA18945	1|1	1.66	0.03,0.28,0.69
NA18947	0|1	0.56	0.45,0.54,0.01
NA18951	1|1	2	0,0,1
NA18952	1|1	2	0,0,1
NA18953	0|0	0.16	0.84,0.16,0
NA18956	1|0	1	0,1,0
NA18965	1|1	2	0,0,1
NA18970	1|1	2	0,0,1
NA18973	1|0	0.98	0.02,0.98,0
NA18977	1|1	1.92	0,0.08,0.92
NA18987	1|1	1.99	0,0.01,0.99
NA18990	1|1	1.96	0,0.04,0.96
NA18995	0|0	0	1,0,0
NA19003	0|0	0.04	0.96,0.04,0
NA19010	1|0	1.02	0,0.98,0.02
