NA11829	0|0	0.43	0.57,0.43,0
NA11830	1|0	1	0,1,0
NA11831	0|0	0	1,0,0
NA11832	1|1	2	0,0,1
NA11840	0|0	0	1,0,0
NA11881	0|0	0	1,0,0
NA11994	0|0	0	1,0,0
NA11995	1|0	1	0,1,0
NA12004	1|0	1	0,1,0
NA12005	1|1	2	0,0,1
NA12043	1|1	2	0,0,1
NA12044	1|0	0.96	0.04,0.96,0
NA12144	1|1	2	0,0,1
NA12154	0|0	0	1,0,0
NA12155	0|0	0	1,0,0
NA12156	0|0	0	1,0,0
NA12234	0|0	0	1,0,0
NA12717	1|1	1.95	0,0.05,0.95
NA12750	0|0	0	1,0,0
NA12760	0|0	0	1,0,0
NA12761	1|0	1	0,1,0
NA12762	1|1	1.73	0.01,0.25,0.74
NA12763	0|0	0	1,0,0
NA12812	1|1	2	0,0,1
NA12813	0|0	0	1,0,0
NA12814	0|0	0	1,0,0
NA12815	1|0	1	0,1,0
NA12872	0|0	0	1,0,0
NA12873	0|0	0	1,0,0
NA12874	1|1	2	0,0,1
NA12878	0|0	0.08	0.92,0.08,0
