NA06985	1|1	0,0,1
NA06991	1|1	0,0,1
NA06993	1|1	0,0,1
NA06994	1|1	0,0.00400001,0.996
NA07000	1|1	0,0.00400001,0.996
NA07019	1|1	0,0,1
NA07022	1|1	0,0.00199997,0.998
NA07029	1|1	0,0.00199997,0.998
NA07034	1|1	0,0.00400001,0.996
NA07048	1|1	0,0,1
NA07055	1|1	0,0,1
NA07056	1|1	0,0,1
NA07345	1|1	0,0,1
NA07348	1|1	0,0,1
NA07357	1|1	0,0.00400001,0.996
NA10830	1|1	0,0.00199997,0.998
NA10831	1|0	0,1,0
NA10835	1|1	0,0,1
NA10838	1|1	0,0,1
NA10839	1|1	0,0,1
NA10846	1|1	0,0.000999987,0.999
NA10847	1|1	0,0,1
NA10851	1|1	0,0,1
NA10854	1|1	0,0,1
NA10855	1|1	0,0,1
NA10856	1|1	0,0,1
NA10857	1|1	0,0,1
NA10859	1|1	0,0,1
NA10860	1|1	0,0,1
NA10861	1|1	0,0,1
NA10863	1|1	0,0.000999987,0.999
NA11829	1|1	0,0,1
NA11830	1|1	0,0,1
NA11831	1|1	0,0,1
NA11832	1|1	0,0,1
NA11839	1|1	0,0.00599998,0.994
NA11840	1|1	0,0,1
NA11881	0|1	0,1,0
NA11882	1|1	0,0,1
NA11992	1|1	0,0.005,0.995
NA11993	0|1	0.000646992,0.646706,0.352647
NA11994	1|1	0,0.000999987,0.999
NA11995	1|1	0,0,1
NA12003	1|1	0,0,1
NA12004	1|1	0,0.00199997,0.998
NA12005	1|1	0,0.00199997,0.998
NA12006	1|1	0,0,1
NA12043	1|1	0,0.00599998,0.994
NA12044	1|1	0,0,1
NA12056	1|1	0,0.000999987,0.999
NA12057	1|1	0,0.028,0.972
NA12144	1|1	0,0,1
NA12145	1|1	0,0,1
NA12146	1|1	0,0.00599998,0.994
NA12154	1|1	0,0,1
NA12155	1|1	0,0.00700003,0.993
NA12156	1|0	0.00800002,0.992,0
NA12234	1|1	0,0,1
NA12236	1|1	0,0.00999999,0.99
NA12239	1|1	0,0.00199997,0.998
NA12248	1|1	0,0.013,0.987
NA12249	1|1	0,0,1
NA12264	1|1	0,0,1
NA12707	1|1	0,0,1
NA12716	1|1	0,0,1
NA12717	1|1	0,0.00400001,0.996
NA12740	1|1	0,0,1
NA12750	1|1	0,0.00599998,0.994
NA12751	1|1	0,0.00300002,0.997
NA12752	1|1	0,0.00300002,0.997
NA12753	1|1	0,0,1
NA12760	1|1	0,0.00599998,0.994
NA12761	1|1	0,0.000999987,0.999
NA12762	1|1	0,0,1
NA12763	1|1	0,0.012,0.988
NA12801	1|1	0,0,1
NA12802	1|1	0,0,1
NA12812	1|1	0,0,1
NA12813	1|1	0,0.00700003,0.993
NA12814	1|1	0,0.000999987,0.999
NA12815	1|1	0,0.000999987,0.999
NA12864	1|1	0,0.000999987,0.999
NA12865	1|1	0,0,1
NA12872	1|1	0,0.02,0.98
NA12873	1|1	0,0.00400001,0.996
NA12874	1|1	0,0,1
NA12875	1|1	0,0,1
NA12878	1|1	0,0,1
NA12891	1|1	0,0,1
NA12892	1|1	0,0,1
NA20502	1|1	4.99993e-06,0.00598998,0.994005
NA20504	1|1	0,0.00300002,0.997
NA20505	1|1	0,0.03,0.97
NA20506	1|1	0,0,1
NA20508	1|1	0.000168001,0.030664,0.969168
NA20509	1|1	1.50001e-05,0.00797002,0.992015
NA20510	1|1	0,0.00400001,0.996
NA20512	1|1	0,0.00199997,0.998
NA20515	1|1	0.000117,0.021766,0.978117
NA20516	1|1	6.19992e-05,0.032876,0.967062
NA20517	1|1	0,0.00199997,0.998
NA20518	1|1	0,0.00599998,0.994
NA20519	1|1	0,0.00199997,0.998
NA20520	1|1	9.99974e-07,0.00199797,0.998001
NA20521	1|1	0,0.00199997,0.998
NA20522	1|0	0.00199997,0.998,0
NA20524	1|1	0,0,1
NA20525	1|1	0,0.00199997,0.998
NA20527	1|0	0,0.997,0.003
NA20528	1|1	1.80001e-05,0.008964,0.991018
NA20529	1|1	0,0.017,0.983
NA20530	1|1	0,0.00199997,0.998
NA20531	1|1	0,0.000999987,0.999
NA20534	1|1	0,0.00599998,0.994
NA20535	1|1	0,0.00199997,0.998
NA20538	1|1	0,0.00199997,0.998
NA20539	0|1	0,0.999,0.001
NA20540	1|1	4.99993e-06,0.00598998,0.994005
NA20541	1|1	6.4e-05,0.019872,0.980064
NA20542	1|1	7.20002e-05,0.016856,0.983072
NA20543	1|1	2.09998e-05,0.021958,0.978021
NA20544	1|1	4.99993e-06,0.00598998,0.994005
NA20581	1|1	0,0.005,0.995
NA20582	1|1	0,0.00599998,0.994
NA20585	1|1	2.4e-05,0.00995199,0.990024
NA20586	1|1	0,0.00199997,0.998
NA20588	1|1	4.99993e-06,0.00598998,0.994005
NA20589	1|0	0.00397601,0.990048,0.005976
NA20752	1|1	0,0.000999987,0.999
NA20753	1|1	0,0.013,0.987
NA20754	1|1	2.99999e-05,0.01094,0.98903
NA20755	1|1	9.99974e-07,0.00199797,0.998001
NA20756	1|1	0,0,1
NA20757	1|1	0,0.00199997,0.998
NA20758	1|1	9.99974e-07,0.00199797,0.998001
NA20759	1|1	0,0,1
NA20760	0|1	0,0.997,0.003
NA20761	1|1	1.20001e-05,0.00697603,0.993012
NA20765	1|1	3.90003e-05,0.015922,0.984039
NA20766	1|1	0,0.023,0.977
NA20768	1|1	0,0.027,0.973
NA20769	1|1	0,0.00599998,0.994
NA20770	1|1	1.60001e-05,0.00796802,0.992016
NA20771	1|1	0,0.011,0.989
NA20772	1|1	0,0.00199997,0.998
NA20773	1|1	0,0.00400001,0.996
NA20774	1|1	4.99993e-06,0.00598998,0.994005
NA20778	1|1	3.99996e-06,0.004992,0.995004
NA20783	1|1	6.90005e-05,0.025862,0.974069
NA20785	1|1	3.50001e-05,0.01193,0.988035
NA20786	1|1	2.80002e-05,0.010944,0.989028
NA20787	1|1	0,0.00599998,0.994
NA20790	1|1	0.000162,0.026676,0.973162
NA20792	1|1	0,0.00300002,0.997
NA20795	1|1	0,0.000999987,0.999
NA20796	1|1	0,0.00599998,0.994
NA20797	1|1	0,0.00400001,0.996
NA20798	1|1	0,0.005,0.995
NA20799	1|1	3.20001e-05,0.011936,0.988032
NA20800	1|1	0,0,1
NA20801	1|0	0.00198197,0.989036,0.008982
NA20802	1|1	0,0.00700003,0.993
NA20803	1|1	0,0.00400001,0.996
NA20804	1|1	0,0.00300002,0.997
NA20805	1|0	0.00294002,0.97712,0.01994
NA20806	1|1	2.10002e-05,0.00995805,0.990021
NA20808	1|1	0.000252,0.036496,0.963252
NA20809	1|1	0,0,1
NA20810	1|1	0,0.00800002,0.992
NA20811	1|1	0,0,1
NA20812	1|1	0,0.00400001,0.996
NA20813	1|1	0,0.00800002,0.992
NA20815	1|1	0,0.000999987,0.999
NA20818	1|1	5.99991e-06,0.00698797,0.993006
NA20819	1|1	1.09998e-05,0.011978,0.988011
NA20826	1|1	0,0.000999987,0.999
NA20828	1|1	3.99996e-06,0.004992,0.995004
