NA18526	1|1	0,0.013,0.987
NA18532	1|1	1.99995e-06,0.00299596,0.997002
NA18537	1|1	2.40002e-05,0.010952,0.989024
NA18542	1|1	3.99994e-05,0.02192,0.97804
NA18545	1|1	0,0,1
NA18547	1|1	0,0.00599998,0.994
NA18550	1|1	0,0.00300002,0.997
NA18552	1|1	1.80001e-05,0.008964,0.991018
NA18555	1|1	0,0.005,0.995
NA18558	1|1	0,0.000999987,0.999
NA18561	1|1	0,0.00400001,0.996
NA18562	1|1	0,0.00199997,0.998
NA18563	1|1	0,0.000999987,0.999
NA18564	1|1	0,0.000999987,0.999
NA18566	1|1	0,0.00199997,0.998
NA18570	1|1	0,0.044,0.956
NA18571	1|1	0,0.015,0.985
NA18572	1|1	3.19995e-05,0.0179359,0.982032
NA18573	1|1	0,0.00400001,0.996
NA18577	1|1	0,0,1
NA18579	1|1	0,0.00300002,0.997
NA18582	1|1	1.99995e-06,0.00299596,0.997002
NA18592	1|1	0,0.025,0.975
NA18593	1|1	4.99993e-06,0.00598998,0.994005
NA18603	1|1	2.80002e-05,0.010944,0.989028
NA18605	1|1	0,0.00400001,0.996
NA18608	1|1	1.99997e-05,0.02096,0.97902
NA18609	1|1	0,0.00300002,0.997
NA18611	1|1	1.50001e-05,0.00797002,0.992015
NA18612	1|1	0,0.014,0.986
NA18620	1|1	3.90003e-05,0.015922,0.984039
NA18621	1|1	0,0.000999987,0.999
NA18622	1|1	0,0.022,0.978
NA18623	1|1	0,0.005,0.995
NA18624	1|1	3.00002e-05,0.01294,0.98703
NA18632	1|1	0,0.015,0.985
NA18633	1|1	1.99995e-06,0.00299596,0.997002
NA18635	1|1	0.000378,0.050244,0.949378
NA18636	1|1	4.90004e-05,0.0139021,0.986049
NA18637	1|1	0,0.017,0.983
NA18940	1|1	0,0,1
NA18942	1|1	0,0.017,0.983
NA18943	1|1	0,0.005,0.995
NA18944	1|1	9.99974e-07,0.00199797,0.998001
NA18945	1|1	0.000204001,0.028592,0.971204
NA18947	1|1	1.09998e-05,0.011978,0.988011
NA18948	1|1	0,0.00400001,0.996
NA18949	1|1	0,0,1
NA18951	1|1	0,0.00199997,0.998
NA18952	1|1	7.50005e-05,0.02785,0.972075
NA18953	1|1	0,0.00199997,0.998
NA18956	1|1	3.99996e-06,0.004992,0.995004
NA18959	1|1	0,0,1
NA18960	1|1	5.99996e-06,0.004988,0.995006
NA18961	1|1	0,0.053,0.947
NA18964	1|1	0,0.000999987,0.999
NA18965	1|1	0,0.00400001,0.996
NA18966	1|1	0,0.000999987,0.999
NA18967	1|1	0,0.031,0.969
NA18968	1|1	0,0.009,0.991
NA18969	1|1	1.80001e-05,0.008964,0.991018
NA18970	1|1	0,0.00599998,0.994
NA18971	1|1	0.000144001,0.050712,0.949144
NA18972	1|1	0,0.011,0.989
NA18973	1|1	0,0.000999987,0.999
NA18974	1|1	0,0.014,0.986
NA18975	1|1	8.99989e-06,0.00998199,0.990009
NA18976	1|1	0,0,1
NA18978	1|1	0,0.012,0.988
NA18980	1|1	0.000399999,0.0402,0.9594
NA18981	1|1	0,0.013,0.987
NA18987	1|1	0,0.00300002,0.997
NA18990	1|1	0,0.009,0.991
NA18991	1|0	0.007911,0.872178,0.119911
NA18992	0|1	0,0.994,0.006
NA18994	1|1	0,0.000999987,0.999
NA18995	1|1	1.49998e-05,0.01597,0.984015
NA18997	1|1	0,0.00300002,0.997
NA18998	1|0	0,0.991,0.009
NA18999	1|1	0,0.009,0.991
NA19000	1|1	0,0.005,0.995
NA19003	1|1	0,0.009,0.991
NA19005	1|1	0,0.005,0.995
NA19007	1|1	0,0.00599998,0.994
NA19012	1|1	0,0.046,0.954
