NA18498	0|0	1,0,0
NA18502	1|1	4.4e-05,0.014912,0.985044
NA18505	1|0	0.00199997,0.998,0
NA18507	0|0	1,0,0
NA18508	1|1	0,0,1
NA18517	0|1	0,1,0
NA18519	1|1	0,0,1
NA18858	0|0	1,0,0
NA18861	0|0	1,0,0
NA18867	1|0	0.00199997,0.998,0
NA18870	1|0	0,0.999,0.001
NA18910	1|1	0,0,1
NA18912	0|0	0.95,0.05,0
NA19092	1|1	0,0,1
NA19093	0|1	0,1,0
NA19098	1|1	0.086436,0.415128,0.498436
NA19099	0|1	0,1,0
NA19102	0|1	0.00199997,0.998,0
NA19108	1|1	0,0.00700003,0.993
NA19116	1|0	0,1,0
NA19118	1|0	0,1,0
NA19119	0|0	0.664225,0.30155,0.034225
NA19129	1|0	0,1,0
NA19130	1|1	3.9999e-06,0.00399195,0.996004
NA19131	1|1	9.99974e-07,0.00199797,0.998001
NA19137	1|1	0,0.000999987,0.999
NA19138	1|1	3.9999e-06,0.00399195,0.996004
NA19141	1|1	0,0,1
NA19143	1|1	0.000305996,0.306388,0.693306
NA19144	0|0	1,0,0
NA19146	1|1	0,0,1
NA19150	1|1	2.5e-05,0.00994999,0.990025
NA19152	0|0	1,0,0
NA19153	1|1	2.5e-05,0.00994999,0.990025
NA19159	1|0	0.000998987,0.998002,0.000999
NA19160	1|1	0,0,1
NA19171	1|1	0,0,1
NA19172	1|0	0,1,0
NA19189	1|1	0,0,1
NA19200	1|1	9.99974e-07,0.00199797,0.998001
NA19201	0|0	0.86,0.14,0
NA19204	1|0	0.00146798,0.733064,0.265468
NA19206	1|1	0,0.000999987,0.999
NA19207	0|0	0.508369,0.409262,0.082369
NA19209	1|1	0,0,1
NA19210	0|0	1,0,0
NA19213	1|1	0,0,1
NA19222	1|0	0,1,0
NA19223	1|1	0,0,1
NA19240	1|1	0.000599999,0.0478,0.9516
NA06985	0|1	0.08,0.92,0
NA06994	0|0	1,0,0
NA07000	0|1	0,1,0
NA07048	1|1	1.60001e-05,0.00796802,0.992016
NA07056	1|0	0,1,0
NA07357	1|1	0,0,1
NA10847	1|0	0.00400001,0.996,0
NA10851	0|0	1,0,0
NA11829	0|0	1,0,0
NA11830	0|0	1,0,0
NA11831	0|0	1,0,0
NA11832	0|0	1,0,0
NA11840	0|0	1,0,0
NA11881	0|0	1,0,0
NA11992	1|1	0,0,1
NA11994	1|1	0,0,1
NA11995	0|0	1,0,0
NA12003	1|1	0.001089,0.063822,0.935089
NA12004	1|0	0,1,0
NA12005	1|1	0,0,1
NA12006	1|1	0,0,1
NA12043	0|0	1,0,0
NA12044	1|0	0,1,0
NA12144	1|1	0,0,1
NA12154	0|0	1,0,0
NA12155	0|0	1,0,0
NA12156	0|0	1,0,0
NA12234	0|1	0,1,0
NA12249	0|1	0,1,0
NA12716	0|0	1,0,0
NA12717	0|0	0.998001,0.001998,1e-06
NA12750	1|1	0,0,1
NA12751	0|0	1,0,0
NA12760	0|0	1,0,0
NA12761	1|0	0.00373201,0.929536,0.066732
NA12762	0|0	0.998001,0.001998,1e-06
NA12763	0|1	0.301,0.699,0
NA12812	1|1	0,0,1
NA12813	0|1	0.00400001,0.996,0
NA12814	0|0	0.418609,0.456782,0.124609
NA12815	0|0	1,0,0
NA12872	0|0	0.762129,0.221742,0.016129
NA12873	1|0	0.000999987,0.999,0
NA12874	1|1	0,0,1
NA12878	0|0	1,0,0
NA20502	1|0	0,1,0
NA20504	0|0	1,0,0
NA20505	1|0	0,1,0
NA20506	1|1	0,0,1
NA20508	0|0	0.903,0.097,0
NA20509	0|0	0.998001,0.001998,1e-06
NA20510	0|0	1,0,0
NA20512	1|1	0,0,1
NA20515	1|1	0,0,1
NA20516	1|1	3.59998e-05,0.011928,0.988036
NA20517	0|0	0.932,0.068,0
NA20518	0|0	1,0,0
NA20519	1|1	0,0,1
NA20520	0|0	1,0,0
NA20521	1|1	0,0,1
NA20522	1|1	0,0.018,0.982
NA20524	1|1	8.10001e-05,0.017838,0.982081
NA20525	0|0	1,0,0
NA20527	1|1	0,0,1
NA20528	0|0	1,0,0
NA20529	1|1	6.99994e-06,0.00798602,0.992007
NA20530	0|1	0.101,0.899,0
NA20531	1|0	0.09306,0.85288,0.05406
NA20534	0|0	0.998001,0.001998,1e-06
NA20535	0|0	1,0,0
NA20538	0|0	1,0,0
NA20539	0|0	0.998001,0.001998,1e-06
NA20540	0|0	1,0,0
NA20541	1|1	0,0,1
NA20542	0|0	0.999,0.001,0
NA20543	0|0	1,0,0
NA20544	0|0	1,0,0
NA20581	0|0	1,0,0
NA20582	0|0	0.999,0.001,0
NA20585	0|1	0.00599998,0.994,0
NA20586	0|0	1,0,0
NA20588	0|0	1,0,0
NA20589	1|1	0,0.00300002,0.997
NA20752	0|0	0.252004,0.499992,0.248004
NA20753	0|0	1,0,0
NA20754	0|0	0.978121,0.021758,0.000121
NA20755	0|0	1,0,0
NA20756	1|1	0.000196997,0.197606,0.802197
NA20757	0|0	1,0,0
NA20758	1|1	0.001225,0.06755,0.931225
NA20759	0|0	1,0,0
NA20760	0|1	0,0.99,0.01
NA20761	0|0	1,0,0
NA20765	0|0	0.9801,0.0198,0.0001
NA20766	0|0	0.804,0.196,0
NA20768	0|0	1,0,0
NA20769	0|0	1,0,0
NA20770	0|0	1,0,0
NA20771	1|0	0.009,0.991,0
NA20772	0|0	1,0,0
NA20773	1|1	0,0,1
NA20774	0|1	0.042,0.958,0
NA20775	1|1	0,0.000999987,0.999
NA20778	0|0	1,0,0
NA20783	0|0	1,0,0
NA20785	1|1	9.99974e-07,0.00199797,0.998001
NA20786	0|0	1,0,0
NA20787	1|1	9.99974e-07,0.00199797,0.998001
NA20790	0|0	1,0,0
NA20792	0|0	0.9801,0.0198,0.0001
NA20795	0|0	1,0,0
NA20796	1|1	0,0,1
NA20797	0|0	0.913,0.087,0
NA20798	1|1	0,0,1
NA20799	1|0	0.019734,0.879532,0.100734
NA20800	0|1	0.052,0.948,0
NA20801	1|1	0.01,0.18,0.81
NA20802	1|0	0.005,0.995,0
NA20803	0|0	0.998001,0.001998,1e-06
NA20804	1|0	0,1,0
NA20805	0|0	1,0,0
NA20806	0|0	1,0,0
NA20807	0|0	1,0,0
NA20808	1|0	0.00184198,0.919316,0.078842
NA20809	0|0	1,0,0
NA20810	0|0	1,0,0
NA20811	0|0	1,0,0
NA20812	0|0	1,0,0
NA20813	0|0	0.989,0.011,0
NA20815	0|0	1,0,0
NA20818	1|0	0.00199997,0.998,0
NA20819	0|0	1,0,0
NA20826	0|0	1,0,0
NA20828	0|1	0.000999987,0.999,0
NA18526	0|0	0.833,0.167,0
NA18532	0|1	0,1,0
NA18537	0|0	0.999,0.001,0
NA18547	0|1	0.044,0.956,0
NA18550	0|1	0.2,0.8,0
NA18555	0|0	0.969,0.031,0
NA18561	0|0	1,0,0
NA18562	1|1	3.9999e-06,0.00399195,0.996004
NA18563	0|0	0.996004,0.003992,4e-06
NA18566	0|0	1,0,0
NA18577	0|0	1,0,0
NA18582	1|1	0.002637,0.296726,0.700637
NA18603	0|0	1,0,0
NA18605	0|0	1,0,0
NA18606	0|0	1,0,0
NA18621	1|1	0,0,1
NA18622	0|0	1,0,0
NA18628	1|1	0,0.02,0.98
NA18632	0|0	0.998001,0.001998,1e-06
NA18636	0|0	1,0,0
NA18647	0|0	1,0,0
NA18942	0|0	1,0,0
NA18943	0|0	1,0,0
NA18945	0|0	1,0,0
NA18947	0|1	0,1,0
NA18949	1|0	0.5,0.5,0
NA18951	0|1	0.005,0.995,0
NA18952	1|1	0,0,1
NA18953	0|0	0.998001,0.001998,1e-06
NA18956	0|0	1,0,0
NA18964	0|0	0.665,0.335,0
NA18965	1|1	0,0,1
NA18970	0|0	0.998001,0.001998,1e-06
NA18973	0|0	0.997,0.003,0
NA18974	0|0	1,0,0
NA18977	0|0	1,0,0
NA18980	0|0	1,0,0
NA18987	0|0	1,0,0
NA18990	0|0	1,0,0
NA18994	0|0	1,0,0
NA18995	0|0	1,0,0
NA19000	0|0	1,0,0
NA19003	1|0	0.097,0.903,0
NA19010	0|0	0.882,0.118,0
