NA18498	1|0	1	0,1,0
NA18502	0|0	0.24	0.76,0.24,0
NA18505	1|0	1.44	0.03,0.5,0.47
NA18507	0|1	1.13	0,0.87,0.13
NA18508	1|0	0.95	0.05,0.95,0
NA18517	1|1	2	0,0,1
NA18519	1|0	1.46	0.02,0.51,0.48
NA18867	1|1	2	0,0,1
NA18870	0|1	0.86	0.14,0.86,0
NA18910	0|1	1	0,1,0
NA19092	1|1	1.66	0,0.34,0.66
NA19098	0|1	1.38	0.02,0.59,0.39
NA19099	0|0	0	1,0,0
NA19102	1|1	2	0,0,1
NA19108	1|1	1.67	0.02,0.29,0.69
NA19118	0|1	1	0,1,0
NA19119	0|1	1.22	0,0.78,0.22
NA19129	0|1	0.69	0.31,0.69,0
NA19130	0|1	0.95	0.05,0.95,0
NA19141	1|0	0.84	0.16,0.84,0
NA19146	0|1	1.01	0,0.99,0.01
NA19150	1|1	1.81	0,0.19,0.81
NA19152	1|1	2	0,0,1
NA19160	0|1	1.11	0,0.89,0.11
NA19171	0|0	0	1,0,0
NA19189	0|0	0	1,0,0
NA19204	0|1	0.99	0.01,0.99,0
NA19206	1|1	1.88	0,0.12,0.88
NA19207	1|1	1.89	0,0.11,0.89
NA19209	1|0	0.98	0.02,0.98,0
NA19213	0|1	1	0,1,0
NA19240	1|0	1	0,1,0
NA11829	0|0	0.37	0.66,0.32,0.02
NA11830	0|0	0.52	0.54,0.39,0.07
NA11831	0|1	0.74	0.3,0.67,0.04
NA11832	0|0	0.12	0.88,0.11,0
NA11840	1|1	1.91	0,0.09,0.91
NA11881	1|1	1.84	0,0.15,0.85
NA11994	0|0	0.07	0.93,0.07,0
NA11995	1|0	1.28	0,0.72,0.28
NA12004	0|0	0.34	0.66,0.34,0
NA12005	1|0	0.59	0.45,0.51,0.04
NA12043	0|0	0.08	0.92,0.08,0
NA12044	0|0	0.06	0.94,0.06,0
NA12144	0|0	0.12	0.88,0.12,0
NA12154	0|0	0.14	0.86,0.14,0
NA12155	0|1	0.99	0.16,0.69,0.15
NA12156	1|1	1.54	0,0.45,0.54
NA12234	0|0	0.48	0.53,0.46,0.01
NA12717	0|0	0.02	0.98,0.02,0
NA12750	0|1	0.76	0.32,0.61,0.08
NA12760	1|0	0.61	0.43,0.54,0.03
NA12762	0|0	0.76	0.39,0.47,0.14
NA12763	1|1	1.42	0.05,0.48,0.47
NA12812	0|0	0.24	0.76,0.23,0.01
NA12813	0|0	0.14	0.86,0.13,0.01
NA12814	0|0	0.05	0.95,0.05,0
NA12815	1|0	1.12	0.01,0.87,0.13
NA12872	0|0	0.18	0.83,0.16,0.01
NA12873	1|0	1.07	0,0.93,0.07
NA12874	0|0	0.11	0.9,0.1,0
NA12878	0|0	0.07	0.93,0.07,0
NA18526	1|0	1.16	0.03,0.79,0.19
NA18537	1|1	1.87	0,0.13,0.87
NA18550	0|0	0.35	0.68,0.29,0.03
NA18555	1|1	1.53	0.02,0.43,0.55
NA18562	1|1	1.8	0.01,0.18,0.81
NA18563	1|1	1.98	0,0.02,0.98
NA18582	1|1	1.74	0.01,0.24,0.75
NA18603	1|1	1.9	0,0.1,0.9
NA18606	0|1	1.3	0.02,0.66,0.32
NA18621	1|0	0.93	0.19,0.7,0.11
NA18622	1|1	1.89	0,0.11,0.89
NA18628	1|1	1.93	0,0.07,0.93
NA18632	1|1	1.95	0,0.05,0.95
NA18636	1|1	1.83	0.01,0.16,0.84
NA18647	1|1	1.86	0,0.14,0.86
NA18942	1|1	1.72	0.02,0.25,0.74
NA18945	1|1	1.52	0,0.48,0.52
NA18947	1|1	1.89	0,0.11,0.89
NA18951	1|1	1.6	0.04,0.32,0.64
NA18952	0|1	1.47	0,0.53,0.47
NA18953	1|1	1.45	0.03,0.49,0.48
NA18956	1|1	2	0,0,1
NA18965	1|1	1.87	0,0.12,0.88
NA18970	1|1	1.52	0.04,0.39,0.57
NA18973	1|0	0.97	0.27,0.5,0.23
NA18977	1|1	1.88	0,0.11,0.89
NA18987	0|1	1.07	0.06,0.8,0.13
NA18990	1|0	1.29	0.04,0.64,0.32
NA18995	1|1	1.85	0.01,0.14,0.86
NA19003	1|1	1.64	0.02,0.32,0.66
NA19010	1|1	1.88	0,0.12,0.88
