NA06985	1|0	0,1,0
NA06991	1|0	0,1,0
NA06993	1|0	0,1,0
NA06994	0|0	1,0,0
NA07000	0|1	0.00297602,0.989048,0.007976
NA07022	0|0	1,0,0
NA07048	1|1	2.10002e-05,0.00995805,0.990021
NA07056	1|0	0,1,0
NA07345	0|1	0.00800002,0.992,0
NA07348	0|0	1,0,0
NA07357	0|0	1,0,0
NA10830	1|1	0,0.013,0.987
NA10835	0|0	0.996,0.004,0
NA10838	1|1	0,0.000999987,0.999
NA10839	1|0	0,1,0
NA10847	0|1	0.00800002,0.992,0
NA10851	1|1	0,0,1
NA10857	0|1	0,1,0
NA10859	0|1	0.00700003,0.993,0
NA10860	1|0	0,1,0
NA11829	1|0	0,1,0
NA11830	1|1	0,0.00700003,0.993
NA11831	1|1	0,0.005,0.995
NA11832	0|0	1,0,0
NA11840	1|1	0,0,1
NA11881	0|0	1,0,0
NA11992	1|1	0,0.00199997,0.998
NA11994	1|1	0,0.00400001,0.996
NA11995	0|0	1,0,0
NA12003	0|1	0,1,0
NA12004	1|1	0,0.00199997,0.998
NA12005	1|0	0,1,0
NA12006	0|0	1,0,0
NA12043	1|0	0,1,0
NA12044	0|1	0,1,0
NA12056	1|0	0,1,0
NA12144	0|1	0,1,0
NA12145	1|1	1.09998e-05,0.011978,0.988011
NA12146	0|0	0.996,0.004,0
NA12154	1|1	0,0,1
NA12155	1|1	5.99991e-06,0.00698797,0.993006
NA12156	0|0	1,0,0
