NA18498	1|0	1	0,1,0
NA18502	1|1	1.77	0.01,0.21,0.78
NA18505	1|1	1.6	0.01,0.39,0.6
NA18507	0|1	1.23	0,0.77,0.23
NA18508	1|0	0.99	0.01,0.99,0
NA18517	1|1	2	0,0,1
NA18519	1|0	1.34	0,0.66,0.34
NA18867	1|1	2	0,0,1
NA18870	1|1	1.98	0,0.02,0.98
NA18910	0|1	1	0,1,0
NA19092	1|1	1.83	0,0.17,0.83
NA19098	0|1	1.22	0.01,0.77,0.22
NA19099	0|0	0.09	0.91,0.09,0
NA19102	0|1	1.14	0,0.86,0.14
NA19108	0|1	0.77	0.37,0.48,0.15
NA19118	0|1	1	0,1,0
NA19119	0|0	0.43	0.57,0.42,0.01
NA19129	0|0	0.45	0.55,0.45,0
NA19130	0|1	1	0.04,0.93,0.03
NA19141	1|0	1.49	0,0.51,0.49
NA19146	0|1	1.01	0,0.99,0.01
NA19150	1|1	1.75	0,0.24,0.76
NA19152	1|1	2	0,0,1
NA19160	0|1	1.04	0,0.96,0.04
NA19171	1|0	0.93	0.09,0.9,0.01
NA19189	0|1	1	0,1,0
NA19204	0|1	0.57	0.43,0.57,0
NA19206	1|1	2	0,0,1
NA19207	1|1	1.95	0,0.05,0.95
NA19209	1|0	0.99	0.01,0.99,0
NA19213	0|1	1.02	0,0.98,0.02
NA19240	1|0	0.87	0.14,0.85,0.01
NA11829	0|0	0.32	0.69,0.31,0
NA11830	1|0	0.69	0.37,0.56,0.07
NA11831	0|1	0.91	0.18,0.72,0.1
NA11832	0|0	0.09	0.91,0.08,0.01
NA11840	1|1	1.89	0,0.11,0.89
NA11881	1|1	1.73	0.01,0.26,0.73
NA11994	0|0	0.24	0.76,0.24,0
NA11995	1|1	1.77	0.01,0.22,0.77
NA12004	0|1	0.88	0.12,0.88,0
NA12005	1|0	1.09	0.1,0.7,0.2
NA12043	0|0	0.45	0.58,0.39,0.03
NA12044	0|0	0.35	0.65,0.35,0
NA12144	0|0	0.06	0.94,0.06,0
NA12154	0|0	0.33	0.67,0.33,0
NA12155	1|0	0.93	0.16,0.76,0.08
NA12156	1|0	1.22	0.05,0.68,0.27
NA12234	1|0	0.66	0.38,0.59,0.03
NA12717	0|0	0.03	0.97,0.03,0
NA12750	0|1	0.93	0.13,0.82,0.05
NA12760	0|0	0.46	0.57,0.42,0.01
NA12762	0|0	0.41	0.6,0.39,0.01
NA12763	1|0	1.31	0.05,0.58,0.37
NA12812	0|0	0.2	0.8,0.2,0
NA12813	0|0	0.11	0.89,0.11,0
NA12814	0|0	0.03	0.97,0.03,0
NA12815	1|0	1.29	0.01,0.69,0.3
NA12872	1|0	1.09	0.09,0.73,0.18
NA12873	1|0	1.21	0,0.79,0.21
NA12874	0|0	0.08	0.92,0.08,0
NA12878	0|0	0.02	0.98,0.02,0
NA18526	1|1	1.71	0,0.28,0.72
NA18537	1|1	1.73	0,0.27,0.73
NA18550	1|0	1	0.13,0.75,0.12
NA18555	0|1	0.69	0.38,0.54,0.08
NA18562	1|1	1.73	0.01,0.25,0.74
NA18563	1|1	1.97	0,0.03,0.97
NA18582	1|1	1.86	0.01,0.13,0.86
NA18603	1|1	1.89	0,0.11,0.89
NA18606	1|1	1.75	0.01,0.24,0.75
NA18621	1|0	0.91	0.21,0.67,0.12
NA18622	1|1	1.93	0,0.07,0.93
NA18628	1|1	1.81	0,0.19,0.81
NA18632	1|1	1.92	0,0.08,0.92
NA18636	1|1	1.89	0.01,0.1,0.89
NA18647	1|1	1.88	0,0.12,0.88
NA18942	1|1	1.69	0.02,0.28,0.7
NA18945	1|1	1.63	0,0.37,0.63
NA18947	1|1	1.93	0,0.07,0.93
NA18951	1|1	1.82	0.01,0.16,0.83
NA18952	1|1	1.78	0,0.21,0.79
NA18953	1|1	1.5	0.02,0.47,0.51
NA18956	1|1	1.92	0,0.08,0.92
NA18965	1|1	1.92	0,0.08,0.92
NA18970	1|1	1.88	0,0.11,0.89
NA18973	1|1	1.65	0.03,0.29,0.68
NA18977	1|1	1.77	0.01,0.2,0.79
NA18987	1|1	1.56	0.02,0.39,0.59
NA18990	1|1	1.67	0.01,0.32,0.67
NA18995	1|1	1.62	0.02,0.35,0.63
NA19003	1|0	1.22	0.14,0.49,0.37
NA19010	1|1	1.9	0,0.1,0.9
