NA06985	0|0	0.999,0.001,0
NA06991	0|0	1,0,0
NA06993	0|1	0.00199997,0.998,0
NA06994	0|0	0.999,0.001,0
NA07000	1|0	0,1,0
NA07019	0|0	1,0,0
NA07022	0|1	0.005,0.995,0
NA07029	1|0	0.00199997,0.998,0
NA07034	0|0	1,0,0
NA07048	0|1	0,1,0
NA07055	1|0	0,1,0
NA07056	1|0	0.000999987,0.999,0
NA07345	1|1	0,0.00199997,0.998
NA07348	1|0	0,1,0
NA07357	0|1	0.005,0.995,0
NA10830	1|1	0,0,1
NA10831	0|0	1,0,0
NA10835	1|1	0,0,1
NA10838	0|0	1,0,0
NA10839	1|0	0,1,0
NA10846	1|1	0,0,1
NA10847	1|1	0,0,1
NA10851	1|1	0,0,1
NA10854	1|1	0,0,1
NA10855	0|1	0,1,0
NA10856	1|0	0,1,0
NA10857	1|0	0,1,0
NA10859	1|0	0,1,0
NA10860	1|1	0,0,1
NA10861	0|1	0.000999987,0.999,0
NA10863	1|1	0,0,1
NA11829	1|1	0,0,1
NA11830	0|0	1,0,0
NA11831	1|1	0,0.00599998,0.994
NA11832	1|0	0,1,0
NA11839	1|1	0,0.00599998,0.994
NA11840	0|1	0,1,0
NA11881	1|1	0,0,1
NA11882	1|0	0.000999987,0.999,0
NA11992	1|1	0,0.011,0.989
NA11993	1|1	0,0,1
NA11994	0|1	0,1,0
NA11995	1|1	0,0.000999987,0.999
NA12003	0|1	0,1,0
NA12004	0|0	0.998,0.002,0
NA12005	1|1	0,0.009,0.991
NA12006	0|0	1,0,0
NA12043	1|0	0,0.997,0.003
NA12044	0|0	0.998,0.002,0
NA12056	1|0	0,1,0
NA12057	1|0	0,1,0
NA12144	1|1	0,0.000999987,0.999
NA12145	1|0	0,0.999,0.001
NA12146	0|1	0,1,0
NA12154	1|1	0,0.00400001,0.996
NA12155	1|0	0.037,0.963,0
NA12156	0|1	0,1,0
NA12234	1|1	0,0,1
NA12236	1|1	0,0.00300002,0.997
NA12239	1|1	0,0.000999987,0.999
NA12248	1|1	0,0.064,0.936
NA12249	1|1	0,0.000999987,0.999
NA12264	0|1	0,1,0
NA12707	0|0	1,0,0
NA12716	0|1	0.005,0.995,0
NA12717	1|0	0.046,0.954,0
NA12740	0|0	1,0,0
NA12750	0|0	1,0,0
NA12751	0|1	0,1,0
NA12752	0|1	0,1,0
NA12753	1|1	0,0,1
NA12760	1|0	0,1,0
NA12761	1|1	0,0.005,0.995
NA12762	1|1	0,0,1
NA12763	1|0	0,0.999,0.001
NA12801	0|1	0,1,0
NA12802	1|1	0,0,1
NA12812	0|1	0.000999987,0.999,0
NA12813	1|1	0,0,1
NA12814	1|1	0,0.043,0.957
NA12815	1|0	0,1,0
NA12864	1|1	0,0,1
NA12865	0|1	0,1,0
NA12872	1|1	0,0.00199997,0.998
NA12873	1|1	0,0,1
NA12874	0|1	0,1,0
NA12875	0|1	0,1,0
NA12878	1|1	0,0,1
NA12891	0|1	0,0.995,0.005
NA12892	1|1	0,0.017,0.983
NA20502	0|1	0.021,0.979,0
NA20504	1|1	2.4e-05,0.00995199,0.990024
NA20505	1|1	3.99996e-06,0.004992,0.995004
NA20506	1|0	0.017,0.983,0
NA20508	1|1	5.99998e-05,0.01588,0.98406
NA20509	1|1	0,0.005,0.995
NA20510	1|0	0.00199997,0.998,0
NA20512	0|1	0.017,0.983,0
NA20515	1|0	0.00299102,0.994018,0.002991
NA20516	0|1	0,1,0
NA20517	1|0	0.000998987,0.998002,0.000999
NA20518	1|1	1.79998e-05,0.010964,0.989018
NA20519	1|1	2.4e-05,0.00995199,0.990024
NA20520	1|1	4.20001e-05,0.012916,0.987042
NA20521	1|0	0.00700003,0.993,0
NA20522	0|0	1,0,0
NA20524	0|1	0.00599998,0.994,0
NA20525	0|1	0,0.865,0.135
NA20527	0|0	1,0,0
NA20528	1|1	0,0.016,0.984
NA20529	1|1	0.000192,0.031616,0.968192
NA20530	1|1	9.99974e-07,0.00199797,0.998001
NA20531	1|1	0,0.005,0.995
NA20534	1|1	1.99995e-06,0.00299596,0.997002
NA20535	1|0	0.014,0.986,0
NA20538	1|0	0.00199597,0.996008,0.001996
NA20539	1|1	0,0.029,0.971
NA20540	1|1	6.99994e-06,0.00798602,0.992007
NA20541	0|1	0.000996987,0.996006,0.002997
NA20542	1|1	1.99997e-05,0.01196,0.98802
NA20543	0|1	0.000999987,0.999,0
NA20544	0|1	0.00399601,0.995008,0.000996
NA20581	1|1	0,0,1
NA20582	1|1	2.29997e-05,0.023954,0.976023
NA20585	0|1	0.000999987,0.999,0
NA20586	0|0	1,0,0
NA20588	1|0	0.000996987,0.996006,0.002997
NA20589	0|1	0.000999987,0.999,0
NA20752	1|0	0.00798402,0.990032,0.001984
NA20753	1|1	0,0.000999987,0.999
NA20754	1|0	0.046953,0.952094,0.000953
NA20755	1|0	0.000999987,0.999,0
NA20756	0|0	0.999,0.001,0
NA20757	0|1	0.00674103,0.956518,0.036741
NA20758	1|0	0.00599398,0.993012,0.000994
NA20759	0|1	0.012,0.988,0
NA20760	1|1	2.5e-05,0.00994999,0.990025
NA20761	1|1	0.000644003,0.097712,0.901644
NA20765	1|1	0.00252,0.17796,0.81952
NA20766	0|1	0.009,0.991,0
NA20768	1|0	0,1,0
NA20769	1|1	2.40002e-05,0.010952,0.989024
NA20770	0|1	0.00300002,0.997,0
NA20771	1|0	0.00400001,0.996,0
NA20772	0|0	1,0,0
NA20773	0|0	1,0,0
NA20774	1|1	3.9999e-06,0.00399195,0.996004
NA20778	0|1	0.00797602,0.989048,0.002976
NA20783	0|1	0,0.999,0.001
NA20785	0|1	0.00799202,0.991016,0.000992
NA20786	0|1	0,1,0
NA20787	0|1	0.00299402,0.995012,0.001994
NA20790	1|0	0.004995,0.99401,0.000995
NA20792	0|1	0.005,0.995,0
NA20795	1|1	0,0.035,0.965
NA20796	1|1	0,0.028,0.972
NA20797	0|1	0.00400001,0.996,0
NA20798	0|0	1,0,0
NA20799	1|1	0,0.00300002,0.997
NA20800	1|0	0.000999987,0.999,0
NA20801	1|0	0.000999987,0.999,0
NA20802	1|1	0,0,1
NA20803	1|0	0.466533,0.532934,0.000533
NA20804	1|1	0,0,1
NA20805	1|0	0,0.999,0.001
NA20806	1|1	1.09998e-05,0.011978,0.988011
NA20807	1|1	0,0.00400001,0.996
NA20808	0|0	1,0,0
NA20809	1|0	0.00700003,0.993,0
NA20810	1|1	0,0,1
NA20811	0|1	0.012948,0.983104,0.003948
NA20812	0|1	0.00999999,0.99,0
NA20813	0|1	0,1,0
NA20815	1|1	0,0,1
NA20818	1|0	0.039,0.961,0
NA20819	1|1	0,0.011,0.989
NA20826	1|0	0.00400001,0.996,0
NA20828	1|1	0.000102001,0.036796,0.963102
