NA18498	1|0	0,1,0
NA18500	0|0	1,0,0
NA18501	1|0	0,1,0
NA18502	0|0	0.999,0.001,0
NA18503	0|0	1,0,0
NA18504	0|0	1,0,0
NA18505	0|0	1,0,0
NA18506	0|0	1,0,0
NA18507	0|0	1,0,0
NA18508	0|0	1,0,0
NA18515	0|1	0,1,0
NA18516	0|0	0.999,0.001,0
NA18517	1|0	0,1,0
NA18519	0|0	1,0,0
NA18521	0|0	1,0,0
NA18522	0|0	1,0,0
NA18523	0|0	1,0,0
NA18852	1|0	0.000999987,0.999,0
NA18853	0|0	1,0,0
NA18854	0|0	1,0,0
NA18855	0|0	1,0,0
NA18856	0|0	1,0,0
NA18857	0|0	1,0,0
NA18858	1|1	0,0,1
NA18859	0|1	0,1,0
NA18860	1|1	0,0,1
NA18861	0|0	0.998,0.002,0
NA18862	0|0	1,0,0
NA18863	0|0	1,0,0
NA18867	0|0	0.998,0.002,0
NA18870	1|1	0,0,1
NA18871	0|0	1,0,0
NA18872	0|1	0,1,0
NA18910	1|0	0,1,0
NA18912	0|1	0.00300002,0.997,0
NA18913	0|0	1,0,0
NA18914	0|0	1,0,0
NA19027	1|1	0,0,1
NA19028	0|0	1,0,0
NA19031	0|0	1,0,0
NA19035	0|0	1,0,0
NA19036	0|0	1,0,0
NA19038	0|0	1,0,0
NA19041	0|0	0.999,0.001,0
NA19092	1|0	0,1,0
NA19093	0|0	1,0,0
NA19094	0|1	0,1,0
NA19098	0|0	0.996,0.004,0
NA19099	0|0	1,0,0
NA19100	0|0	1,0,0
NA19101	1|0	0,0.997,0.003
NA19102	0|0	1,0,0
NA19103	1|0	0,1,0
NA19108	0|0	1,0,0
NA19116	1|0	0,0.845,0.155
NA19118	0|1	0.012987,0.986026,0.000987
NA19119	0|0	0.999,0.001,0
NA19120	1|0	0,1,0
NA19127	0|1	0,1,0
NA19128	0|0	1,0,0
NA19129	0|0	1,0,0
NA19130	0|0	1,0,0
NA19131	0|0	0.996,0.004,0
NA19132	0|0	1,0,0
NA19137	0|0	1,0,0
NA19138	1|1	0,0,1
NA19139	1|0	0,1,0
NA19140	0|0	1,0,0
NA19141	0|0	1,0,0
NA19142	0|0	1,0,0
NA19143	0|0	1,0,0
NA19144	0|0	0.999,0.001,0
NA19145	0|0	1,0,0
NA19146	0|0	1,0,0
NA19150	0|0	0.999,0.001,0
NA19152	0|0	1,0,0
NA19153	0|0	1,0,0
NA19154	0|0	1,0,0
NA19159	0|1	0,1,0
NA19160	0|0	1,0,0
NA19161	1|0	0,1,0
NA19171	0|1	0,1,0
NA19172	0|0	1,0,0
NA19173	0|1	0,1,0
NA19189	0|0	1,0,0
NA19200	0|0	1,0,0
NA19201	0|0	1,0,0
NA19202	0|0	1,0,0
NA19203	0|0	1,0,0
NA19204	0|0	0.999,0.001,0
NA19205	0|0	1,0,0
NA19206	0|0	1,0,0
NA19207	0|0	1,0,0
NA19208	0|0	1,0,0
NA19209	1|0	0,1,0
NA19210	0|0	1,0,0
NA19211	0|1	0,1,0
NA19213	0|0	1,0,0
NA19221	0|0	1,0,0
NA19222	0|0	1,0,0
NA19223	0|0	1,0,0
NA19238	0|0	1,0,0
NA19239	0|1	0,1,0
NA19240	1|0	0,1,0
NA19307	1|0	0.000999987,0.999,0
NA19308	0|0	1,0,0
NA19309	0|0	1,0,0
NA19310	0|0	1,0,0
NA19314	0|0	0.998,0.002,0
NA19315	0|0	1,0,0
NA19316	0|0	1,0,0
NA19317	1|0	0.011988,0.987024,0.000988
NA19318	1|0	0.00299702,0.996006,0.000997
NA19319	0|0	1,0,0
NA19321	0|0	1,0,0
NA19324	0|0	1,0,0
NA19327	0|0	0.997,0.003,0
NA19328	0|0	0.999,0.001,0
NA19332	1|0	0.000999987,0.999,0
NA19334	0|1	0.121756,0.876488,0.001756
NA19346	0|0	1,0,0
NA19347	0|0	1,0,0
NA19350	0|1	0.000999987,0.999,0
NA19360	0|0	0.999,0.001,0
NA19372	1|0	0,1,0
NA19374	0|0	0.98,0.02,0
NA19375	1|0	0.000999987,0.999,0
NA19376	0|1	0,1,0
NA19377	0|0	1,0,0
NA19379	0|0	0.999,0.001,0
NA19380	0|0	0.999,0.001,0
NA19384	0|0	0.992,0.008,0
NA19385	0|0	1,0,0
NA19390	0|0	1,0,0
NA19391	1|0	0.005,0.995,0
NA19393	0|0	1,0,0
NA19394	0|0	1,0,0
NA19397	1|0	0.000993987,0.993012,0.005994
NA19399	1|0	0,1,0
NA19403	0|1	0,1,0
NA19404	0|0	1,0,0
NA19428	1|0	0,0.998,0.002
NA19429	0|0	1,0,0
NA19430	0|0	0.999,0.001,0
NA19431	0|0	0.99301,0.00698,1e-05
NA19434	0|0	1,0,0
NA19435	0|0	0.997,0.003,0
NA19436	1|0	0,0.999,0.001
NA19437	0|1	0,1,0
NA19438	1|1	0,0.00199997,0.998
NA19439	0|1	0.000999987,0.999,0
NA19440	0|0	1,0,0
NA19443	1|0	0,1,0
NA19445	0|0	0.999,0.001,0
NA19446	0|1	0,1,0
NA19448	0|0	0.995,0.005,0
NA19449	0|0	1,0,0
NA19451	0|0	1,0,0
NA19452	0|0	0.999,0.001,0
NA19455	0|0	1,0,0
NA19456	0|0	1,0,0
NA19457	0|0	1,0,0
NA19462	1|0	0,0.999,0.001
NA19463	1|1	5.99996e-06,0.004988,0.995006
NA19466	0|0	1,0,0
NA19467	0|1	0,1,0
NA19468	0|0	1,0,0
NA19471	0|0	0.999,0.001,0
NA19472	0|1	0.00199997,0.998,0
NA19473	0|0	1,0,0
NA19474	0|0	0.998,0.002,0
NA06985	0|0	0.999,0.001,0
NA06991	0|0	1,0,0
NA06993	0|1	0.00199997,0.998,0
NA06994	0|0	0.999,0.001,0
NA07000	1|0	0,1,0
NA07019	0|0	1,0,0
NA07022	0|1	0.005,0.995,0
NA07029	1|0	0.00199997,0.998,0
NA07034	0|0	1,0,0
NA07048	0|1	0,1,0
NA07055	1|0	0,1,0
NA07056	1|0	0.000999987,0.999,0
NA07345	1|1	0,0.00199997,0.998
NA07348	1|0	0,1,0
NA07357	0|1	0.005,0.995,0
NA10830	1|1	0,0,1
NA10831	0|0	1,0,0
NA10835	1|1	0,0,1
NA10838	0|0	1,0,0
NA10839	1|0	0,1,0
NA10846	1|1	0,0,1
NA10847	1|1	0,0,1
NA10851	1|1	0,0,1
NA10854	1|1	0,0,1
NA10855	0|1	0,1,0
NA10856	1|0	0,1,0
NA10857	1|0	0,1,0
NA10859	1|0	0,1,0
NA10860	1|1	0,0,1
NA10861	0|1	0.000999987,0.999,0
NA10863	1|1	0,0,1
NA11829	1|1	0,0,1
NA11830	0|0	1,0,0
NA11831	1|1	0,0.00599998,0.994
NA11832	1|0	0,1,0
NA11839	1|1	0,0.00599998,0.994
NA11840	0|1	0,1,0
NA11881	1|1	0,0,1
NA11882	1|0	0.000999987,0.999,0
NA11992	1|1	0,0.011,0.989
NA11993	1|1	0,0,1
NA11994	0|1	0,1,0
NA11995	1|1	0,0.000999987,0.999
NA12003	0|1	0,1,0
NA12004	0|0	0.998,0.002,0
NA12005	1|1	0,0.009,0.991
NA12006	0|0	1,0,0
NA12043	1|0	0,0.997,0.003
NA12044	0|0	0.998,0.002,0
NA12056	1|0	0,1,0
NA12057	1|0	0,1,0
NA12144	1|1	0,0.000999987,0.999
NA12145	1|0	0,0.999,0.001
NA12146	0|1	0,1,0
NA12154	1|1	0,0.00400001,0.996
NA12155	1|0	0.037,0.963,0
NA12156	0|1	0,1,0
NA12234	1|1	0,0,1
NA12236	1|1	0,0.00300002,0.997
NA12239	1|1	0,0.000999987,0.999
NA12248	1|1	0,0.064,0.936
NA12249	1|1	0,0.000999987,0.999
NA12264	0|1	0,1,0
NA12707	0|0	1,0,0
NA12716	0|1	0.005,0.995,0
NA12717	1|0	0.046,0.954,0
NA12740	0|0	1,0,0
NA12750	0|0	1,0,0
NA12751	0|1	0,1,0
NA12752	0|1	0,1,0
NA12753	1|1	0,0,1
NA12760	1|0	0,1,0
NA12761	1|1	0,0.005,0.995
NA12762	1|1	0,0,1
NA12763	1|0	0,0.999,0.001
NA12801	0|1	0,1,0
NA12802	1|1	0,0,1
NA12812	0|1	0.000999987,0.999,0
NA12813	1|1	0,0,1
NA12814	1|1	0,0.043,0.957
NA12815	1|0	0,1,0
NA12864	1|1	0,0,1
NA12865	0|1	0,1,0
NA12872	1|1	0,0.00199997,0.998
NA12873	1|1	0,0,1
NA12874	0|1	0,1,0
NA12875	0|1	0,1,0
NA12878	1|1	0,0,1
NA12891	0|1	0,0.995,0.005
NA12892	1|1	0,0.017,0.983
NA20502	0|1	0.021,0.979,0
NA20504	1|1	2.4e-05,0.00995199,0.990024
NA20505	1|1	3.99996e-06,0.004992,0.995004
NA20506	1|0	0.017,0.983,0
NA20508	1|1	5.99998e-05,0.01588,0.98406
NA20509	1|1	0,0.005,0.995
NA20510	1|0	0.00199997,0.998,0
NA20512	0|1	0.017,0.983,0
NA20515	1|0	0.00299102,0.994018,0.002991
NA20516	0|1	0,1,0
NA20517	1|0	0.000998987,0.998002,0.000999
NA20518	1|1	1.79998e-05,0.010964,0.989018
NA20519	1|1	2.4e-05,0.00995199,0.990024
NA20520	1|1	4.20001e-05,0.012916,0.987042
NA20521	1|0	0.00700003,0.993,0
NA20522	0|0	1,0,0
NA20524	0|1	0.00599998,0.994,0
NA20525	0|1	0,0.865,0.135
NA20527	0|0	1,0,0
NA20528	1|1	0,0.016,0.984
NA20529	1|1	0.000192,0.031616,0.968192
NA20530	1|1	9.99974e-07,0.00199797,0.998001
NA20531	1|1	0,0.005,0.995
NA20534	1|1	1.99995e-06,0.00299596,0.997002
NA20535	1|0	0.014,0.986,0
NA20538	1|0	0.00199597,0.996008,0.001996
NA20539	1|1	0,0.029,0.971
NA20540	1|1	6.99994e-06,0.00798602,0.992007
NA20541	0|1	0.000996987,0.996006,0.002997
NA20542	1|1	1.99997e-05,0.01196,0.98802
NA20543	0|1	0.000999987,0.999,0
NA20544	0|1	0.00399601,0.995008,0.000996
NA20581	1|1	0,0,1
NA20582	1|1	2.29997e-05,0.023954,0.976023
NA20585	0|1	0.000999987,0.999,0
NA20586	0|0	1,0,0
NA20588	1|0	0.000996987,0.996006,0.002997
NA20589	0|1	0.000999987,0.999,0
NA20752	1|0	0.00798402,0.990032,0.001984
NA20753	1|1	0,0.000999987,0.999
NA20754	1|0	0.046953,0.952094,0.000953
NA20755	1|0	0.000999987,0.999,0
NA20756	0|0	0.999,0.001,0
NA20757	0|1	0.00674103,0.956518,0.036741
NA20758	1|0	0.00599398,0.993012,0.000994
NA20759	0|1	0.012,0.988,0
NA20760	1|1	2.5e-05,0.00994999,0.990025
NA20761	1|1	0.000644003,0.097712,0.901644
NA20765	1|1	0.00252,0.17796,0.81952
NA20766	0|1	0.009,0.991,0
NA20768	1|0	0,1,0
NA20769	1|1	2.40002e-05,0.010952,0.989024
NA20770	0|1	0.00300002,0.997,0
NA20771	1|0	0.00400001,0.996,0
NA20772	0|0	1,0,0
NA20773	0|0	1,0,0
NA20774	1|1	3.9999e-06,0.00399195,0.996004
NA20778	0|1	0.00797602,0.989048,0.002976
NA20783	0|1	0,0.999,0.001
NA20785	0|1	0.00799202,0.991016,0.000992
NA20786	0|1	0,1,0
NA20787	0|1	0.00299402,0.995012,0.001994
NA20790	1|0	0.004995,0.99401,0.000995
NA20792	0|1	0.005,0.995,0
NA20795	1|1	0,0.035,0.965
NA20796	1|1	0,0.028,0.972
NA20797	0|1	0.00400001,0.996,0
NA20798	0|0	1,0,0
NA20799	1|1	0,0.00300002,0.997
NA20800	1|0	0.000999987,0.999,0
NA20801	1|0	0.000999987,0.999,0
NA20802	1|1	0,0,1
NA20803	1|0	0.466533,0.532934,0.000533
NA20804	1|1	0,0,1
NA20805	1|0	0,0.999,0.001
NA20806	1|1	1.09998e-05,0.011978,0.988011
NA20807	1|1	0,0.00400001,0.996
NA20808	0|0	1,0,0
NA20809	1|0	0.00700003,0.993,0
NA20810	1|1	0,0,1
NA20811	0|1	0.012948,0.983104,0.003948
NA20812	0|1	0.00999999,0.99,0
NA20813	0|1	0,1,0
NA20815	1|1	0,0,1
NA20818	1|0	0.039,0.961,0
NA20819	1|1	0,0.011,0.989
NA20826	1|0	0.00400001,0.996,0
NA20828	1|1	0.000102001,0.036796,0.963102
NA18526	1|1	0,0.031,0.969
NA18532	1|1	3.60001e-05,0.012928,0.987036
NA18537	1|1	2.09998e-05,0.021958,0.978021
NA18542	1|1	0,0,1
NA18545	0|1	0.023,0.977,0
NA18547	1|1	4.99999e-05,0.0149,0.98505
NA18550	1|1	2.99998e-06,0.00399401,0.996003
NA18552	1|0	0.00400001,0.996,0
NA18555	0|0	0.987,0.013,0
NA18558	1|1	0,0.00300002,0.997
NA18561	1|1	0,0,1
NA18562	1|1	6.19992e-05,0.032876,0.967062
NA18563	0|1	0.00700003,0.993,0
NA18564	1|1	0,0.00400001,0.996
NA18566	1|1	0.000794999,0.06641,0.932795
NA18570	1|1	2.10002e-05,0.00995805,0.990021
NA18571	0|1	0.00999999,0.99,0
NA18572	1|1	9.99974e-07,0.00199797,0.998001
NA18573	1|1	0.000528001,0.0549441,0.944528
NA18577	1|1	2.10002e-05,0.00995805,0.990021
NA18579	1|0	0.00800002,0.992,0
NA18582	1|1	6.30003e-05,0.015874,0.984063
NA18592	1|0	0.009,0.991,0
NA18593	1|1	1.59998e-05,0.016968,0.983016
NA18603	1|1	0,0.009,0.991
NA18605	1|1	9.99986e-06,0.01098,0.98901
NA18608	1|0	0.00300002,0.997,0
NA18609	1|1	0.00014,0.02372,0.97614
NA18611	1|0	0,0.997,0.003
NA18612	1|1	0,0.00599998,0.994
NA18620	1|1	0.000208,0.028584,0.971208
NA18621	1|1	8.10006e-05,0.029838,0.970081
NA18622	1|1	5.99998e-05,0.01588,0.98406
NA18623	1|1	1.89997e-05,0.019962,0.980019
NA18624	1|1	0.000369,0.049262,0.950369
NA18632	1|0	0.022,0.978,0
NA18633	1|1	0,0.00300002,0.997
NA18635	1|0	0,0.98,0.02
NA18636	1|1	0.000525,0.04895,0.950525
NA18637	1|1	0,0.00400001,0.996
NA18940	0|1	0.024,0.976,0
NA18942	1|1	0,0.00700003,0.993
NA18943	1|1	0,0.00400001,0.996
NA18944	1|1	3.99996e-06,0.004992,0.995004
NA18945	0|0	1,0,0
NA18947	1|0	0.00999999,0.99,0
NA18948	1|1	0,0.000999987,0.999
NA18949	1|0	0.01494,0.98112,0.00394
NA18951	0|1	0,0.984,0.016
NA18952	1|0	0,0.997,0.003
NA18953	1|1	0.000756,0.058488,0.940756
NA18956	1|0	0.022954,0.975092,0.001954
NA18959	1|1	0,0.019,0.981
NA18960	0|1	0.00698603,0.991028,0.001986
NA18961	1|1	5.99996e-06,0.004988,0.995006
NA18964	1|1	0,0.00300002,0.997
NA18965	1|0	0.011988,0.987024,0.000988
NA18966	1|1	5.99991e-06,0.00698797,0.993006
NA18967	1|1	0,0.225,0.775
NA18968	1|1	0,0.018,0.982
NA18969	1|1	3.49996e-05,0.03593,0.964035
NA18970	1|1	0,0.000999987,0.999
NA18971	1|1	3.20001e-05,0.011936,0.988032
NA18972	1|1	0,0.00300002,0.997
NA18973	1|1	2.99998e-06,0.00399401,0.996003
NA18974	1|1	9.99974e-07,0.00199797,0.998001
NA18975	1|1	0,0.00800002,0.992
NA18976	1|1	9.99986e-06,0.01098,0.98901
NA18978	1|0	0.00194997,0.9731,0.02495
NA18980	1|1	0.000125,0.02975,0.970125
NA18981	1|1	0.000108,0.030784,0.969108
NA18987	1|0	0.012,0.988,0
NA18990	1|1	0.000554999,0.05089,0.948555
NA18991	1|1	0,0,1
NA18992	0|0	0.998,0.002,0
NA18994	1|1	0.00019,0.02862,0.97119
NA18995	1|1	0,0.00300002,0.997
NA18997	1|1	0,0.00300002,0.997
NA18998	1|1	5.79993e-05,0.058884,0.941058
NA18999	1|0	0.000998987,0.998002,0.000999
NA19000	1|1	9.99974e-07,0.00199797,0.998001
NA19003	1|1	7.99991e-06,0.00598398,0.994008
NA19005	1|1	0,0.00199997,0.998
NA19007	1|1	2.40002e-05,0.010952,0.989024
NA19012	1|1	4.39995e-05,0.023912,0.976044
