NA11829	1|1	0,0,1
NA11830	0|1	0.000946988,0.946106,0.052947
NA11831	0|0	0.998001,0.001998,1e-06
NA11832	0|1	0.000999987,0.999,0
NA11840	1|0	0,1,0
NA11881	0|0	1,0,0
NA11994	1|1	3.9999e-06,0.00399195,0.996004
NA11995	1|1	0,0.196,0.804
NA12004	0|0	1,0,0
NA12005	1|1	0.241081,0.499838,0.259081
NA12043	0|0	1,0,0
NA12044	1|0	0.359,0.641,0
NA12144	0|0	1,0,0
NA12154	0|0	1,0,0
NA12155	0|0	1,0,0
NA12156	1|0	0.103792,0.894416,0.001792
NA12234	0|0	0.999,0.001,0
NA12717	0|1	0,0.979,0.021
NA12750	0|0	1,0,0
NA12760	0|0	1,0,0
NA12761	0|0	0.692,0.308,0
NA12762	0|0	1,0,0
NA12763	0|0	0.99,0.01,0
NA12812	0|0	0.374544,0.474912,0.150544
NA12813	0|0	0.874,0.126,0
NA12814	0|0	1,0,0
NA12815	0|0	1,0,0
NA12872	0|0	0.998001,0.001998,1e-06
NA12873	0|0	1,0,0
NA12874	1|1	0.232324,0.499352,0.268324
NA12878	0|0	0.998,0.002,0
