NA18498	1|0	1	0,1,0
NA18502	0|1	1	0,1,0
NA18505	0|0	0	1,0,0
NA18507	0|0	0	1,0,0
NA18508	0|1	0.93	0.07,0.93,0
NA18517	1|0	1	0,1,0
NA18519	1|1	1.82	0,0.18,0.82
NA18858	0|0	0	1,0,0
NA18861	0|0	0	1,0,0
NA18867	0|0	0	1,0,0
NA18870	0|0	0.11	0.89,0.11,0
NA18910	0|0	0.02	0.98,0.02,0
NA18912	0|0	0	1,0,0
NA19092	0|1	1	0,1,0
NA19093	0|1	1.01	0,0.99,0.01
NA19098	1|0	0.64	0.36,0.64,0
NA19099	1|0	0.56	0.45,0.55,0
NA19102	0|1	1	0,1,0
NA19108	1|0	1	0,1,0
NA19116	0|0	0	1,0,0
NA19118	0|0	0	1,0,0
NA19119	0|0	0	1,0,0
NA19129	0|0	0	1,0,0
NA19130	0|0	0	1,0,0
NA19131	1|1	1.97	0,0.03,0.97
NA19137	1|0	1.08	0.01,0.9,0.09
NA19138	0|0	0.16	0.84,0.16,0
NA19141	0|0	0	1,0,0
NA19143	1|1	1.99	0,0.01,0.99
NA19144	0|0	0	1,0,0
NA19146	0|1	0.68	0.32,0.68,0
NA19150	0|0	0	1,0,0
NA19152	1|0	1	0,1,0
NA19153	0|0	0.25	0.75,0.25,0
NA19159	0|0	0.01	0.99,0.01,0
NA19160	1|0	1	0,1,0
NA19171	0|0	0	1,0,0
NA19172	0|0	0	1,0,0
NA19189	0|0	0.02	0.98,0.02,0
NA19200	0|0	0	1,0,0
NA19201	0|0	0	1,0,0
NA19204	0|1	1	0,1,0
NA19206	0|1	1	0,1,0
NA19207	0|1	1.11	0,0.89,0.11
NA19209	0|0	0	1,0,0
NA19210	0|1	1.03	0,0.96,0.04
NA19213	1|0	1	0,1,0
NA19222	0|0	0	1,0,0
NA19223	0|0	0	1,0,0
NA19240	0|0	0	1,0,0
