NA18498	1|0	1	0,1,0
NA18502	1|1	2	0,0,1
NA18505	1|1	2	0,0,1
NA18507	1|0	1	0,1,0
NA18508	1|1	2	0,0,1
NA18517	1|1	2	0,0,1
NA18519	1|0	1	0,1,0
NA18858	1|1	2	0,0,1
NA18861	1|0	1	0,1,0
NA18867	0|0	0.16	0.84,0.16,0
NA18870	1|1	2	0,0,1
NA18910	1|0	1	0,1,0
NA18912	1|1	2	0,0,1
NA19092	0|0	0	1,0,0
NA19093	0|0	0	1,0,0
NA19098	0|0	0.01	0.99,0.01,0
NA19099	1|1	2	0,0,1
NA19102	1|1	2	0,0,1
NA19108	1|1	2	0,0,1
NA19116	1|1	2	0,0,1
NA19118	1|1	2	0,0,1
NA19119	1|0	1	0,1,0
NA19129	1|0	1	0,1,0
NA19130	0|1	1	0,1,0
NA19131	1|0	1	0,1,0
NA19137	1|0	1	0,1,0
NA19141	1|1	2	0,0,1
NA19143	0|0	0	1,0,0
NA19144	0|1	1	0,1,0
NA19146	0|1	1	0,1,0
NA19150	1|1	2	0,0,1
NA19152	0|0	0	1,0,0
NA19153	1|1	2	0,0,1
NA19159	1|1	2	0,0,1
NA19160	1|1	2	0,0,1
NA19171	1|0	1	0,1,0
NA19172	0|0	0.02	0.98,0.02,0
NA19189	1|0	1	0,1,0
NA19201	1|0	1	0,1,0
NA19204	1|1	2	0,0,1
NA19206	0|1	1	0,1,0
NA19207	1|1	2	0,0,1
NA19209	0|1	0.95	0.05,0.95,0
NA19210	1|0	1	0,1,0
NA19213	1|0	1	0,1,0
NA19222	1|0	1	0,1,0
NA19223	1|0	1	0,1,0
NA19240	1|1	2	0,0,1
