NA18498	0|1	1	0,1,0
NA18502	1|1	1.99	0,0.01,0.99
NA18505	1|1	1.5	0.01,0.47,0.52
NA18507	1|1	1.97	0,0.03,0.97
NA18508	0|1	0.79	0.21,0.79,0
NA18517	1|1	2	0,0,1
NA18519	0|1	0.55	0.46,0.54,0
NA18867	1|1	1.99	0,0.01,0.99
NA18870	1|1	1.96	0,0.04,0.96
NA18910	0|1	0.96	0.23,0.58,0.19
NA19092	1|1	1.7	0,0.3,0.7
NA19098	0|1	0.72	0.36,0.56,0.08
NA19099	0|0	0.08	0.92,0.08,0
NA19102	1|0	1.22	0,0.78,0.22
NA19108	1|0	1.2	0.13,0.54,0.33
NA19118	1|0	0.85	0.15,0.85,0
NA19119	0|0	0.13	0.87,0.13,0
NA19129	0|0	0.45	0.55,0.45,0
NA19130	0|0	0.38	0.63,0.36,0.01
NA19141	1|0	1.47	0,0.53,0.47
NA19146	0|1	1.01	0,0.99,0.01
NA19150	1|0	1	0.01,0.99,0
NA19152	1|1	2	0,0,1
NA19160	0|1	1.04	0,0.96,0.04
NA19171	1|0	1.01	0,0.98,0.02
NA19189	0|1	1	0,1,0
NA19204	1|0	0.93	0.07,0.93,0
NA19206	1|1	1.99	0,0.01,0.99
NA19207	1|1	1.96	0,0.04,0.96
NA19209	0|0	0.1	0.9,0.1,0
NA19213	0|1	1.01	0,0.99,0.01
NA19240	0|1	0.84	0.17,0.82,0.01
NA11829	1|0	0.75	0.25,0.75,0
NA11830	0|0	0.61	0.47,0.45,0.08
NA11831	1|0	0.92	0.08,0.92,0
NA11832	0|1	0.85	0.19,0.78,0.03
NA11840	1|0	0.77	0.24,0.76,0
NA11881	1|1	1.36	0.1,0.44,0.46
NA11994	0|0	0.2	0.8,0.2,0
NA11995	1|1	1.81	0,0.18,0.82
NA12004	0|0	0.1	0.9,0.1,0
NA12005	0|0	0.35	0.66,0.32,0.02
NA12043	0|0	0.41	0.6,0.39,0.01
NA12044	0|0	0.01	0.99,0.01,0
NA12144	0|0	0.06	0.95,0.05,0
NA12154	0|0	0.47	0.53,0.47,0
NA12155	0|0	0.09	0.91,0.09,0
NA12156	1|0	1.09	0,0.9,0.1
NA12234	1|0	1.19	0.02,0.77,0.21
NA12717	0|1	0.85	0.15,0.85,0
NA12750	0|1	1.03	0.02,0.93,0.05
NA12760	1|0	1.05	0.07,0.81,0.12
NA12762	0|0	0.05	0.95,0.05,0
NA12763	0|0	0.52	0.5,0.48,0.02
NA12812	0|0	0.07	0.93,0.07,0
NA12813	0|1	0.89	0.14,0.82,0.04
NA12814	0|0	0.26	0.74,0.25,0.01
NA12815	1|0	0.75	0.27,0.71,0.02
NA12872	1|0	0.97	0.08,0.86,0.06
NA12873	0|1	1.14	0,0.85,0.15
NA12874	1|1	1.78	0.01,0.2,0.79
NA12878	0|0	0.01	0.99,0.01,0
NA18526	0|1	1.47	0.01,0.5,0.49
NA18537	1|1	1.67	0.03,0.28,0.69
NA18550	1|0	1.12	0.04,0.81,0.15
NA18555	1|1	1.91	0,0.09,0.91
NA18562	1|1	1.5	0.02,0.47,0.51
NA18563	1|0	1.34	0.1,0.46,0.44
NA18582	1|1	1.73	0.01,0.25,0.74
NA18603	0|1	1.33	0.05,0.57,0.38
NA18606	1|1	1.8	0,0.2,0.8
NA18621	0|1	0.95	0.17,0.71,0.12
NA18622	1|1	1.75	0.01,0.23,0.76
NA18628	1|0	1.27	0.09,0.55,0.36
NA18632	0|1	1.21	0.04,0.71,0.25
NA18636	1|1	1.93	0,0.07,0.93
NA18647	1|1	1.93	0,0.07,0.93
NA18942	0|1	1.33	0.06,0.55,0.39
NA18945	1|0	1.02	0.03,0.91,0.06
NA18947	1|1	1.95	0,0.05,0.95
NA18951	1|0	1	0.15,0.71,0.14
NA18952	1|1	1.65	0.02,0.32,0.66
NA18953	1|1	1.82	0,0.18,0.82
NA18956	1|1	1.68	0.01,0.3,0.69
NA18965	0|1	1.15	0.04,0.78,0.18
NA18970	1|1	1.75	0.01,0.23,0.76
NA18973	1|1	1.75	0.01,0.22,0.77
NA18977	1|1	1.93	0,0.06,0.94
NA18987	1|1	1.94	0,0.06,0.94
NA18990	1|1	1.82	0,0.18,0.82
NA18995	1|1	1.83	0,0.16,0.84
NA19003	1|1	1.93	0,0.07,0.93
NA19010	1|1	1.94	0,0.06,0.94
