NA18526	0|1	1.47	0.01,0.5,0.49
NA18537	1|1	1.67	0.03,0.28,0.69
NA18550	1|0	1.12	0.04,0.81,0.15
NA18555	1|1	1.91	0,0.09,0.91
NA18562	1|1	1.5	0.02,0.47,0.51
NA18563	1|0	1.34	0.1,0.46,0.44
NA18582	1|1	1.73	0.01,0.25,0.74
NA18603	0|1	1.33	0.05,0.57,0.38
NA18606	1|1	1.8	0,0.2,0.8
NA18621	0|1	0.95	0.17,0.71,0.12
NA18622	1|1	1.75	0.01,0.23,0.76
NA18628	1|0	1.27	0.09,0.55,0.36
NA18632	0|1	1.21	0.04,0.71,0.25
NA18636	1|1	1.93	0,0.07,0.93
NA18647	1|1	1.93	0,0.07,0.93
NA18942	0|1	1.33	0.06,0.55,0.39
NA18945	1|0	1.02	0.03,0.91,0.06
NA18947	1|1	1.95	0,0.05,0.95
NA18951	1|0	1	0.15,0.71,0.14
NA18952	1|1	1.65	0.02,0.32,0.66
NA18953	1|1	1.82	0,0.18,0.82
NA18956	1|1	1.68	0.01,0.3,0.69
NA18965	0|1	1.15	0.04,0.78,0.18
NA18970	1|1	1.75	0.01,0.23,0.76
NA18973	1|1	1.75	0.01,0.22,0.77
NA18977	1|1	1.93	0,0.06,0.94
NA18987	1|1	1.94	0,0.06,0.94
NA18990	1|1	1.82	0,0.18,0.82
NA18995	1|1	1.83	0,0.16,0.84
NA19003	1|1	1.93	0,0.07,0.93
NA19010	1|1	1.94	0,0.06,0.94
