NA11829	0|0	0.999,0.001,0
NA11830	0|0	1,0,0
NA11831	0|0	1,0,0
NA11832	1|1	0,0,1
NA11840	1|0	0,1,0
NA11881	1|0	0,1,0
NA11994	0|1	0,1,0
NA11995	0|1	0.00399601,0.995008,0.000996
NA12004	1|0	0.00400001,0.996,0
NA12005	0|0	1,0,0
NA12043	0|0	1,0,0
NA12044	0|0	1,0,0
NA12144	0|0	1,0,0
NA12154	1|1	0,0,1
NA12155	0|0	1,0,0
NA12156	0|0	1,0,0
NA12234	0|0	1,0,0
NA12717	0|0	1,0,0
NA12750	0|0	0.999,0.001,0
NA12760	1|0	0,1,0
NA12761	0|0	1,0,0
NA12762	0|1	0.000999987,0.999,0
NA12763	0|0	1,0,0
NA12812	0|0	0.999,0.001,0
NA12813	0|0	1,0,0
NA12814	0|0	0.923,0.077,0
NA12815	1|1	0,0.00199997,0.998
NA12872	0|0	0.893,0.107,0
NA12873	0|0	1,0,0
NA12874	0|0	1,0,0
