NA18498	0|0	0	1,0,0
NA18502	0|0	0	1,0,0
NA18505	0|0	0	1,0,0
NA18507	1|0	0.81	0.19,0.81,0
NA18508	0|0	0	1,0,0
NA18517	0|0	0	1,0,0
NA18519	0|0	0.29	0.71,0.29,0
NA18867	1|0	0.99	0.01,0.99,0
NA18870	0|0	0.16	0.84,0.16,0
NA18910	0|1	0.96	0.16,0.72,0.12
NA19092	0|1	0.84	0.16,0.84,0
NA19098	0|0	0	1,0,0
NA19099	0|0	0	1,0,0
NA19102	0|0	0	1,0,0
NA19108	0|1	0.75	0.25,0.75,0
NA19118	0|0	0.48	0.52,0.48,0
NA19119	0|0	0.13	0.87,0.13,0
NA19129	1|0	1	0,1,0
NA19130	0|0	0	1,0,0
NA19141	0|0	0.01	0.99,0.01,0
NA19146	0|0	0	1,0,0
NA19150	0|0	0	1,0,0
NA19152	0|0	0.18	0.82,0.18,0
NA19160	0|0	0	1,0,0
NA19171	0|0	0	1,0,0
NA19189	0|0	0	1,0,0
NA19204	1|0	0.65	0.35,0.65,0
NA19206	0|0	0	1,0,0
NA19207	0|1	0.8	0.24,0.72,0.04
NA19209	0|0	0.12	0.88,0.12,0
NA19213	0|0	0	1,0,0
NA19240	0|0	0	1,0,0
