NA18498	0|0	1,0,0
NA18502	0|0	1,0,0
NA18505	0|0	1,0,0
NA18507	0|0	0.866761,0.128478,0.004761
NA18508	1|0	0.005,0.995,0
NA18517	1|0	0.043,0.957,0
NA18519	0|0	1,0,0
NA18867	0|0	1,0,0
NA18870	0|1	0,1,0
NA18910	0|0	1,0,0
NA19092	0|0	0.795664,0.192672,0.011664
NA19098	0|0	1,0,0
NA19099	0|0	1,0,0
NA19102	1|0	0,1,0
NA19108	0|1	0,1,0
NA19118	0|0	0.52,0.48,0
NA19119	0|0	0.793881,0.194238,0.011881
NA19129	0|1	0,0.82,0.18
NA19130	1|1	0,0,1
NA19141	0|0	1,0,0
NA19146	0|0	1,0,0
NA19150	0|0	1,0,0
NA19152	0|1	0,1,0
NA19160	1|1	0,0,1
NA19171	0|0	1,0,0
NA19189	0|0	1,0,0
NA19204	1|0	0.046,0.954,0
NA19206	0|1	0.012,0.988,0
NA19207	1|1	0,0,1
NA19209	0|1	0.000999987,0.999,0
NA19213	1|1	0,0,1
NA19240	1|1	0,0.00599998,0.994
NA11829	0|0	1,0,0
NA11830	1|1	0,0,1
NA11831	1|1	3.9999e-06,0.00399195,0.996004
NA11832	1|0	0,1,0
NA11840	0|0	1,0,0
NA11881	0|0	1,0,0
NA11994	1|1	0,0,1
NA11995	0|0	0.537,0.463,0
NA12004	0|0	0.849,0.151,0
NA12005	0|0	1,0,0
NA12043	0|0	1,0,0
NA12044	0|0	1,0,0
NA12144	0|0	1,0,0
NA12154	1|1	0.0081,0.1638,0.8281
NA12155	1|1	0,0,1
NA12156	0|0	1,0,0
NA12234	1|1	0,0,1
NA12717	0|0	1,0,0
NA12750	1|1	9.99974e-07,0.00199797,0.998001
NA12760	0|0	1,0,0
NA12762	0|0	1,0,0
NA12763	0|0	1,0,0
NA12812	0|0	1,0,0
NA12813	0|0	0.868,0.132,0
NA12814	0|0	1,0,0
NA12815	0|1	0,1,0
NA12872	0|0	1,0,0
NA12873	0|1	0.032,0.968,0
NA12874	0|0	1,0,0
NA12878	1|1	2.40002e-05,0.010952,0.989024
NA18526	0|0	1,0,0
NA18537	0|0	0.73,0.27,0
NA18550	0|0	1,0,0
NA18555	1|1	0,0.406,0.594
NA18562	0|0	1,0,0
NA18563	1|1	0,0,1
NA18582	0|0	1,0,0
NA18603	0|0	1,0,0
NA18606	1|1	0.001521,0.074958,0.923521
NA18621	0|0	1,0,0
NA18622	0|0	1,0,0
NA18628	0|1	0,1,0
NA18632	0|0	1,0,0
NA18636	1|1	0.002704,0.098592,0.898704
NA18647	0|0	1,0,0
NA18942	1|0	0.00300002,0.997,0
NA18945	1|1	0,0,1
NA18947	1|0	0.00199997,0.998,0
NA18951	0|1	0,1,0
NA18952	0|0	1,0,0
NA18953	1|1	0,0,1
NA18965	0|0	1,0,0
NA18970	0|0	1,0,0
NA18977	0|0	1,0,0
NA18987	1|0	0.00400001,0.996,0
NA18990	1|1	9.99974e-07,0.00199797,0.998001
NA18995	0|0	1,0,0
NA19003	1|0	0,1,0
NA19010	0|1	0.000999987,0.999,0
