NA18498	0|1	0.00199997,0.998,0
NA18500	0|0	1,0,0
NA18501	0|0	0.997,0.003,0
NA18502	0|0	1,0,0
NA18503	0|0	1,0,0
NA18504	0|0	0.981,0.019,0
NA18505	0|0	1,0,0
NA18506	1|1	0,0,1
NA18507	0|1	0,1,0
NA18508	1|0	0,0.999,0.001
NA18515	0|1	0,1,0
NA18516	0|1	0,1,0
NA18517	0|0	0.997,0.003,0
NA18519	0|1	0,0.997,0.003
NA18521	1|0	0,1,0
NA18522	0|1	0,0.999,0.001
NA18523	0|1	0.000999987,0.999,0
NA18852	0|0	0.962,0.038,0
NA18853	1|0	0,1,0
NA18854	0|0	1,0,0
NA18855	1|1	0,0.00300002,0.997
NA18856	0|1	0,0.917,0.083
NA18857	1|1	0,0,1
NA18858	1|1	0,0,1
NA18859	0|1	0.00400001,0.996,0
NA18860	0|1	0,1,0
NA18861	0|0	1,0,0
NA18862	1|0	0,1,0
NA18863	0|0	1,0,0
NA18867	0|1	0,1,0
NA18870	0|1	0,1,0
NA18871	1|0	0,1,0
NA18872	1|0	0,1,0
NA18910	0|1	0.00300002,0.997,0
NA18912	1|0	0,1,0
NA18913	0|1	0,1,0
NA18914	0|1	0,1,0
NA19027	1|1	0,0,1
NA19028	0|1	0,1,0
NA19031	0|1	0.005,0.995,0
NA19035	0|1	0.000999987,0.999,0
NA19036	0|1	0.00198197,0.989036,0.008982
NA19038	1|0	0.00295502,0.98209,0.014955
NA19041	0|0	1,0,0
NA19092	1|1	0,0,1
NA19093	0|0	1,0,0
NA19094	0|1	0,1,0
NA19098	1|0	0,1,0
NA19099	1|1	0,0.071,0.929
NA19100	0|1	0,1,0
NA19101	1|1	0,0.015,0.985
NA19102	0|1	0.024,0.976,0
NA19108	1|0	0,0.997,0.003
NA19116	0|1	0.013,0.987,0
NA19118	1|1	0,0.00199997,0.998
NA19119	0|0	0.985,0.015,0
NA19120	0|0	1,0,0
NA19127	0|1	0.162,0.838,0
NA19128	1|1	0,0,1
NA19129	0|1	0.00376001,0.93648,0.05976
NA19130	0|0	0.959,0.041,0
NA19131	1|0	0.005,0.995,0
NA19132	0|0	1,0,0
NA19137	0|1	0,1,0
NA19138	0|0	1,0,0
NA19139	1|0	0,1,0
NA19140	1|0	0,1,0
NA19141	1|1	0,0,1
NA19142	1|1	0,0,1
NA19143	0|1	0,1,0
NA19144	0|1	0,1,0
NA19145	0|1	0,1,0
NA19146	1|1	0,0.00300002,0.997
NA19150	1|0	0.000999987,0.999,0
NA19152	0|0	1,0,0
NA19153	0|1	0,0.999,0.001
NA19154	1|0	0,1,0
NA19159	1|0	0.00300002,0.997,0
NA19160	0|0	0.998,0.002,0
NA19161	0|0	1,0,0
NA19171	0|0	0.961,0.039,0
NA19172	0|1	0,1,0
NA19173	0|1	0,1,0
NA19189	0|0	0.822525,0.17695,0.000525
NA19200	0|0	0.998,0.002,0
NA19201	0|1	0,1,0
NA19202	0|0	1,0,0
NA19203	0|1	0,1,0
NA19204	1|1	0,0,1
NA19205	1|1	0,0,1
NA19206	0|1	0,0.881,0.119
NA19207	1|1	0,0,1
NA19208	1|1	0,0,1
NA19209	1|1	0,0,1
NA19210	0|1	0.000999987,0.999,0
NA19211	0|1	0,1,0
NA19213	0|0	1,0,0
NA19221	1|0	0,1,0
NA19222	1|0	0,1,0
NA19223	0|0	0.999,0.001,0
NA19238	1|0	0,1,0
NA19239	0|0	1,0,0
NA19240	0|0	1,0,0
NA19307	1|0	0.00199597,0.996008,0.001996
NA19308	1|1	0,0,1
NA19309	0|1	0,0.962,0.038
NA19310	0|1	0,1,0
NA19314	0|1	0,0.99,0.01
NA19315	0|0	1,0,0
NA19316	0|1	0.000999987,0.999,0
NA19317	1|1	0,0,1
NA19319	1|1	0,0.00400001,0.996
NA19321	0|1	0,0.999,0.001
NA19327	0|0	1,0,0
NA19328	0|1	0,0.68,0.32
NA19332	0|1	0.00199997,0.998,0
NA19334	1|1	1.99995e-06,0.00299596,0.997002
NA19346	1|0	0.00199997,0.998,0
NA19347	1|1	0,0.000999987,0.999
NA19350	0|0	1,0,0
NA19360	0|0	1,0,0
NA19372	1|0	0.000999987,0.999,0
NA19374	1|1	0,0.00400001,0.996
NA19375	0|0	1,0,0
NA19376	1|0	0,1,0
NA19377	1|0	0.00999999,0.99,0
NA19379	1|1	0,0,1
NA19380	1|0	0,1,0
NA19384	0|1	0.000999987,0.999,0
NA19385	1|1	6.00004e-05,0.02288,0.97706
NA19391	0|1	0,1,0
NA19393	0|0	0.967,0.033,0
NA19394	0|0	0.978,0.022,0
NA19397	0|0	1,0,0
NA19399	1|1	0,0.13,0.87
NA19403	0|0	0.999,0.001,0
NA19404	1|1	0,0.00800002,0.992
NA19428	1|0	0,1,0
NA19429	0|0	0.996,0.004,0
NA19430	1|0	0,0.772,0.228
NA19431	1|1	0,0,1
NA19434	0|1	0.000956988,0.956086,0.042957
NA19435	0|0	0.999,0.001,0
NA19436	0|1	0,1,0
NA19437	1|1	0,0,1
NA19438	0|1	0.00300002,0.997,0
NA19439	1|1	0,0,1
NA19440	1|0	0,1,0
NA19443	1|0	0,1,0
NA19445	0|0	0.998001,0.001998,1e-06
NA19446	0|0	0.825,0.175,0
NA19448	1|0	0.00300002,0.997,0
NA19449	1|1	0,0,1
NA19451	1|1	0,0.000999987,0.999
NA19452	1|1	0,0.000999987,0.999
NA19455	0|1	0,1,0
NA19456	1|0	0,0.921,0.079
NA19457	1|0	0.04,0.96,0
NA19462	1|0	0.00700003,0.993,0
NA19463	0|0	0.999,0.001,0
NA19466	1|1	0,0,1
NA19467	0|1	0,1,0
NA19468	1|0	0.011,0.989,0
NA19471	1|1	0,0,1
NA19472	1|0	0.00599998,0.994,0
NA19473	1|1	0,0.00300002,0.997
NA19474	0|0	1,0,0
