NA06985	0|0	0.999,0.001,0
NA06991	0|0	1,0,0
NA06993	0|1	0.044,0.956,0
NA06994	0|0	0.999,0.001,0
NA07000	0|0	0.729,0.271,0
NA07019	1|1	0,0.000999987,0.999
NA07022	1|1	0,0,1
NA07029	0|0	1,0,0
NA07034	0|0	1,0,0
NA07048	1|0	0,1,0
NA07055	1|0	0,0.999,0.001
NA07056	1|1	0,0.00400001,0.996
NA07345	0|1	0,1,0
NA07348	1|1	0,0,1
NA07357	0|1	0,0.959,0.041
NA10830	0|1	0,1,0
NA10831	1|0	0,1,0
NA10835	0|0	1,0,0
NA10838	0|1	0,1,0
NA10839	1|0	0.00199997,0.998,0
NA10846	0|1	0,1,0
NA10847	0|1	0,1,0
NA10851	0|0	1,0,0
NA10854	0|0	1,0,0
NA10855	0|0	1,0,0
NA10857	1|0	0,1,0
NA10859	0|1	0,1,0
NA10860	0|0	1,0,0
NA10861	1|1	0,0,1
NA10863	1|1	9.99974e-07,0.00199797,0.998001
NA11829	0|1	0.000999987,0.999,0
NA11830	0|1	0.00299702,0.996006,0.000997
NA11831	0|1	0.005,0.995,0
NA11832	0|0	0.999,0.001,0
NA11839	0|0	0.999,0.001,0
NA11840	0|0	1,0,0
NA11881	0|1	0,1,0
NA11882	0|1	0.005,0.995,0
NA11992	0|0	1,0,0
NA11993	0|1	0,1,0
NA11994	1|1	0,0.00599998,0.994
NA11995	1|0	0,0.999,0.001
NA12003	1|1	0,0,1
NA12004	0|0	1,0,0
NA12005	0|0	1,0,0
NA12006	1|0	0.00598198,0.991036,0.002982
NA12043	1|0	0.074,0.926,0
NA12044	1|1	0,0,1
NA12056	0|0	1,0,0
NA12057	0|1	0.005,0.995,0
NA12144	0|1	0.00199997,0.998,0
NA12145	1|1	0,0.000999987,0.999
NA12146	1|1	0,0.000999987,0.999
NA12154	0|0	1,0,0
NA12155	1|0	0,1,0
NA12156	0|1	0.00400001,0.996,0
NA12234	0|1	0,0.947,0.053
NA12236	0|1	0,1,0
NA12239	0|1	0.00199997,0.998,0
NA12248	1|0	0.041,0.959,0
NA12249	0|1	0,1,0
NA12264	1|1	0,0.00800002,0.992
NA12707	1|0	0,0.998,0.002
NA12716	0|1	0.00800002,0.992,0
NA12717	1|1	0,0,1
NA12740	1|1	0,0,1
NA12750	1|1	0,0,1
NA12751	1|1	0.00312,0.10576,0.89112
NA12752	1|1	0,0,1
NA12753	0|1	0,1,0
NA12760	1|1	0,0.000999987,0.999
NA12761	1|1	0,0.00400001,0.996
NA12762	1|0	0.000999987,0.999,0
NA12763	1|1	0,0.017,0.983
NA12801	1|0	0,1,0
NA12802	1|1	0,0.00400001,0.996
NA12812	0|1	0.00199997,0.998,0
NA12813	0|1	0,0.868,0.132
NA12814	1|1	0,0.358,0.642
NA12815	1|0	0,0.997,0.003
NA12864	1|1	0,0,1
NA12865	1|1	0,0,1
NA12872	1|0	0,0.981,0.019
NA12873	0|1	0,1,0
NA12874	0|1	0,1,0
NA12875	1|1	0,0.145,0.855
NA12878	0|1	0,1,0
NA12891	0|1	0,1,0
NA12892	1|1	0,0,1
NA20502	0|0	0.877,0.123,0
NA20504	1|1	3.20001e-05,0.011936,0.988032
NA20505	0|0	0.999,0.001,0
NA20506	1|0	0,0.997,0.003
NA20508	1|0	0,0.999,0.001
NA20509	1|1	0,0.00599998,0.994
NA20510	0|0	0.999,0.001,0
NA20512	0|1	0.00199997,0.998,0
NA20515	0|0	0.89,0.11,0
NA20516	1|0	0.00199997,0.998,0
NA20517	1|1	0,0,1
NA20518	1|0	0,0.999,0.001
NA20519	0|0	1,0,0
NA20520	1|1	0,0.00199997,0.998
NA20521	1|1	1.99995e-06,0.00299596,0.997002
NA20522	0|0	0.951,0.049,0
NA20524	0|1	0.013,0.987,0
NA20525	0|1	0.000998987,0.998002,0.000999
NA20527	0|0	1,0,0
NA20528	1|1	0,0.000999987,0.999
NA20529	1|0	0,0.993,0.007
NA20530	0|1	0,0.675,0.325
NA20531	1|0	0,1,0
NA20534	0|1	0.042,0.958,0
NA20535	0|1	0.053,0.947,0
NA20538	0|1	0,0.84,0.16
NA20539	1|1	0,0.00700003,0.993
NA20540	0|0	0.995,0.005,0
NA20541	0|1	0.026,0.974,0
NA20542	1|1	0,0.027,0.973
NA20543	0|1	0.000999987,0.999,0
NA20544	0|0	1,0,0
NA20581	0|1	0.00399601,0.995008,0.000996
NA20582	1|1	0,0.00400001,0.996
NA20585	1|1	0,0.000999987,0.999
NA20586	0|0	1,0,0
NA20588	1|1	0.00923999,0.46352,0.52724
NA20589	0|1	0,1,0
NA20752	0|1	0,1,0
NA20753	0|0	0.617,0.383,0
NA20754	0|1	0,1,0
NA20755	0|0	1,0,0
NA20756	1|0	0,0.999,0.001
NA20758	1|1	0,0,1
NA20759	0|1	0.00400001,0.996,0
NA20760	1|1	0,0.164,0.836
NA20761	1|0	0.000996987,0.996006,0.002997
NA20765	1|0	0,1,0
NA20766	1|1	0,0,1
NA20768	1|1	0,0.13,0.87
NA20769	0|1	0.000999987,0.999,0
NA20770	1|1	0.00112201,0.374756,0.624122
NA20771	1|0	0.049,0.951,0
NA20772	0|0	0.998,0.002,0
NA20773	1|1	0.002299,0.135402,0.862299
NA20774	0|1	0,0.98,0.02
NA20778	1|0	0.081,0.919,0
NA20783	0|1	0.013,0.987,0
NA20785	1|0	0.00400001,0.996,0
NA20786	1|1	3.99996e-06,0.004992,0.995004
NA20787	0|1	0.00199797,0.997004,0.000998
NA20790	0|0	1,0,0
NA20792	1|1	0.000649999,0.1337,0.86565
NA20796	1|1	0,0.005,0.995
NA20797	0|0	1,0,0
NA20798	0|1	0,1,0
NA20799	0|0	1,0,0
NA20800	1|0	0,0.997,0.003
NA20801	1|0	0,1,0
NA20802	0|0	1,0,0
NA20803	0|0	1,0,0
NA20804	0|1	0.005,0.995,0
NA20805	0|1	0.021,0.979,0
NA20806	1|0	0.00699303,0.992014,0.000993
NA20807	0|1	0.27048,0.58804,0.14148
NA20808	0|0	0.919158,0.080684,0.000158
NA20809	0|0	0.75,0.25,0
NA20810	1|0	0.000976987,0.976046,0.022977
NA20811	0|0	0.999,0.001,0
NA20812	0|1	0.02525,0.5045,0.47025
NA20813	0|0	0.979,0.021,0
NA20815	1|0	0.016,0.984,0
NA20818	1|1	0,0,1
NA20819	1|0	0.015,0.985,0
NA20826	0|1	0.022,0.978,0
NA20828	0|1	0.007209,0.795582,0.197209
