NA18498	0|1	0.270164,0.719672,0.010164
NA18502	0|0	0.998,0.002,0
NA18505	0|0	1,0,0
NA18507	1|0	0,1,0
NA18508	0|0	1,0,0
NA18517	0|0	0.997002,0.002996,2e-06
NA18519	0|0	0.514,0.486,0
NA18867	0|1	0.038,0.962,0
NA18870	0|0	0.999,0.001,0
NA18910	1|0	0.107,0.893,0
NA19092	0|1	0.473,0.527,0
NA19098	1|0	0.00299402,0.995012,0.001994
NA19099	0|0	0.997002,0.002996,2e-06
NA19102	0|0	0.998,0.002,0
NA19108	0|0	0.997,0.003,0
NA19118	0|0	0.998001,0.001998,1e-06
NA19119	1|1	0,0.111,0.889
NA19129	1|0	0,1,0
NA19130	0|0	1,0,0
NA19141	0|0	0.996003,0.003994,3e-06
NA19146	0|1	0.211,0.789,0
NA19150	0|0	0.999,0.001,0
NA19152	1|0	0.457542,0.541916,0.000542
NA19160	0|0	1,0,0
NA19171	0|0	1,0,0
NA19189	0|0	0.997,0.003,0
NA19204	0|0	0.998001,0.001998,1e-06
NA19206	0|0	0.998001,0.001998,1e-06
NA19207	0|0	0.931,0.069,0
NA19209	0|0	0.997002,0.002996,2e-06
NA19213	0|0	1,0,0
NA19240	0|0	1,0,0
