NA18498	0|1	0.270164,0.719672,0.010164
NA18502	0|0	0.998,0.002,0
NA18505	0|0	1,0,0
NA18507	1|0	0,1,0
NA18508	0|0	1,0,0
NA18517	0|0	0.997002,0.002996,2e-06
NA18519	0|0	0.514,0.486,0
NA18867	0|1	0.038,0.962,0
NA18870	0|0	0.999,0.001,0
NA18910	1|0	0.107,0.893,0
NA19092	0|1	0.473,0.527,0
NA19098	1|0	0.00299402,0.995012,0.001994
NA19099	0|0	0.997002,0.002996,2e-06
NA19102	0|0	0.998,0.002,0
NA19108	0|0	0.997,0.003,0
NA19118	0|0	0.998001,0.001998,1e-06
NA19119	1|1	0,0.111,0.889
NA19129	1|0	0,1,0
NA19130	0|0	1,0,0
NA19141	0|0	0.996003,0.003994,3e-06
NA19146	0|1	0.211,0.789,0
NA19150	0|0	0.999,0.001,0
NA19152	1|0	0.457542,0.541916,0.000542
NA19160	0|0	1,0,0
NA19171	0|0	1,0,0
NA19189	0|0	0.997,0.003,0
NA19204	0|0	0.998001,0.001998,1e-06
NA19206	0|0	0.998001,0.001998,1e-06
NA19207	0|0	0.931,0.069,0
NA19209	0|0	0.997002,0.002996,2e-06
NA19213	0|0	1,0,0
NA19240	0|0	1,0,0
NA11829	0|0	1,0,0
NA11830	0|0	0.999,0.001,0
NA11831	0|0	1,0,0
NA11832	0|0	1,0,0
NA11840	0|0	0.997,0.003,0
NA11881	0|1	0,1,0
NA11994	0|0	1,0,0
NA11995	0|0	1,0,0
NA12004	0|0	1,0,0
NA12005	0|0	0.999,0.001,0
NA12043	0|0	0.999,0.001,0
NA12044	0|0	0.999,0.001,0
NA12144	0|0	1,0,0
NA12154	0|0	1,0,0
NA12155	0|0	1,0,0
NA12156	0|0	1,0,0
NA12234	0|0	1,0,0
NA12717	0|0	1,0,0
NA12750	0|0	1,0,0
NA12760	0|0	1,0,0
NA12761	0|0	1,0,0
NA12762	0|0	1,0,0
NA12763	0|0	1,0,0
NA12812	1|0	0,0.999,0.001
NA12813	0|0	1,0,0
NA12814	0|0	1,0,0
NA12815	0|0	1,0,0
NA12872	0|0	1,0,0
NA12873	0|0	1,0,0
NA12874	0|0	1,0,0
NA12878	0|0	0.999,0.001,0
NA18526	0|0	0.999,0.001,0
NA18537	0|0	1,0,0
NA18550	0|0	1,0,0
NA18555	0|0	0.997002,0.002996,2e-06
NA18562	1|0	0,1,0
NA18563	0|0	0.74,0.26,0
NA18582	0|0	1,0,0
NA18603	0|0	1,0,0
NA18606	0|0	0.999,0.001,0
NA18621	0|0	0.999,0.001,0
NA18622	0|0	0.998,0.002,0
NA18628	0|0	1,0,0
NA18632	0|0	1,0,0
NA18636	0|0	0.999,0.001,0
NA18647	0|0	0.998001,0.001998,1e-06
NA18942	1|0	0.011988,0.987024,0.000988
NA18945	0|0	1,0,0
NA18947	1|0	0,1,0
NA18951	0|1	0.00300002,0.997,0
NA18952	0|0	1,0,0
NA18953	0|0	1,0,0
NA18956	0|0	0.999,0.001,0
NA18965	0|0	0.999,0.001,0
NA18970	0|0	1,0,0
NA18973	0|0	1,0,0
NA18977	0|0	1,0,0
NA18987	0|0	1,0,0
NA18990	0|0	1,0,0
NA18995	0|0	1,0,0
NA19003	0|1	0,0.999,0.001
NA19010	0|0	0.999,0.001,0
