NA18526	1|1	1.59998e-05,0.016968,0.983016
NA18532	1|1	0,0,1
NA18537	1|1	0,0.00400001,0.996
NA18542	1|1	0,0,1
NA18545	0|1	0.000999987,0.999,0
NA18547	1|0	0,1,0
NA18550	1|1	0,0.00199997,0.998
NA18552	1|0	0.015,0.985,0
NA18555	1|1	0,0.000999987,0.999
NA18558	1|1	0,0,1
NA18561	1|1	0,0,1
NA18562	1|1	0,0,1
NA18563	0|0	1,0,0
NA18564	1|1	0,0.011,0.989
NA18566	0|1	0,1,0
NA18570	1|1	0,0.00999999,0.99
NA18571	1|1	0,0,1
NA18572	1|1	0,0,1
NA18573	1|1	0,0,1
NA18577	1|1	9.99974e-07,0.00199797,0.998001
NA18579	1|0	0.000999987,0.999,0
NA18582	0|0	1,0,0
NA18592	1|1	0,0.000999987,0.999
NA18593	1|1	0,0.00999999,0.99
NA18603	1|1	0.000676001,0.050648,0.948676
NA18605	1|1	0,0,1
NA18608	1|1	0,0,1
NA18609	1|1	0,0,1
NA18611	1|1	0,0,1
NA18612	1|1	0,0,1
NA18620	0|0	1,0,0
NA18621	1|1	0,0,1
NA18622	1|1	0,0,1
NA18623	1|1	0.189225,0.49155,0.319225
NA18624	1|1	0,0,1
NA18632	1|1	0,0,1
NA18633	0|0	1,0,0
NA18635	1|1	2.5e-05,0.00994999,0.990025
NA18636	1|1	0,0,1
NA18637	1|1	0,0,1
NA18940	0|0	1,0,0
NA18942	1|1	0,0,1
NA18943	1|1	0.004489,0.125022,0.870489
NA18944	1|1	3.9999e-06,0.00399195,0.996004
NA18945	0|0	1,0,0
NA18947	1|0	0,1,0
NA18948	1|1	0,0,1
NA18949	0|1	0,0.997,0.003
NA18951	1|1	0,0,1
NA18952	0|0	0.893025,0.10395,0.003025
NA18953	0|0	1,0,0
NA18956	1|1	0,0,1
NA18959	1|1	0,0,1
NA18960	0|0	1,0,0
NA18961	1|1	4.90004e-05,0.0139021,0.986049
NA18964	1|1	0,0.009,0.991
NA18965	1|1	3.9999e-06,0.00399195,0.996004
NA18966	0|0	1,0,0
NA18967	1|1	0,0,1
NA18968	0|1	0,1,0
NA18969	1|1	0,0.017,0.983
NA18970	1|1	0,0,1
NA18971	1|1	0,0,1
NA18972	1|0	0,1,0
NA18973	1|1	0,0,1
NA18974	1|1	0,0,1
NA18975	1|0	0.00300002,0.997,0
NA18976	1|0	0.00299402,0.995012,0.001994
NA18978	1|0	0.000999987,0.999,0
NA18980	1|1	0,0,1
NA18981	1|0	0,1,0
NA18987	0|1	0,0.962,0.038
NA18990	1|1	0.001369,0.071262,0.927369
NA18991	0|1	0.00999999,0.99,0
NA18992	0|1	0,1,0
NA18994	0|0	1,0,0
NA18995	1|1	0,0,1
NA18997	1|0	0,1,0
NA18998	1|1	0,0,1
NA18999	1|1	0,0.00700003,0.993
NA19000	1|1	0,0,1
NA19003	1|0	0,1,0
NA19005	1|1	0,0,1
NA19007	1|1	3.9999e-06,0.00399195,0.996004
NA19012	1|1	9.99974e-07,0.00199797,0.998001
