NA18498	0|0	1,0,0
NA18502	0|0	1,0,0
NA18505	0|0	0.997,0.003,0
NA18507	0|0	1,0,0
NA18508	0|1	0.000999987,0.999,0
NA18517	0|0	1,0,0
NA18519	1|1	0,0,1
NA18867	0|1	0,0.999,0.001
NA18870	0|1	0,1,0
NA18910	0|0	1,0,0
NA19092	0|0	0.998001,0.001998,1e-06
NA19098	1|1	3.59998e-05,0.011928,0.988036
NA19099	1|1	0,0.00400001,0.996
NA19102	1|0	0,1,0
NA19108	1|0	0,0.999,0.001
NA19118	1|0	0,1,0
NA19119	0|0	1,0,0
NA19129	0|0	1,0,0
NA19130	1|1	0,0,1
NA19141	0|0	1,0,0
NA19146	0|0	1,0,0
NA19150	0|0	0.994009,0.005982,9e-06
NA19152	0|0	0.99,0.01,0
NA19160	0|0	1,0,0
NA19171	0|0	1,0,0
NA19189	0|0	1,0,0
NA19204	0|0	1,0,0
NA19206	0|1	0,1,0
NA19207	0|0	0.998001,0.001998,1e-06
NA19209	0|1	0,1,0
NA19213	0|0	1,0,0
NA19240	1|0	0,1,0
NA11829	0|0	1,0,0
NA11830	1|1	0,0.005,0.995
NA11831	1|1	0,0,1
NA11832	1|0	0.013,0.987,0
NA11840	1|1	9.99986e-06,0.00697997,0.99301
NA11881	0|0	1,0,0
NA11994	0|0	0.992016,0.007968,1.6e-05
NA11995	1|1	3.99996e-06,0.004992,0.995004
NA12004	0|0	0.678,0.322,0
NA12005	1|1	0,0,1
NA12043	1|1	0,0,1
NA12044	0|0	1,0,0
NA12144	1|1	9.99974e-07,0.00199797,0.998001
NA12154	0|0	1,0,0
NA12155	0|0	1,0,0
NA12156	0|1	0.00199997,0.998,0
NA12234	0|0	0.999,0.001,0
NA12717	0|1	0.395,0.605,0
NA12750	1|1	3.9999e-06,0.00399195,0.996004
NA12760	0|0	1,0,0
NA12761	0|0	0.999,0.001,0
NA12762	0|0	0.998001,0.001998,1e-06
NA12763	0|1	0,1,0
NA12812	1|1	0.000169,0.025662,0.974169
NA12813	1|1	9.99974e-07,0.00199797,0.998001
NA12814	0|0	0.998001,0.001998,1e-06
NA12815	1|1	1.99995e-06,0.00299596,0.997002
NA12872	1|1	0,0,1
NA12873	0|1	0,0.999,0.001
NA12874	0|0	1,0,0
NA12878	1|1	0.00019,0.02862,0.97119
NA18526	0|1	0,0.744,0.256
NA18537	1|1	2.4e-05,0.00995199,0.990024
NA18550	1|1	9.99974e-07,0.00199797,0.998001
NA18555	0|1	0,1,0
NA18562	1|1	0,0,1
NA18563	1|1	0,0,1
NA18582	1|1	3.20001e-05,0.011936,0.988032
NA18603	1|1	0.000289001,0.033422,0.966289
NA18606	1|1	0,0,1
NA18621	1|1	3.9999e-06,0.00399195,0.996004
NA18622	0|0	1,0,0
NA18628	1|1	0.000150001,0.0527,0.94715
NA18632	1|1	4.90004e-05,0.0139021,0.986049
NA18636	1|1	0,0,1
NA18647	1|1	0,0,1
NA18942	0|0	0.64,0.36,0
NA18945	1|1	0,0,1
NA18947	1|1	0,0,1
NA18951	1|0	0.00400001,0.996,0
NA18952	1|1	0,0,1
NA18953	0|0	1,0,0
NA18956	0|0	1,0,0
NA18965	0|0	0.998001,0.001998,1e-06
NA18970	1|1	9.99974e-07,0.00199797,0.998001
NA18973	0|0	1,0,0
NA18977	0|0	1,0,0
NA18987	0|1	0.000999987,0.999,0
NA18990	1|1	0,0,1
NA18995	1|1	9.00013e-06,0.00598204,0.994009
NA19003	1|1	1.99995e-06,0.00299596,0.997002
NA19010	1|1	0,0.000999987,0.999
