NA11829	0|0	1,0,0
NA11830	1|1	0,0.005,0.995
NA11831	1|1	0,0,1
NA11832	1|0	0.013,0.987,0
NA11840	1|1	9.99986e-06,0.00697997,0.99301
NA11881	0|0	1,0,0
NA11994	0|0	0.992016,0.007968,1.6e-05
NA11995	1|1	3.99996e-06,0.004992,0.995004
NA12004	0|0	0.678,0.322,0
NA12005	1|1	0,0,1
NA12043	1|1	0,0,1
NA12044	0|0	1,0,0
NA12144	1|1	9.99974e-07,0.00199797,0.998001
NA12154	0|0	1,0,0
NA12155	0|0	1,0,0
NA12156	0|1	0.00199997,0.998,0
NA12234	0|0	0.999,0.001,0
NA12717	0|1	0.395,0.605,0
NA12750	1|1	3.9999e-06,0.00399195,0.996004
NA12760	0|0	1,0,0
NA12761	0|0	0.999,0.001,0
NA12762	0|0	0.998001,0.001998,1e-06
NA12763	0|1	0,1,0
NA12812	1|1	0.000169,0.025662,0.974169
NA12813	1|1	9.99974e-07,0.00199797,0.998001
NA12814	0|0	0.998001,0.001998,1e-06
NA12815	1|1	1.99995e-06,0.00299596,0.997002
NA12872	1|1	0,0,1
NA12873	0|1	0,0.999,0.001
NA12874	0|0	1,0,0
NA12878	1|1	0.00019,0.02862,0.97119
