NA18526	1|0	1	0,1,0
NA18532	1|1	2	0,0,1
NA18537	0|0	0.19	0.81,0.19,0
NA18542	0|0	0.04	0.96,0.04,0
NA18545	1|0	1	0,1,0
NA18547	0|0	0	1,0,0
NA18550	0|1	1	0,1,0
NA18552	0|1	0.57	0.43,0.57,0
NA18555	1|1	1.74	0,0.26,0.74
NA18558	0|0	0	1,0,0
NA18561	0|0	0	1,0,0
NA18563	1|0	1	0,1,0
NA18564	0|1	1	0,1,0
NA18566	1|1	2	0,0,1
NA18570	0|1	1	0,1,0
NA18571	0|0	0	1,0,0
NA18572	0|0	0	1,0,0
NA18573	0|0	0.23	0.77,0.23,0
NA18577	1|1	1.59	0,0.4,0.6
NA18579	0|0	0	1,0,0
NA18582	0|0	0	1,0,0
NA18592	1|1	1.77	0.01,0.21,0.78
NA18593	0|0	0	1,0,0
NA18603	0|0	0	1,0,0
NA18605	0|1	1.08	0,0.92,0.08
NA18606	0|0	0.01	0.99,0.01,0
NA18608	1|0	1	0,1,0
NA18609	0|0	0	1,0,0
NA18611	0|0	0	1,0,0
NA18612	0|0	0.01	0.99,0.01,0
NA18620	0|1	1	0,1,0
NA18621	0|1	1	0,1,0
NA18622	1|0	1	0,1,0
NA18623	0|0	0	1,0,0
NA18624	1|1	2	0,0,1
NA18628	1|0	1	0,1,0
NA18632	1|0	1	0,1,0
NA18633	1|0	1.01	0.02,0.95,0.03
NA18635	1|0	1	0,1,0
NA18636	0|1	0.95	0.05,0.95,0
NA18637	0|1	0.99	0.01,0.99,0
NA18647	0|0	0	1,0,0
NA18940	1|0	1	0,1,0
NA18942	0|1	0.5	0.5,0.5,0
NA18943	1|0	1.02	0,0.98,0.02
NA18944	0|0	0	1,0,0
NA18945	0|0	0	1,0,0
NA18947	0|1	0.65	0.35,0.65,0
NA18948	1|0	1	0,1,0
NA18949	0|0	0.31	0.69,0.31,0
NA18951	0|1	1	0,1,0
NA18952	0|0	0	1,0,0
NA18953	0|1	0.91	0.09,0.91,0
NA18956	0|1	1	0,1,0
NA18959	0|0	0	1,0,0
NA18960	1|0	1	0,1,0
NA18961	0|0	0	1,0,0
NA18964	1|1	2	0,0,1
NA18965	0|1	1	0,1,0
NA18966	0|0	0	1,0,0
NA18967	0|0	0.08	0.92,0.08,0
NA18968	1|0	1	0,1,0
NA18969	1|1	1.87	0,0.13,0.87
NA18970	0|1	1.02	0,0.98,0.02
NA18971	1|1	1.61	0,0.39,0.61
NA18972	0|1	1	0,1,0
NA18973	0|1	0.83	0.17,0.83,0
NA18974	0|0	0	1,0,0
NA18975	0|1	1.02	0,0.98,0.02
NA18976	0|0	0	1,0,0
NA18977	1|0	1	0,1,0
NA18978	1|1	2	0,0,1
NA18980	1|0	1	0,1,0
NA18981	0|1	1	0,1,0
NA18987	0|0	0	1,0,0
NA18990	0|1	1	0,1,0
NA18991	1|0	1	0,1,0
NA18992	0|0	0	1,0,0
NA18994	0|0	0.01	0.99,0.01,0
NA18995	0|1	1	0,1,0
NA18997	1|0	1	0,1,0
NA18998	0|0	0	1,0,0
NA18999	0|0	0	1,0,0
NA19000	0|1	1	0,1,0
NA19003	1|0	1	0,1,0
NA19005	0|1	1.01	0,0.99,0.01
NA19007	1|0	1	0,1,0
NA19010	0|1	1	0,1,0
NA19012	1|0	1	0,1,0
