NA18498	0|0	0	1,0,0
NA18500	1|0	1	0,1,0
NA18501	0|0	0	1,0,0
NA18502	1|1	2	0,0,1
NA18503	1|0	1	0,1,0
NA18504	0|0	0	1,0,0
NA18505	1|0	1	0,1,0
NA18506	1|1	2	0,0,1
NA18507	1|0	1	0,1,0
NA18508	1|1	2	0,0,1
NA18515	1|0	1	0,1,0
NA18516	1|1	2	0,0,1
NA18517	1|0	1	0,1,0
NA18519	0|0	0	1,0,0
NA18521	1|1	2	0,0,1
NA18522	1|0	1.26	0,0.74,0.26
NA18523	1|0	1	0,1,0
NA18852	1|1	1.78	0,0.22,0.78
NA18853	1|1	2	0,0,1
NA18854	1|1	2	0,0,1
NA18855	0|0	0.03	0.97,0.03,0
NA18856	0|1	1	0,1,0
NA18857	1|0	1	0,1,0
NA18858	1|1	2	0,0,1
NA18859	1|1	2	0,0,1
NA18860	1|1	2	0,0,1
NA18861	1|1	2	0,0,1
NA18862	1|0	1	0,1,0
NA18863	0|1	1	0,1,0
NA18867	1|0	1	0,1,0
NA18870	1|0	1	0,1,0
NA18871	1|1	2	0,0,1
NA18872	1|1	2	0,0,1
NA18910	1|1	2	0,0,1
NA18912	0|1	1	0,1,0
NA18913	1|1	2	0,0,1
NA18914	1|1	2	0,0,1
NA19027	1|1	1.96	0,0.04,0.96
NA19028	1|0	1	0,1,0
NA19031	1|1	2	0,0,1
NA19035	1|0	1	0,1,0
NA19036	0|0	0	1,0,0
NA19038	0|0	0	1,0,0
NA19041	0|1	1	0,1,0
NA19092	0|1	1	0,1,0
NA19093	0|0	0	1,0,0
NA19094	0|1	1	0,1,0
NA19098	0|1	1	0,1,0
NA19099	1|0	1	0,1,0
NA19100	1|1	2	0,0,1
NA19101	1|1	2	0,0,1
NA19102	1|1	2	0,0,1
NA19103	1|1	2	0,0,1
NA19108	1|0	1	0,1,0
NA19116	0|0	0	1,0,0
NA19118	0|1	1	0,1,0
NA19119	1|1	2	0,0,1
NA19120	1|0	1	0,1,0
NA19127	0|0	0	1,0,0
NA19128	0|1	1	0,1,0
NA19129	1|0	1	0,1,0
NA19130	1|0	1.45	0,0.55,0.45
NA19131	0|0	0	1,0,0
NA19132	1|0	1	0,1,0
NA19137	0|0	0	1,0,0
NA19138	0|0	0.39	0.61,0.39,0
NA19139	0|0	0	1,0,0
NA19140	0|1	1	0,1,0
NA19141	0|0	0	1,0,0
NA19142	0|0	0	1,0,0
NA19143	0|0	0.17	0.83,0.17,0
NA19144	0|0	0	1,0,0
NA19145	0|0	0	1,0,0
NA19146	0|0	0	1,0,0
NA19150	0|1	1	0,1,0
NA19152	0|1	1	0,1,0
NA19153	0|0	0	1,0,0
NA19154	0|1	1	0,1,0
NA19159	1|1	2	0,0,1
NA19160	1|0	1	0,1,0
NA19161	0|1	1	0,1,0
NA19171	0|1	1	0,1,0
NA19172	0|1	1	0,1,0
NA19173	1|1	2	0,0,1
NA19189	1|0	1	0,1,0
NA19200	0|0	0	1,0,0
NA19201	0|0	0	1,0,0
NA19202	0|0	0	1,0,0
NA19203	1|0	1	0,1,0
NA19204	1|1	2	0,0,1
NA19205	1|1	2	0,0,1
NA19206	0|0	0	1,0,0
NA19207	0|1	1	0,1,0
NA19208	1|0	1	0,1,0
NA19209	0|0	0	1,0,0
NA19210	1|1	2	0,0,1
NA19211	1|0	1	0,1,0
NA19213	1|1	2	0,0,1
NA19221	0|1	1	0,1,0
NA19222	0|0	0	1,0,0
NA19223	1|1	2	0,0,1
NA19238	1|1	2	0,0,1
NA19239	1|1	2	0,0,1
NA19240	1|1	2	0,0,1
NA19307	1|0	1	0,1,0
NA19308	1|0	1	0,1,0
NA19309	0|1	1	0,1,0
NA19310	1|1	1.88	0,0.12,0.88
NA19314	1|1	2	0,0,1
NA19315	0|1	1	0,1,0
NA19316	1|1	1.89	0,0.11,0.89
NA19317	0|0	0.33	0.67,0.33,0
NA19318	0|0	0	1,0,0
NA19319	0|0	0	1,0,0
NA19321	1|0	1	0,1,0
NA19324	1|1	2	0,0,1
NA19327	0|0	0.01	0.99,0.01,0
NA19328	1|0	1	0,1,0
NA19332	1|1	2	0,0,1
NA19334	0|1	0.72	0.28,0.72,0
NA19346	1|1	2	0,0,1
NA19347	1|0	1	0,1,0
NA19350	1|1	1.97	0,0.03,0.97
NA19360	1|0	1	0,1,0
NA19372	1|1	2	0,0,1
NA19374	1|1	2	0,0,1
NA19375	1|1	1.63	0,0.37,0.63
NA19376	0|0	0	1,0,0
NA19377	1|0	1	0,1,0
NA19379	0|1	1	0,1,0
NA19380	0|0	0.12	0.88,0.12,0
NA19384	1|0	1	0,1,0
NA19385	0|0	0	1,0,0
NA19390	0|1	1	0,1,0
NA19391	1|0	1.04	0,0.96,0.04
NA19393	0|1	1	0,1,0
NA19394	1|1	2	0,0,1
NA19397	0|1	1	0,1,0
NA19399	0|0	0	1,0,0
NA19403	0|1	1	0,1,0
NA19404	0|0	0	1,0,0
NA19428	0|1	1	0,1,0
NA19429	0|0	0	1,0,0
NA19430	1|1	2	0,0,1
NA19431	0|0	0	1,0,0
NA19434	0|1	1	0,1,0
NA19435	1|0	1	0,1,0
NA19436	1|0	1	0,1,0
NA19437	1|1	2	0,0,1
NA19438	1|1	2	0,0,1
NA19439	1|0	1	0,1,0
NA19440	1|0	1	0,1,0
NA19443	1|0	0.68	0.32,0.67,0.01
NA19445	0|0	0	1,0,0
NA19446	0|0	0	1,0,0
NA19448	1|0	0.67	0.33,0.67,0
NA19449	1|1	2	0,0,1
NA19451	1|1	2	0,0,1
NA19452	0|1	1	0,1,0
NA19455	0|1	1	0,1,0
NA19457	1|1	2	0,0,1
NA19462	1|1	2	0,0,1
NA19463	1|0	1	0,1,0
NA19466	1|0	1	0,1,0
NA19467	0|0	0.07	0.93,0.07,0
NA19468	1|1	2	0,0,1
NA19471	1|1	2	0,0,1
NA19472	1|0	1	0,1,0
NA19473	0|0	0	1,0,0
NA19474	0|0	0.07	0.93,0.07,0
NA06985	0|0	0	1,0,0
NA06991	0|0	0	1,0,0
NA06993	0|0	0	1,0,0
NA06994	0|1	1	0,1,0
NA07000	0|0	0.01	0.99,0.01,0
NA07019	0|0	0	1,0,0
NA07022	0|0	0	1,0,0
NA07029	1|0	1	0,1,0
NA07034	0|0	0	1,0,0
NA07048	0|0	0	1,0,0
NA07055	0|0	0	1,0,0
NA07056	0|0	0	1,0,0
NA07345	0|0	0	1,0,0
NA07348	0|0	0	1,0,0
NA07357	0|0	0	1,0,0
NA10830	1|0	0.55	0.45,0.55,0
NA10831	0|0	0	1,0,0
NA10838	0|0	0	1,0,0
NA10839	0|1	1	0,1,0
NA10846	0|0	0	1,0,0
NA10847	0|1	1	0,1,0
NA10851	0|0	0	1,0,0
NA10854	0|1	1	0,1,0
NA10855	0|0	0	1,0,0
NA10857	0|1	1	0,1,0
NA10859	1|0	1	0,1,0
NA10860	0|0	0	1,0,0
NA10861	1|1	2	0,0,1
NA10863	1|0	1	0,1,0
NA11829	0|0	0.33	0.67,0.33,0
NA11830	0|0	0.01	0.99,0.01,0
NA11831	0|0	0.01	0.99,0.01,0
NA11832	0|0	0	1,0,0
NA11839	0|0	0	1,0,0
NA11840	1|0	1	0,1,0
NA11881	1|0	1	0,1,0
NA11882	0|0	0.07	0.93,0.07,0
NA11992	0|0	0	1,0,0
NA11993	0|0	0	1,0,0
NA11994	1|0	1	0,1,0
NA11995	1|0	1	0,1,0
NA12003	0|0	0	1,0,0
NA12004	0|0	0	1,0,0
NA12005	0|0	0	1,0,0
NA12006	0|1	1	0,1,0
NA12043	0|0	0	1,0,0
NA12044	0|1	1	0,1,0
NA12056	0|0	0	1,0,0
NA12057	1|0	1	0,1,0
NA12144	0|0	0	1,0,0
NA12145	0|0	0	1,0,0
NA12146	0|0	0	1,0,0
NA12154	0|0	0	1,0,0
NA12155	0|0	0	1,0,0
NA12156	1|0	1	0,1,0
NA12234	1|1	2	0,0,1
NA12239	1|0	1	0,1,0
NA12248	0|0	0	1,0,0
NA12264	0|1	1	0,1,0
NA12707	0|0	0	1,0,0
NA12716	0|0	0	1,0,0
NA12717	0|0	0	1,0,0
NA12740	0|0	0	1,0,0
NA12750	0|0	0	1,0,0
NA12751	0|0	0	1,0,0
NA12752	0|0	0	1,0,0
NA12753	0|0	0	1,0,0
NA12760	0|0	0	1,0,0
NA12761	0|0	0	1,0,0
NA12762	0|0	0	1,0,0
NA12763	0|0	0.49	0.51,0.49,0
NA12801	0|0	0	1,0,0
NA12802	0|0	0	1,0,0
NA12812	0|0	0	1,0,0
NA12813	0|0	0	1,0,0
NA12814	0|0	0	1,0,0
NA12815	0|1	0.97	0.03,0.97,0
NA12864	1|1	2	0,0,1
NA12865	1|0	1	0,1,0
NA12872	1|0	1	0,1,0
NA12873	0|1	1	0,1,0
NA12874	0|1	1	0,1,0
NA12878	1|0	1	0,1,0
NA12891	1|0	1	0,1,0
NA12892	0|0	0	1,0,0
NA20502	0|0	0	1,0,0
NA20504	0|0	0	1,0,0
NA20505	0|0	0.02	0.98,0.02,0
NA20506	0|0	0	1,0,0
NA20508	0|0	0	1,0,0
NA20509	1|0	0.55	0.45,0.55,0
NA20510	0|0	0.12	0.88,0.12,0
NA20512	0|0	0.17	0.83,0.17,0
NA20515	0|0	0	1,0,0
NA20517	0|0	0	1,0,0
NA20518	0|0	0	1,0,0
NA20519	1|0	1	0,1,0
NA20520	0|1	1	0,1,0
NA20522	0|0	0	1,0,0
NA20524	1|0	1	0,1,0
NA20525	0|0	0	1,0,0
NA20527	0|0	0	1,0,0
NA20528	0|0	0	1,0,0
NA20529	0|1	1	0,1,0
NA20530	0|0	0	1,0,0
NA20531	1|0	1	0,1,0
NA20534	0|0	0	1,0,0
NA20535	0|1	0.95	0.05,0.95,0
NA20538	0|0	0.07	0.93,0.07,0
NA20539	0|0	0	1,0,0
NA20540	1|0	0.55	0.47,0.52,0.02
NA20541	1|0	1	0,1,0
NA20542	1|0	1	0,1,0
NA20543	0|0	0	1,0,0
NA20544	0|0	0	1,0,0
NA20581	1|0	1	0,1,0
NA20582	0|0	0	1,0,0
NA20585	1|0	0.66	0.34,0.66,0
NA20586	0|0	0	1,0,0
NA20588	0|0	0	1,0,0
NA20589	0|0	0	1,0,0
NA20752	1|0	1	0,1,0
NA20753	0|0	0	1,0,0
NA20754	0|0	0.01	0.99,0.01,0
NA20755	0|0	0	1,0,0
NA20756	0|0	0	1,0,0
NA20757	0|0	0	1,0,0
NA20758	0|0	0	1,0,0
NA20759	0|0	0	1,0,0
NA20760	0|1	1	0,1,0
NA20761	0|0	0.19	0.81,0.19,0
NA20765	0|1	1	0,1,0
NA20766	0|0	0	1,0,0
NA20768	0|1	1	0,1,0
NA20769	0|0	0	1,0,0
NA20770	0|0	0	1,0,0
NA20771	0|0	0	1,0,0
NA20772	0|0	0	1,0,0
NA20773	0|0	0	1,0,0
NA20774	0|1	1	0,1,0
NA20775	0|0	0	1,0,0
NA20778	1|0	1.01	0,0.99,0.01
NA20783	0|0	0	1,0,0
NA20785	0|0	0	1,0,0
NA20786	0|0	0	1,0,0
NA20787	0|1	1	0,1,0
NA20790	1|1	1.97	0,0.03,0.97
NA20792	0|1	1	0,1,0
NA20795	0|0	0	1,0,0
NA20796	0|0	0	1,0,0
NA20797	1|0	0.98	0.02,0.98,0
NA20798	0|0	0.1	0.9,0.1,0
NA20799	0|0	0	1,0,0
NA20800	0|0	0	1,0,0
NA20801	0|0	0	1,0,0
NA20802	0|0	0	1,0,0
NA20803	0|1	1.43	0,0.57,0.43
NA20804	0|0	0.14	0.86,0.14,0
NA20805	0|1	0.99	0.01,0.99,0
NA20806	0|1	1	0,1,0
NA20807	0|0	0.49	0.51,0.49,0
NA20808	0|0	0	1,0,0
NA20809	0|0	0	1,0,0
NA20810	1|0	1	0,1,0
NA20811	1|0	1	0,1,0
NA20812	0|0	0	1,0,0
NA20813	1|0	1	0,1,0
NA20815	0|0	0	1,0,0
NA20819	0|0	0	1,0,0
NA20826	0|1	1	0,1,0
NA20828	1|0	1	0,1,0
NA18526	1|0	1	0,1,0
NA18532	1|1	2	0,0,1
NA18537	0|0	0.19	0.81,0.19,0
NA18542	0|0	0.04	0.96,0.04,0
NA18545	1|0	1	0,1,0
NA18547	0|0	0	1,0,0
NA18550	0|1	1	0,1,0
NA18552	0|1	0.57	0.43,0.57,0
NA18555	1|1	1.74	0,0.26,0.74
NA18558	0|0	0	1,0,0
NA18561	0|0	0	1,0,0
NA18563	1|0	1	0,1,0
NA18564	0|1	1	0,1,0
NA18566	1|1	2	0,0,1
NA18570	0|1	1	0,1,0
NA18571	0|0	0	1,0,0
NA18572	0|0	0	1,0,0
NA18573	0|0	0.23	0.77,0.23,0
NA18577	1|1	1.59	0,0.4,0.6
NA18579	0|0	0	1,0,0
NA18582	0|0	0	1,0,0
NA18592	1|1	1.77	0.01,0.21,0.78
NA18593	0|0	0	1,0,0
NA18603	0|0	0	1,0,0
NA18605	0|1	1.08	0,0.92,0.08
NA18606	0|0	0.01	0.99,0.01,0
NA18608	1|0	1	0,1,0
NA18609	0|0	0	1,0,0
NA18611	0|0	0	1,0,0
NA18612	0|0	0.01	0.99,0.01,0
NA18620	0|1	1	0,1,0
NA18621	0|1	1	0,1,0
NA18622	1|0	1	0,1,0
NA18623	0|0	0	1,0,0
NA18624	1|1	2	0,0,1
NA18628	1|0	1	0,1,0
NA18632	1|0	1	0,1,0
NA18633	1|0	1.01	0.02,0.95,0.03
NA18635	1|0	1	0,1,0
NA18636	0|1	0.95	0.05,0.95,0
NA18637	0|1	0.99	0.01,0.99,0
NA18647	0|0	0	1,0,0
NA18940	1|0	1	0,1,0
NA18942	0|1	0.5	0.5,0.5,0
NA18943	1|0	1.02	0,0.98,0.02
NA18944	0|0	0	1,0,0
NA18945	0|0	0	1,0,0
NA18947	0|1	0.65	0.35,0.65,0
NA18948	1|0	1	0,1,0
NA18949	0|0	0.31	0.69,0.31,0
NA18951	0|1	1	0,1,0
NA18952	0|0	0	1,0,0
NA18953	0|1	0.91	0.09,0.91,0
NA18956	0|1	1	0,1,0
NA18959	0|0	0	1,0,0
NA18960	1|0	1	0,1,0
NA18961	0|0	0	1,0,0
NA18964	1|1	2	0,0,1
NA18965	0|1	1	0,1,0
NA18966	0|0	0	1,0,0
NA18967	0|0	0.08	0.92,0.08,0
NA18968	1|0	1	0,1,0
NA18969	1|1	1.87	0,0.13,0.87
NA18970	0|1	1.02	0,0.98,0.02
NA18971	1|1	1.61	0,0.39,0.61
NA18972	0|1	1	0,1,0
NA18973	0|1	0.83	0.17,0.83,0
NA18974	0|0	0	1,0,0
NA18975	0|1	1.02	0,0.98,0.02
NA18976	0|0	0	1,0,0
NA18977	1|0	1	0,1,0
NA18978	1|1	2	0,0,1
NA18980	1|0	1	0,1,0
NA18981	0|1	1	0,1,0
NA18987	0|0	0	1,0,0
NA18990	0|1	1	0,1,0
NA18991	1|0	1	0,1,0
NA18992	0|0	0	1,0,0
NA18994	0|0	0.01	0.99,0.01,0
NA18995	0|1	1	0,1,0
NA18997	1|0	1	0,1,0
NA18998	0|0	0	1,0,0
NA18999	0|0	0	1,0,0
NA19000	0|1	1	0,1,0
NA19003	1|0	1	0,1,0
NA19005	0|1	1.01	0,0.99,0.01
NA19007	1|0	1	0,1,0
NA19010	0|1	1	0,1,0
NA19012	1|0	1	0,1,0
