NA18526	0|1	0,1,0
NA18537	1|1	0,0.000999987,0.999
NA18550	0|0	1,0,0
NA18555	0|1	0,1,0
NA18562	0|1	0.021,0.979,0
NA18563	1|0	0.000999987,0.999,0
NA18582	0|0	1,0,0
NA18603	1|1	0,0.000999987,0.999
NA18606	0|1	0.010989,0.988022,0.000989
NA18621	1|1	0,0,1
NA18622	1|0	0.014,0.986,0
NA18628	0|1	0.00999999,0.99,0
NA18632	0|0	0.999,0.001,0
NA18636	0|1	0,1,0
NA18647	0|1	0.00199997,0.998,0
NA18942	0|1	0.013,0.987,0
NA18945	0|0	1,0,0
NA18947	0|0	1,0,0
NA18951	1|0	0,0.999,0.001
NA18952	1|1	5.99991e-06,0.00698797,0.993006
NA18953	0|1	0.000999987,0.999,0
NA18956	0|0	1,0,0
NA18965	0|1	0,1,0
NA18970	1|0	0,1,0
NA18973	0|1	0.00300002,0.997,0
NA18977	0|0	0.998001,0.001998,1e-06
NA18987	1|0	0.00300002,0.997,0
NA18990	0|0	0.999,0.001,0
NA18995	0|1	0.00599998,0.994,0
NA19003	0|1	0.000995987,0.995008,0.003996
NA19010	0|1	0.00300002,0.997,0
