NA18498	0|0	1,0,0
NA18502	0|0	1,0,0
NA18505	1|1	0,0,1
NA18507	0|1	0.389,0.611,0
NA18508	0|0	0.999,0.001,0
NA18517	0|1	0.003885,0.77423,0.221885
NA18519	0|0	1,0,0
NA18867	0|1	0.000999987,0.999,0
NA18870	0|1	0.000999987,0.999,0
NA18910	0|0	0.981,0.019,0
NA19092	0|1	0,0.978,0.022
NA19098	0|1	0,1,0
NA19099	0|0	0.999,0.001,0
NA19102	1|0	0,1,0
NA19108	0|1	0.005,0.995,0
NA19119	1|0	0,1,0
NA19129	0|0	0.998,0.002,0
NA19130	0|0	0.996,0.004,0
NA19141	1|1	1.60001e-05,0.00796802,0.992016
NA19146	1|1	9.99974e-07,0.00199797,0.998001
NA19150	0|0	0.999,0.001,0
NA19152	1|1	0,0.00599998,0.994
NA19160	0|0	1,0,0
NA19171	1|0	0,1,0
NA19189	0|0	0.967,0.033,0
NA19204	0|0	1,0,0
NA19206	1|0	0.382305,0.61339,0.004305
NA19207	0|0	1,0,0
NA19209	0|1	0.00300002,0.997,0
NA19213	0|0	1,0,0
NA11829	0|0	0.999,0.001,0
NA11830	0|0	1,0,0
NA11831	0|0	0.889,0.111,0
NA11832	0|0	0.999,0.001,0
NA11840	0|0	1,0,0
NA11881	0|0	1,0,0
NA11994	0|0	1,0,0
NA11995	0|0	1,0,0
NA12004	0|0	0.999,0.001,0
NA12005	0|0	1,0,0
NA12043	0|0	0.999,0.001,0
NA12044	0|0	1,0,0
NA12144	0|0	1,0,0
NA12154	0|0	0.979,0.021,0
NA12155	0|0	0.9,0.1,0
NA12156	0|0	1,0,0
NA12234	0|0	1,0,0
NA12717	0|1	0.451,0.549,0
NA12750	0|1	0,1,0
NA12760	0|0	1,0,0
NA12761	0|0	0.999,0.001,0
NA12762	0|0	1,0,0
NA12763	0|0	1,0,0
NA12812	0|0	1,0,0
NA12813	0|0	1,0,0
NA12814	0|0	1,0,0
NA12815	0|0	1,0,0
NA12872	0|0	1,0,0
NA12873	0|0	0.999,0.001,0
NA12874	0|0	1,0,0
NA12878	0|0	0.999,0.001,0
NA18526	0|0	1,0,0
NA18537	0|0	1,0,0
NA18550	0|0	1,0,0
NA18555	0|0	1,0,0
NA18562	0|0	1,0,0
NA18563	0|0	1,0,0
NA18582	0|0	1,0,0
NA18603	0|0	1,0,0
NA18606	0|0	1,0,0
NA18621	0|0	1,0,0
NA18622	0|0	1,0,0
NA18628	0|0	0.973,0.027,0
NA18632	0|0	1,0,0
NA18636	0|0	1,0,0
NA18647	0|0	1,0,0
NA18942	0|0	1,0,0
NA18945	1|0	0.045,0.955,0
NA18947	1|0	0.00400001,0.996,0
NA18951	0|0	1,0,0
NA18952	0|0	0.768,0.232,0
NA18953	0|0	1,0,0
NA18956	0|0	1,0,0
NA18965	0|0	1,0,0
NA18970	0|0	1,0,0
NA18973	0|0	0.999,0.001,0
NA18977	0|0	1,0,0
NA18987	0|0	1,0,0
NA18990	0|0	1,0,0
NA18995	0|0	1,0,0
NA19003	0|0	1,0,0
NA19010	0|0	1,0,0
