NA11829	1|1	0,0,1
NA11830	1|0	0,1,0
NA11831	0|0	1,0,0
NA11832	0|1	0,1,0
NA11840	0|0	1,0,0
NA11881	0|0	1,0,0
NA11994	0|0	1,0,0
NA11995	0|0	1,0,0
NA12004	0|1	0,0.999,0.001
NA12005	1|1	0,0,1
NA12043	1|1	0,0,1
NA12044	0|0	0.999,0.001,0
NA12144	0|0	1,0,0
NA12154	0|0	1,0,0
NA12155	1|1	0,0,1
NA12156	1|1	2.99996e-05,0.01694,0.98303
NA12234	0|0	0.999,0.001,0
NA12717	0|0	0.999,0.001,0
NA12750	0|0	1,0,0
NA12760	0|0	1,0,0
NA12761	0|0	1,0,0
NA12762	0|0	1,0,0
NA12763	0|1	0.00199997,0.998,0
NA12812	0|0	0.998001,0.001998,1e-06
NA12813	0|1	0,1,0
NA12814	0|0	1,0,0
NA12815	0|0	1,0,0
NA12872	1|1	0.000169,0.025662,0.974169
NA12873	1|1	0,0,1
NA12874	1|1	0,0,1
NA12878	0|1	0.00300002,0.997,0
