NA18498	0|0	0.998001,0.001998,1e-06
NA18502	1|0	0,1,0
NA18505	1|0	0,1,0
NA18507	1|1	9.99974e-07,0.00199797,0.998001
NA18508	0|1	0,1,0
NA18517	1|1	0,0,1
NA18519	0|0	1,0,0
NA18867	0|0	1,0,0
NA18870	0|1	0.00999999,0.99,0
NA18910	0|0	1,0,0
NA19092	0|0	0.996004,0.003992,4e-06
NA19098	1|1	0,0,1
NA19099	1|1	0,0,1
NA19102	1|0	0.000940988,0.940118,0.058941
NA19108	1|0	0,1,0
NA19118	1|1	0,0.00400001,0.996
NA19119	0|0	1,0,0
NA19129	1|0	0.032184,0.865632,0.102184
NA19130	0|0	1,0,0
NA19141	1|1	0,0,1
NA19146	0|0	0.998001,0.001998,1e-06
NA19150	1|1	0,0,1
NA19152	1|1	3.79995e-05,0.020924,0.979038
NA19160	1|1	0,0,1
NA19171	0|0	1,0,0
NA19189	0|0	1,0,0
NA19204	1|0	0.000999987,0.999,0
NA19206	0|0	1,0,0
NA19207	0|0	1,0,0
NA19209	1|0	0.124,0.876,0
NA19213	0|0	1,0,0
NA19240	1|0	0,1,0
NA11829	1|1	0,0,1
NA11830	1|0	0,1,0
NA11831	0|0	1,0,0
NA11832	0|1	0,1,0
NA11840	0|0	1,0,0
NA11881	0|0	1,0,0
NA11994	0|0	1,0,0
NA11995	0|0	1,0,0
NA12004	0|1	0,0.999,0.001
NA12005	1|1	0,0,1
NA12043	1|1	0,0,1
NA12044	0|0	0.999,0.001,0
NA12144	0|0	1,0,0
NA12154	0|0	1,0,0
NA12155	1|1	0,0,1
NA12156	1|1	2.99996e-05,0.01694,0.98303
NA12234	0|0	0.999,0.001,0
NA12717	0|0	0.999,0.001,0
NA12750	0|0	1,0,0
NA12760	0|0	1,0,0
NA12761	0|0	1,0,0
NA12762	0|0	1,0,0
NA12763	0|1	0.00199997,0.998,0
NA12812	0|0	0.998001,0.001998,1e-06
NA12813	0|1	0,1,0
NA12814	0|0	1,0,0
NA12815	0|0	1,0,0
NA12872	1|1	0.000169,0.025662,0.974169
NA12873	1|1	0,0,1
NA12874	1|1	0,0,1
NA12878	0|1	0.00300002,0.997,0
NA18526	0|0	1,0,0
NA18537	0|0	0.999,0.001,0
NA18550	0|0	1,0,0
NA18555	0|0	1,0,0
NA18562	0|0	1,0,0
NA18563	0|0	1,0,0
NA18582	1|1	0.002088,0.181824,0.816088
NA18603	0|0	1,0,0
NA18606	1|1	0.137641,0.466718,0.395641
NA18621	0|0	1,0,0
NA18622	0|0	0.933156,0.065688,0.001156
NA18628	0|0	1,0,0
NA18632	0|0	1,0,0
NA18636	0|0	1,0,0
NA18647	1|1	6.40003e-05,0.015872,0.984064
NA18942	1|0	0,1,0
NA18945	0|0	1,0,0
NA18947	0|0	0.959,0.041,0
NA18951	0|0	1,0,0
NA18952	0|0	1,0,0
NA18953	0|0	1,0,0
NA18956	0|0	0.952,0.048,0
NA18965	1|1	0.020449,0.245102,0.734449
NA18970	0|0	1,0,0
NA18973	0|1	0,1,0
NA18977	0|0	1,0,0
NA18987	0|0	1,0,0
NA18990	1|1	0,0,1
NA18995	1|1	9.99974e-07,0.00199797,0.998001
NA19003	0|0	1,0,0
NA19010	0|1	0,0.961,0.039
