NA18498	0|0	1,0,0
NA18502	0|1	0.000999987,0.999,0
NA18505	1|0	0,1,0
NA18507	0|0	1,0,0
NA18508	0|1	0.000999987,0.999,0
NA18517	0|0	1,0,0
NA18519	1|1	0,0,1
NA18867	0|0	1,0,0
NA18870	1|0	0,1,0
NA18910	0|0	1,0,0
NA19092	0|0	1,0,0
NA19098	0|0	0.982081,0.017838,8.1e-05
NA19099	0|0	0.989,0.011,0
NA19102	0|1	0.00400001,0.996,0
NA19108	0|0	1,0,0
NA19118	0|1	0.059,0.941,0
NA19119	0|0	1,0,0
NA19129	0|1	0,1,0
NA19130	1|1	0,0,1
NA19141	1|1	9.00013e-06,0.00598204,0.994009
NA19146	0|0	1,0,0
NA19150	0|0	1,0,0
NA19152	1|1	0,0.00700003,0.993
NA19160	0|0	1,0,0
NA19171	0|0	1,0,0
NA19189	1|1	0,0,1
NA19204	1|0	0.005,0.995,0
NA19206	1|1	0,0.00199997,0.998
NA19207	0|0	1,0,0
NA19209	0|0	1,0,0
NA19213	1|1	0.002704,0.098592,0.898704
NA19240	0|1	0,1,0
