NA18526	0|0	1,0,0
NA18537	0|0	0.999,0.001,0
NA18550	0|0	1,0,0
NA18555	0|0	1,0,0
NA18562	0|0	1,0,0
NA18563	0|0	1,0,0
NA18582	1|1	0.002088,0.181824,0.816088
NA18603	0|0	1,0,0
NA18606	1|1	0.137641,0.466718,0.395641
NA18621	0|0	1,0,0
NA18622	0|0	0.933156,0.065688,0.001156
NA18628	0|0	1,0,0
NA18632	0|0	1,0,0
NA18636	0|0	1,0,0
NA18647	1|1	6.40003e-05,0.015872,0.984064
NA18942	1|0	0,1,0
NA18945	0|0	1,0,0
NA18947	0|0	0.959,0.041,0
NA18951	0|0	1,0,0
NA18952	0|0	1,0,0
NA18953	0|0	1,0,0
NA18956	0|0	0.952,0.048,0
NA18965	1|1	0.020449,0.245102,0.734449
NA18970	0|0	1,0,0
NA18973	0|1	0,1,0
NA18977	0|0	1,0,0
NA18987	0|0	1,0,0
NA18990	1|1	0,0,1
NA18995	1|1	9.99974e-07,0.00199797,0.998001
NA19003	0|0	1,0,0
NA19010	0|1	0,0.961,0.039
