NA18498	0|0	0.998001,0.001998,1e-06
NA18502	1|0	0,1,0
NA18505	1|0	0,1,0
NA18507	1|1	9.99974e-07,0.00199797,0.998001
NA18508	0|1	0,1,0
NA18517	1|1	0,0,1
NA18519	0|0	1,0,0
NA18867	0|0	1,0,0
NA18870	0|1	0.00999999,0.99,0
NA18910	0|0	1,0,0
NA19092	0|0	0.996004,0.003992,4e-06
NA19098	1|1	0,0,1
NA19099	1|1	0,0,1
NA19102	1|0	0.000940988,0.940118,0.058941
NA19108	1|0	0,1,0
NA19118	1|1	0,0.00400001,0.996
NA19119	0|0	1,0,0
NA19129	1|0	0.032184,0.865632,0.102184
NA19130	0|0	1,0,0
NA19141	1|1	0,0,1
NA19146	0|0	0.998001,0.001998,1e-06
NA19150	1|1	0,0,1
NA19152	1|1	3.79995e-05,0.020924,0.979038
NA19160	1|1	0,0,1
NA19171	0|0	1,0,0
NA19189	0|0	1,0,0
NA19204	1|0	0.000999987,0.999,0
NA19206	0|0	1,0,0
NA19207	0|0	1,0,0
NA19209	1|0	0.124,0.876,0
NA19213	0|0	1,0,0
NA19240	1|0	0,1,0
