NA18498	0|0	1,0,0
NA18502	1|1	0,0.00599998,0.994
NA18505	0|1	0.00599998,0.994,0
NA18507	1|1	0,0,1
NA18508	1|0	0,1,0
NA18517	0|1	0,0.999,0.001
NA18519	1|1	0,0,1
NA18858	1|1	0,0,1
NA18861	0|1	0,1,0
NA18867	1|0	0.000999987,0.999,0
NA18870	1|0	0,1,0
NA18910	1|1	0,0.00999999,0.99
NA18912	1|1	0,0.011,0.989
NA19093	0|1	0,1,0
NA19098	1|1	0,0,1
NA19099	1|0	0.00199997,0.998,0
NA19102	0|0	0.998,0.002,0
NA19108	0|1	0.00599398,0.993012,0.000994
NA19116	1|1	9.99974e-07,0.00199797,0.998001
NA19118	1|0	0,1,0
NA19119	1|1	0,0,1
NA19129	0|0	1,0,0
NA19130	0|1	0.000999987,0.999,0
NA19131	0|1	0,0.999,0.001
NA19138	0|0	1,0,0
NA19141	0|1	0.00199997,0.998,0
NA19143	1|1	3.19995e-05,0.0179359,0.982032
NA19144	1|1	0,0.000999987,0.999
NA19146	0|1	0.000999987,0.999,0
NA19152	1|1	0,0,1
NA19153	1|1	0,0,1
NA19159	0|1	0.000999987,0.999,0
NA19160	1|1	0,0,1
NA19171	1|1	0,0.00199997,0.998
NA19189	0|1	0,0.99,0.01
NA19200	1|0	0,1,0
NA19201	1|0	0.00700003,0.993,0
NA19204	0|0	1,0,0
NA19206	1|0	0,1,0
NA19207	0|1	0,0.999,0.001
NA19209	1|0	0.00399601,0.995008,0.000996
NA19210	1|1	0,0.000999987,0.999
NA19213	1|0	0,1,0
NA19222	0|0	0.994,0.006,0
NA19223	1|1	0,0,1
NA19240	0|1	0.005,0.995,0
NA06985	1|0	0,1,0
NA06991	1|0	0,1,0
NA06993	1|0	0,1,0
NA06994	0|0	1,0,0
NA07000	0|1	0.00297602,0.989048,0.007976
NA07022	0|0	1,0,0
NA07048	1|1	2.10002e-05,0.00995805,0.990021
NA07056	1|0	0,1,0
NA07345	0|1	0.00800002,0.992,0
NA07348	0|0	1,0,0
NA07357	0|0	1,0,0
NA10830	1|1	0,0.013,0.987
NA10835	0|0	0.996,0.004,0
NA10838	1|1	0,0.000999987,0.999
NA10839	1|0	0,1,0
NA10847	0|1	0.00800002,0.992,0
NA10851	1|1	0,0,1
NA10857	0|1	0,1,0
NA10859	0|1	0.00700003,0.993,0
NA10860	1|0	0,1,0
NA11829	1|0	0,1,0
NA11830	1|1	0,0.00700003,0.993
NA11831	1|1	0,0.005,0.995
NA11832	0|0	1,0,0
NA11840	1|1	0,0,1
NA11881	0|0	1,0,0
NA11992	1|1	0,0.00199997,0.998
NA11994	1|1	0,0.00400001,0.996
NA11995	0|0	1,0,0
NA12003	0|1	0,1,0
NA12004	1|1	0,0.00199997,0.998
NA12005	1|0	0,1,0
NA12006	0|0	1,0,0
NA12043	1|0	0,1,0
NA12044	0|1	0,1,0
NA12056	1|0	0,1,0
NA12144	0|1	0,1,0
NA12145	1|1	1.09998e-05,0.011978,0.988011
NA12146	0|0	0.996,0.004,0
NA12154	1|1	0,0,1
NA12155	1|1	5.99991e-06,0.00698797,0.993006
NA12156	0|0	1,0,0
NA12234	1|1	6.99994e-06,0.00798602,0.992007
NA12249	0|0	1,0,0
NA12716	0|1	0.00199997,0.998,0
NA12717	1|1	0,0,1
NA12740	1|1	0,0,1
NA12750	1|1	0,0.000999987,0.999
NA12751	0|1	0,1,0
NA12752	1|0	0,1,0
NA12760	1|1	0,0.00199997,0.998
NA12761	1|0	0,1,0
NA12762	0|1	0,0.998,0.002
NA12763	0|1	0.00199797,0.997004,0.000998
NA12802	1|0	0,1,0
NA12812	0|1	0,1,0
NA12813	1|0	0,1,0
NA12815	0|1	0.011,0.989,0
NA12864	0|0	1,0,0
NA12872	0|0	1,0,0
NA12873	0|0	1,0,0
NA12874	0|0	0.998,0.002,0
NA12878	1|1	0,0,1
NA12891	1|1	0,0.02,0.98
NA20502	1|1	2.40002e-05,0.010952,0.989024
NA20504	0|0	0.998,0.002,0
NA20505	1|0	0,1,0
NA20506	0|0	1,0,0
NA20508	1|1	0,0.00199997,0.998
NA20509	0|1	0.00199997,0.998,0
NA20510	0|1	0,1,0
NA20512	0|1	0.00300002,0.997,0
NA20515	0|0	0.996,0.004,0
NA20516	0|1	0.00199997,0.998,0
NA20517	1|0	0.000999987,0.999,0
NA20518	1|0	0.000999987,0.999,0
NA20519	0|0	1,0,0
NA20520	0|0	0.999,0.001,0
NA20521	0|0	1,0,0
NA20522	0|1	0,1,0
NA20525	0|1	0.00199997,0.998,0
NA20527	1|0	0.005,0.995,0
NA20528	0|1	0,1,0
NA20529	1|0	0,0.999,0.001
NA20530	1|1	3.99996e-06,0.004992,0.995004
NA20531	1|0	0,1,0
NA20534	1|0	0,1,0
NA20535	0|0	1,0,0
NA20538	0|0	1,0,0
NA20539	1|1	1.19998e-05,0.00797596,0.992012
NA20540	0|0	1,0,0
NA20541	1|1	0,0,1
NA20542	1|1	0,0.000999987,0.999
NA20543	0|0	1,0,0
NA20544	0|0	1,0,0
NA20581	1|1	2.4e-05,0.00995199,0.990024
NA20582	0|0	1,0,0
NA20585	1|0	0,1,0
NA20586	0|1	0.00400001,0.996,0
NA20588	1|0	0,1,0
NA20589	0|1	0,1,0
NA20752	0|0	1,0,0
NA20753	0|1	0,1,0
NA20754	0|0	1,0,0
NA20755	0|1	0,1,0
NA20756	0|0	0.999,0.001,0
NA20757	1|0	0,1,0
NA20758	1|1	5.99991e-06,0.00698797,0.993006
NA20759	1|1	0,0,1
NA20760	0|1	0,1,0
NA20761	1|1	0,0,1
NA20765	1|1	4.99993e-06,0.00598998,0.994005
NA20766	0|0	0.994,0.006,0
NA20768	1|1	1.19999e-05,0.012976,0.987012
NA20769	1|0	0,1,0
NA20770	1|0	0.00599998,0.994,0
NA20771	1|1	0,0.000999987,0.999
NA20772	1|1	0,0.018,0.982
NA20773	1|1	1.99995e-06,0.00299596,0.997002
NA20774	1|1	0,0.00199997,0.998
NA20775	1|0	0.011,0.989,0
NA20778	0|1	0.000999987,0.999,0
NA20783	0|1	0.00199997,0.998,0
NA20785	1|0	0,0.993,0.007
NA20786	0|1	0,1,0
NA20790	0|0	1,0,0
NA20792	1|0	0,1,0
NA20795	1|0	0,1,0
NA20796	0|1	0,1,0
NA20797	0|0	1,0,0
NA20798	1|0	0.000999987,0.999,0
NA20799	1|1	0,0,1
NA20800	0|1	0.00199997,0.998,0
NA20801	0|0	1,0,0
NA20802	0|0	1,0,0
NA20803	1|0	0.00800002,0.992,0
NA20804	1|1	0,0,1
NA20805	0|1	0.00199997,0.998,0
NA20806	1|1	0,0,1
NA20807	1|0	0,1,0
NA20808	1|0	0.00199997,0.998,0
NA20809	0|1	0.009,0.991,0
NA20810	0|0	1,0,0
NA20811	1|1	3.60001e-05,0.012928,0.987036
NA20812	1|0	0.015,0.985,0
NA20813	1|1	0,0.000999987,0.999
NA20815	1|1	2.99998e-06,0.00399401,0.996003
NA20818	0|1	0,1,0
NA20819	1|0	0,1,0
NA20826	1|1	0,0.00400001,0.996
NA20828	1|1	0,0,1
NA18526	1|1	0,0.000999987,0.999
NA18532	0|0	0.941058,0.058884,5.8e-05
NA18537	1|1	9.60004e-05,0.019808,0.980096
NA18547	1|1	0,0,1
NA18550	0|0	1,0,0
NA18555	1|1	0,0,1
NA18561	0|1	0.00300002,0.997,0
NA18562	1|1	3.60001e-05,0.012928,0.987036
NA18563	0|0	1,0,0
NA18566	0|1	0.00999999,0.99,0
NA18572	0|0	0.997,0.003,0
NA18577	0|0	0.998,0.002,0
NA18582	0|1	0.00300002,0.997,0
NA18603	0|0	1,0,0
NA18605	1|0	0,1,0
NA18606	0|1	0,1,0
NA18621	0|1	0,1,0
NA18622	1|1	6.99999e-05,0.01886,0.98107
NA18628	0|0	0.999,0.001,0
NA18632	1|0	0,0.849,0.151
NA18636	0|1	0.004995,0.99401,0.000995
NA18647	1|0	0.00300002,0.997,0
NA18942	1|1	0,0.00599998,0.994
NA18943	0|1	0,1,0
NA18945	1|1	0,0.022,0.978
NA18947	1|1	0,0.019,0.981
NA18949	1|1	0,0.015,0.985
NA18951	0|1	0,1,0
NA18952	0|0	1,0,0
NA18953	1|1	0,0.00199997,0.998
NA18956	0|1	0,1,0
NA18964	0|0	0.875,0.125,0
NA18965	1|1	0,0.00999999,0.99
NA18973	0|0	0.999,0.001,0
NA18974	1|1	0,0.024,0.976
NA18977	1|0	0.000999987,0.999,0
NA18980	1|1	0,0.000999987,0.999
NA18987	1|1	9.99974e-07,0.00199797,0.998001
NA18990	1|0	0.009,0.991,0
NA18994	1|1	0,0.00700003,0.993
NA18995	1|1	0,0.00199997,0.998
NA19000	1|1	0,0,1
NA19003	0|0	0.782901,0.204198,0.012901
NA19010	0|1	0.00999999,0.99,0
