NA18498	0|0	0	1,0,0
NA18500	0|1	1	0,1,0
NA18501	0|1	1	0,1,0
NA18502	1|0	1	0,1,0
NA18503	0|0	0	1,0,0
NA18504	0|0	0	1,0,0
NA18505	1|0	1	0,1,0
NA18506	0|1	1	0,1,0
NA18507	1|1	2	0,0,1
NA18508	0|0	0	1,0,0
NA18515	1|1	2	0,0,1
NA18516	1|0	1	0,1,0
NA18517	0|1	1	0,1,0
NA18519	1|1	2	0,0,1
NA18521	1|1	2	0,0,1
NA18522	0|1	1	0,1,0
NA18523	0|1	1	0,1,0
NA18852	1|1	2	0,0,1
NA18853	0|1	1	0,1,0
NA18854	0|1	1	0,1,0
NA18855	0|0	0	1,0,0
NA18856	1|1	2	0,0,1
NA18857	0|1	1	0,1,0
NA18858	1|0	1	0,1,0
NA18859	0|1	1	0,1,0
NA18860	1|1	2	0,0,1
NA18861	1|0	1	0,1,0
NA18862	0|0	0	1,0,0
NA18863	0|0	0	1,0,0
NA18867	0|1	1	0,1,0
NA18870	0|1	1	0,1,0
NA18871	1|1	2	0,0,1
NA18872	1|1	2	0,0,1
NA18910	1|1	1.9	0,0.1,0.9
NA18912	1|1	2	0,0,1
NA18913	0|0	0	1,0,0
NA18914	1|0	1	0,1,0
NA19027	1|1	2	0,0,1
NA19028	0|1	1	0,1,0
NA19031	1|1	2	0,0,1
NA19035	0|0	0	1,0,0
NA19036	1|0	1	0,1,0
NA19038	1|1	2	0,0,1
NA19041	1|0	1	0,1,0
NA19093	0|0	0	1,0,0
NA19094	0|1	1	0,1,0
NA19098	0|0	0	1,0,0
NA19099	0|0	0	1,0,0
NA19100	0|0	0	1,0,0
NA19101	1|1	2	0,0,1
NA19102	1|0	1	0,1,0
NA19108	0|1	1	0,1,0
NA19116	1|1	2	0,0,1
NA19118	1|1	2	0,0,1
NA19119	1|0	1	0,1,0
NA19120	1|0	1	0,1,0
NA19127	1|0	1	0,1,0
NA19128	1|0	1	0,1,0
NA19129	1|0	1	0,1,0
NA19130	0|0	0	1,0,0
NA19131	1|1	2	0,0,1
NA19132	0|1	1	0,1,0
NA19137	0|0	0	1,0,0
NA19138	0|1	1	0,1,0
NA19139	1|0	1	0,1,0
NA19140	0|0	0	1,0,0
NA19141	1|0	1	0,1,0
NA19142	0|0	0	1,0,0
NA19143	1|0	1	0,1,0
NA19144	1|1	2	0,0,1
NA19145	1|1	2	0,0,1
NA19146	1|1	2	0,0,1
NA19150	1|1	2	0,0,1
NA19152	1|1	2	0,0,1
NA19153	1|1	2	0,0,1
NA19154	1|1	2	0,0,1
NA19159	0|0	0	1,0,0
NA19160	0|0	0	1,0,0
NA19161	0|0	0	1,0,0
NA19171	1|0	1.15	0,0.85,0.15
NA19172	0|1	1	0,1,0
NA19173	1|1	2	0,0,1
NA19189	0|1	1	0,1,0
NA19200	0|0	0	1,0,0
NA19201	1|0	1	0,1,0
NA19202	0|0	0	1,0,0
NA19203	1|0	1	0,1,0
NA19204	0|1	1	0,1,0
NA19205	0|1	1	0,1,0
NA19206	1|0	1	0,1,0
NA19207	0|1	1	0,1,0
NA19208	0|0	0	1,0,0
NA19209	0|1	1	0,1,0
NA19210	1|1	2	0,0,1
NA19211	1|0	1	0,1,0
NA19213	1|0	1	0,1,0
NA19221	0|1	1	0,1,0
NA19222	1|0	1	0,1,0
NA19223	0|1	1	0,1,0
NA19238	0|1	1	0,1,0
NA19239	0|1	1	0,1,0
NA19240	0|0	0	1,0,0
NA19307	1|0	0.51	0.49,0.51,0
NA19308	1|0	1	0,1,0
NA19309	1|0	1	0,1,0
NA19310	1|1	2	0,0,1
NA19314	1|1	2	0,0,1
NA19316	1|1	2	0,0,1
NA19317	0|0	0	1,0,0
NA19318	1|1	2	0,0,1
NA19319	1|0	1	0,1,0
NA19321	0|1	0.99	0.01,0.99,0
NA19324	0|0	0	1,0,0
NA19328	1|0	1	0,1,0
NA19332	1|1	2	0,0,1
NA19334	1|1	1.99	0,0.01,0.99
NA19346	1|0	1	0,1,0
NA19347	1|1	2	0,0,1
NA19350	0|0	0	1,0,0
NA19360	0|0	0	1,0,0
NA19372	1|0	1	0,1,0
NA19374	0|0	0	1,0,0
NA19375	1|1	2	0,0,1
NA19376	0|1	1	0,1,0
NA19377	0|1	1	0,1,0
NA19379	1|1	2	0,0,1
NA19380	1|1	2	0,0,1
NA19384	1|1	2	0,0,1
NA19385	0|1	1	0,1,0
NA19390	1|0	1	0,1,0
NA19391	1|1	2	0,0,1
NA19393	0|1	1	0,1,0
NA19394	1|0	1	0,1,0
NA19397	0|0	0	1,0,0
NA19399	1|0	0.69	0.31,0.69,0
NA19403	0|1	1	0,1,0
NA19404	1|0	1	0,1,0
NA19428	1|0	1.11	0,0.89,0.11
NA19429	0|1	1	0,1,0
NA19430	1|0	1	0,1,0
NA19431	1|1	2	0,0,1
NA19434	1|1	2	0,0,1
NA19435	0|1	1	0,1,0
NA19436	0|0	0.09	0.91,0.09,0
NA19437	1|0	1	0,1,0
NA19438	1|1	2	0,0,1
NA19439	1|0	1	0,1,0
NA19440	1|0	1	0,1,0
NA19443	0|0	0	1,0,0
NA19445	0|1	1	0,1,0
NA19446	1|0	1	0,1,0
NA19448	0|1	0.96	0.04,0.96,0
NA19449	0|1	1	0,1,0
NA19451	0|1	1	0,1,0
NA19452	1|1	2	0,0,1
NA19455	0|1	1	0,1,0
NA19456	0|0	0	1,0,0
NA19457	0|1	1	0,1,0
NA19462	1|1	2	0,0,1
NA19463	0|1	1	0,1,0
NA19466	1|1	2	0,0,1
NA19467	1|1	2	0,0,1
NA19468	0|1	1	0,1,0
NA19472	0|1	1	0,1,0
NA19473	0|1	1	0,1,0
NA19474	0|0	0	1,0,0
