NA18526	0|0	1,0,0
NA18537	0|1	0,1,0
NA18550	0|0	1,0,0
NA18555	0|0	1,0,0
NA18562	0|0	1,0,0
NA18563	0|1	0.00300002,0.997,0
NA18582	0|0	1,0,0
NA18603	0|0	1,0,0
NA18606	0|0	1,0,0
NA18621	1|1	0,0.00700003,0.993
NA18622	0|0	1,0,0
NA18628	0|0	1,0,0
NA18632	0|0	1,0,0
NA18636	0|0	1,0,0
NA18647	0|0	1,0,0
NA18942	0|0	1,0,0
NA18945	0|0	1,0,0
NA18947	0|0	1,0,0
NA18951	0|0	1,0,0
NA18952	1|0	0,1,0
NA18953	1|0	0.000999987,0.999,0
NA18956	0|0	1,0,0
NA18965	1|1	0,0.000999987,0.999
NA18970	0|0	1,0,0
NA18973	0|1	0,1,0
NA18977	0|1	0,1,0
NA18987	0|0	0.991,0.009,0
NA18990	0|0	1,0,0
NA18995	0|0	1,0,0
NA19003	0|0	1,0,0
NA19010	1|0	0.00999999,0.99,0
