NA18498	1|1	0,0.00700003,0.993
NA18500	1|1	0,0.00800002,0.992
NA18501	1|1	0,0.019,0.981
NA18502	1|1	0,0,1
NA18503	1|1	0,0.00300002,0.997
NA18504	1|1	0,0,1
NA18505	1|1	0.000165,0.02567,0.974165
NA18506	1|0	0,1,0
NA18507	1|1	0,0.00300002,0.997
NA18508	1|0	0.00800002,0.992,0
NA18515	1|1	0,0,1
NA18516	1|1	0,0,1
NA18517	0|1	0,0.995,0.005
NA18519	1|1	7.99991e-06,0.00598398,0.994008
NA18521	0|1	0,1,0
NA18522	0|1	0,1,0
NA18523	1|1	0,0,1
NA18852	1|0	0,0.988,0.012
NA18853	1|1	0,0,1
NA18854	1|1	0,0,1
NA18855	1|1	0,0.009,0.991
NA18856	0|1	0,1,0
NA18857	1|0	0,1,0
NA18858	1|1	0,0.043,0.957
NA18859	0|1	0,1,0
NA18860	0|1	0,1,0
NA18861	1|1	0,0.00199997,0.998
NA18862	1|1	0,0.00300002,0.997
NA18863	1|1	0,0,1
NA18867	0|0	0.999,0.001,0
NA18870	1|1	0,0,1
NA18871	0|1	0.013,0.987,0
NA18872	0|1	0,1,0
NA18910	1|1	2.99998e-06,0.00399401,0.996003
NA18912	1|1	0,0.00199997,0.998
NA18913	0|1	0,1,0
NA18914	1|0	0,1,0
NA19027	1|1	9.10005e-05,0.019818,0.980091
NA19028	1|1	0,0,1
NA19031	1|1	0,0,1
NA19035	1|1	0,0,1
NA19036	1|1	0,0.00800002,0.992
NA19038	0|1	0,0.999,0.001
NA19041	1|1	0,0.00400001,0.996
NA19092	1|1	0,0.019,0.981
NA19093	1|1	0,0,1
NA19094	1|1	0,0,1
NA19098	1|1	0,0.00999999,0.99
NA19099	1|1	0,0,1
NA19100	1|1	0,0,1
NA19101	1|1	0,0.00199997,0.998
NA19102	1|0	0,1,0
NA19103	1|1	0,0.00800002,0.992
NA19108	1|1	0,0,1
NA19116	1|1	0,0,1
NA19118	0|1	0.000999987,0.999,0
NA19119	1|1	0,0,1
NA19120	1|1	0,0,1
NA19127	1|1	0,0.00199997,0.998
NA19128	1|1	0,0,1
NA19129	1|1	0,0,1
NA19130	1|1	0,0.000999987,0.999
NA19131	1|1	0,0,1
NA19132	1|1	0,0,1
NA19137	1|1	5.99991e-06,0.00698797,0.993006
NA19138	1|1	0,0.00199997,0.998
NA19139	1|1	0,0,1
NA19140	1|1	0,0.000999987,0.999
NA19141	1|1	0,0,1
NA19142	1|1	0,0,1
NA19143	1|1	0,0,1
NA19144	1|1	0,0.009,0.991
NA19145	1|1	0,0,1
NA19146	0|1	0.028,0.972,0
NA19150	1|1	0,0.00400001,0.996
NA19152	0|1	0,1,0
NA19153	1|1	0,0,1
NA19154	0|1	0,1,0
NA19159	1|1	0,0.00800002,0.992
NA19160	1|1	0,0.005,0.995
NA19161	1|1	0,0,1
NA19171	0|1	0,0.988,0.012
NA19172	1|1	0,0.005,0.995
NA19173	1|1	3.30002e-05,0.013934,0.986033
NA19189	1|1	0,0,1
NA19200	1|1	0,0.000999987,0.999
NA19201	1|1	0,0,1
NA19202	1|1	0,0.000999987,0.999
NA19203	1|1	0,0,1
NA19204	1|1	0,0.00400001,0.996
NA19205	1|1	0,0,1
NA19206	1|0	0,1,0
NA19207	1|1	0,0,1
NA19208	1|1	0,0,1
NA19209	1|1	0,0.00800002,0.992
NA19210	1|1	0,0.000999987,0.999
NA19211	1|1	0,0.00300002,0.997
NA19213	0|1	0.00492,0.97916,0.01592
NA19221	1|1	0,0,1
NA19222	1|1	0,0.00199997,0.998
NA19223	1|1	0,0.000999987,0.999
NA19238	1|1	0,0.00400001,0.996
NA19239	1|1	0,0.00300002,0.997
NA19240	1|1	0,0,1
NA19307	1|1	0,0.009,0.991
NA19308	1|1	2e-05,0.00896,0.99102
NA19309	1|1	2.99998e-06,0.00399401,0.996003
NA19310	1|0	0,0.992,0.008
NA19314	0|1	0,0.997,0.003
NA19315	0|1	0.033,0.967,0
NA19316	1|0	0.005,0.995,0
NA19317	1|1	2.4e-05,0.00995199,0.990024
NA19319	0|1	0,1,0
NA19321	1|1	0,0.022,0.978
NA19324	1|1	0,0.013,0.987
NA19327	0|1	0.000999987,0.999,0
NA19328	1|1	0,0.00199997,0.998
NA19332	1|0	0.015,0.985,0
NA19334	1|1	3.20001e-05,0.011936,0.988032
NA19346	1|1	0,0.000999987,0.999
NA19347	1|1	0,0,1
NA19350	1|1	0,0.000999987,0.999
NA19360	1|0	0,0.995,0.005
NA19372	1|1	0,0.000999987,0.999
NA19374	1|1	3.99996e-06,0.004992,0.995004
NA19375	0|1	0,0.996,0.004
NA19376	1|1	5.49998e-05,0.01589,0.984055
NA19377	1|1	0,0.00700003,0.993
NA19379	1|1	3.9999e-06,0.00399195,0.996004
NA19380	1|1	8.39997e-05,0.019832,0.980084
NA19384	1|1	0,0.000999987,0.999
NA19385	1|1	1.79998e-05,0.010964,0.989018
NA19390	1|0	0.00993999,0.98412,0.00594
NA19391	1|0	0.00957999,0.94884,0.04158
NA19393	0|1	0.00700003,0.993,0
NA19394	1|1	0.000155,0.03569,0.964155
NA19397	1|1	0,0.00300002,0.997
NA19399	1|1	0,0.00800002,0.992
NA19403	1|1	3.99996e-06,0.004992,0.995004
NA19404	1|1	0,0.000999987,0.999
NA19428	1|1	0,0.017,0.983
NA19429	0|1	0,1,0
NA19430	1|0	0,1,0
NA19431	1|1	0,0.009,0.991
NA19434	1|1	3.99994e-05,0.02192,0.97804
NA19435	1|1	0,0.00300002,0.997
NA19436	1|1	0,0.00599998,0.994
NA19437	1|1	0,0.00199997,0.998
NA19438	0|1	0.000983987,0.983032,0.015984
NA19439	1|1	0,0,1
NA19440	1|1	0,0.013,0.987
NA19443	1|1	0,0.00300002,0.997
NA19445	1|1	0,0.000999987,0.999
NA19446	0|0	1,0,0
NA19448	0|1	0,1,0
NA19449	1|1	9.99986e-06,0.00697997,0.99301
NA19451	1|0	0,0.98,0.02
NA19452	1|1	0.000575998,0.100848,0.898576
NA19455	1|1	0,0.000999987,0.999
NA19456	1|1	3.60001e-05,0.012928,0.987036
NA19457	1|1	0,0,1
NA19462	1|0	0.00487,0.96926,0.02587
NA19463	1|1	4.99993e-06,0.00598998,0.994005
NA19466	1|1	0,0.00300002,0.997
NA19467	1|1	0,0.014,0.986
NA19468	1|1	0,0.000999987,0.999
NA19471	1|0	0.000999987,0.999,0
NA19472	1|1	0.00024,0.05252,0.94724
NA19473	1|1	2.99998e-06,0.00399401,0.996003
NA19474	1|1	0,0.000999987,0.999
NA06985	1|0	0,1,0
NA06991	1|0	0,1,0
NA06993	0|0	1,0,0
NA06994	1|0	0.000999987,0.999,0
NA07000	1|1	0,0.00300002,0.997
NA07019	0|0	1,0,0
NA07022	0|0	1,0,0
NA07029	1|1	0,0.000999987,0.999
NA07034	0|0	1,0,0
NA07048	0|0	1,0,0
NA07055	0|0	1,0,0
NA07056	0|1	0.000999987,0.999,0
NA07345	1|1	0,0,1
NA07348	1|1	0,0.00199997,0.998
NA07357	0|1	0,0.999,0.001
NA10830	0|1	0,1,0
NA10831	0|0	1,0,0
NA10835	0|0	1,0,0
NA10838	0|0	0.999,0.001,0
NA10839	1|0	0.00599998,0.994,0
NA10846	1|1	0,0,1
NA10847	0|1	0,1,0
NA10851	0|0	0.999,0.001,0
NA10854	1|0	0,1,0
NA10855	0|1	0,1,0
NA10856	1|1	0,0,1
NA10857	1|0	0,1,0
NA10859	1|0	0,1,0
NA10860	1|0	0,1,0
NA10861	1|0	0,1,0
NA10863	0|0	1,0,0
NA11829	1|1	0,0,1
NA11830	1|1	0,0,1
NA11831	1|1	0,0.000999987,0.999
NA11832	0|1	0,1,0
NA11839	1|0	0,1,0
NA11840	0|0	0.999,0.001,0
NA11881	0|1	0,0.998,0.002
NA11882	0|1	0.00400001,0.996,0
NA11992	1|0	0.00199997,0.998,0
NA11993	0|1	0,1,0
NA11994	0|0	1,0,0
NA11995	0|1	0.000999987,0.999,0
NA12003	0|1	0.00700003,0.993,0
NA12004	0|0	0.999,0.001,0
NA12005	0|1	0.00599998,0.994,0
NA12006	0|0	1,0,0
NA12043	0|1	0,1,0
NA12044	0|1	0.00199997,0.998,0
NA12056	0|0	0.998,0.002,0
NA12057	0|1	0,1,0
NA12144	1|0	0.013986,0.985028,0.000986
NA12145	0|1	0,0.999,0.001
NA12146	1|1	0,0.009,0.991
NA12154	0|1	0,1,0
NA12155	0|1	0.00699303,0.992014,0.000993
NA12156	0|1	0,0.999,0.001
NA12234	0|0	0.999,0.001,0
NA12236	0|1	0,1,0
NA12239	0|0	1,0,0
NA12248	0|0	1,0,0
NA12249	0|0	0.999,0.001,0
NA12264	0|0	1,0,0
NA12707	1|0	0,1,0
NA12716	1|0	0,0.998,0.002
NA12717	0|0	1,0,0
NA12740	1|0	0,1,0
NA12750	0|1	0,1,0
NA12751	1|1	0,0.00599998,0.994
NA12752	0|1	0,1,0
NA12753	0|0	1,0,0
NA12760	1|1	0,0.005,0.995
NA12761	0|1	0,1,0
NA12762	0|0	0.997,0.003,0
NA12763	0|1	0,1,0
NA12801	0|0	1,0,0
NA12802	1|0	0,1,0
NA12812	0|0	0.998,0.002,0
NA12813	0|0	0.999,0.001,0
NA12814	1|1	0,0.016,0.984
NA12815	0|0	0.995,0.005,0
NA12864	1|1	0,0,1
NA12865	0|0	1,0,0
NA12872	1|0	0,1,0
NA12873	1|1	0,0.000999987,0.999
NA12874	0|0	1,0,0
NA12875	0|0	1,0,0
NA12878	0|0	1,0,0
NA12891	0|0	1,0,0
NA12892	0|0	1,0,0
NA20502	0|1	0.02,0.98,0
NA20504	1|1	0,0,1
NA20505	0|1	0.00700003,0.993,0
NA20506	0|1	0.00198997,0.99302,0.00499
NA20508	1|1	1.99995e-06,0.00299596,0.997002
NA20509	0|0	1,0,0
NA20510	0|1	0.00697903,0.990042,0.002979
NA20512	0|0	1,0,0
NA20515	1|1	0,0.005,0.995
NA20516	0|0	1,0,0
NA20517	1|0	0.000999987,0.999,0
NA20518	0|0	0.998001,0.001998,1e-06
NA20519	1|0	0,1,0
NA20520	0|0	1,0,0
NA20521	0|0	0.997,0.003,0
NA20522	1|0	0.010989,0.988022,0.000989
NA20524	1|1	2.19997e-05,0.012956,0.987022
NA20525	0|1	0.013986,0.985028,0.000986
NA20527	0|1	0,1,0
NA20528	1|0	0.013,0.987,0
NA20529	0|1	0,1,0
NA20530	1|1	0,0.00300002,0.997
NA20531	0|0	0.999,0.001,0
NA20534	0|0	1,0,0
NA20535	0|1	0.00299102,0.994018,0.002991
NA20538	0|1	0,1,0
NA20539	1|1	2.10002e-05,0.00995805,0.990021
NA20540	1|0	0.009,0.991,0
NA20541	0|1	0.00300002,0.997,0
NA20542	0|0	0.996003,0.003994,3e-06
NA20543	1|1	0,0.00599998,0.994
NA20544	1|0	0,1,0
NA20581	0|0	0.989,0.011,0
NA20582	1|0	0.000997987,0.997004,0.001998
NA20585	0|0	0.999,0.001,0
NA20586	0|1	0,1,0
NA20588	0|0	0.993012,0.006976,1.2e-05
NA20589	0|1	0,1,0
NA20752	1|1	0,0.101,0.899
NA20753	0|0	1,0,0
NA20754	0|0	1,0,0
NA20755	0|0	1,0,0
NA20756	1|0	0.014985,0.98403,0.000985
NA20757	1|1	9.20002e-05,0.026816,0.973092
NA20758	0|0	0.998,0.002,0
NA20759	0|0	1,0,0
NA20760	0|0	1,0,0
NA20761	1|0	0.00300002,0.997,0
NA20765	1|0	0.000999987,0.999,0
NA20766	0|0	0.997002,0.002996,2e-06
NA20768	1|1	0,0,1
NA20769	1|1	0,0.00199997,0.998
NA20770	0|1	0,1,0
NA20771	1|1	0.00011,0.02078,0.97911
NA20772	0|0	1,0,0
NA20773	0|1	0,1,0
NA20774	0|0	0.997002,0.002996,2e-06
NA20778	1|1	0,0.000999987,0.999
NA20783	0|0	0.999,0.001,0
NA20785	0|0	0.999,0.001,0
NA20786	1|0	0,0.977,0.023
NA20787	1|0	0.000999987,0.999,0
NA20790	0|0	0.999,0.001,0
NA20792	1|1	0,0.00400001,0.996
NA20795	0|0	1,0,0
NA20796	0|1	0,1,0
NA20797	0|1	0.00199597,0.996008,0.001996
NA20798	1|0	0.025,0.975,0
NA20799	0|1	0.00300002,0.997,0
NA20800	0|0	0.999,0.001,0
NA20801	0|1	0.005,0.995,0
NA20802	0|1	0.00199997,0.998,0
NA20803	0|1	0,1,0
NA20804	0|1	0,1,0
NA20805	0|0	0.999,0.001,0
NA20806	0|0	1,0,0
NA20807	0|0	0.999,0.001,0
NA20808	1|1	0.000147001,0.0277061,0.972147
NA20809	1|1	6.99994e-06,0.00798602,0.992007
NA20810	1|0	0.00599998,0.994,0
NA20811	1|1	0,0,1
NA20812	1|1	4.99993e-06,0.00598998,0.994005
NA20813	1|1	7.00002e-05,0.01686,0.98307
NA20815	1|1	0.000144,0.025712,0.974144
NA20818	0|1	0,0.999,0.001
NA20819	0|1	0.00300002,0.997,0
NA20826	1|0	0.012948,0.983104,0.003948
NA20828	0|1	0,0.996,0.004
NA18526	1|1	0,0.00199997,0.998
NA18532	1|1	0,0.00599998,0.994
NA18537	1|1	5.60003e-05,0.014888,0.985056
NA18542	1|1	0,0,1
NA18545	1|1	9.80004e-05,0.020804,0.979098
NA18547	1|1	2.39997e-05,0.013952,0.986024
NA18550	1|1	1.59998e-05,0.016968,0.983016
NA18552	1|1	0,0.005,0.995
NA18555	1|1	6.30003e-05,0.015874,0.984063
NA18558	1|1	1.19998e-05,0.00797596,0.992012
NA18561	1|1	6.4e-05,0.019872,0.980064
NA18562	1|1	0,0.00599998,0.994
NA18563	1|1	0,0.009,0.991
NA18564	1|1	5.99991e-06,0.00698797,0.993006
NA18566	1|1	2.80002e-05,0.010944,0.989028
NA18570	1|1	0,0.058,0.942
NA18571	1|1	0,0,1
NA18572	1|1	0,0.00400001,0.996
NA18573	1|1	3.60003e-05,0.014928,0.985036
NA18577	1|1	0.000414,0.040172,0.959414
NA18579	1|1	1.59998e-05,0.016968,0.983016
NA18582	1|1	1.39999e-05,0.008972,0.991014
NA18592	1|1	6.30003e-05,0.015874,0.984063
NA18593	1|1	0,0.00300002,0.997
NA18603	1|1	4.20001e-05,0.012916,0.987042
NA18605	1|1	0,0.009,0.991
NA18608	1|1	0,0.000999987,0.999
NA18609	1|1	7.99991e-06,0.00598398,0.994008
NA18611	1|1	0,0.00999999,0.99
NA18612	1|1	4.19995e-05,0.022916,0.977042
NA18620	1|1	0.000263999,0.034472,0.965264
NA18621	1|1	2.99998e-06,0.00399401,0.996003
NA18622	0|1	0,0.999,0.001
NA18623	1|1	0,0.00700003,0.993
NA18624	1|1	1.59998e-05,0.00996799,0.990016
NA18632	1|1	0,0,1
NA18633	1|1	0.000198,0.028604,0.971198
NA18635	1|1	0,0.011,0.989
NA18636	1|0	0.00199197,0.994016,0.003992
NA18637	1|1	2.4e-05,0.00995199,0.990024
NA18940	1|1	0,0,1
NA18942	1|1	9.99998e-05,0.0248,0.9751
NA18943	1|1	4.80002e-05,0.015904,0.984048
NA18944	1|1	0,0.013,0.987
NA18945	1|1	0,0.000999987,0.999
NA18947	1|1	0,0,1
NA18948	1|1	3.60003e-05,0.014928,0.985036
NA18949	1|1	1.19998e-05,0.00797596,0.992012
NA18951	1|1	0,0,1
NA18952	1|1	6.60005e-05,0.024868,0.975066
NA18953	0|1	0.00400001,0.996,0
NA18956	1|1	0,0.009,0.991
NA18959	1|1	0.000629001,0.052742,0.946629
NA18960	1|1	0,0,1
NA18961	1|1	0,0.00599998,0.994
NA18964	1|1	0,0.009,0.991
NA18965	1|1	1.99995e-06,0.00299596,0.997002
NA18966	1|1	3.9999e-06,0.00399195,0.996004
NA18967	1|1	0.000247,0.031506,0.968247
NA18968	1|1	0,0,1
NA18969	1|1	0.000121,0.021758,0.978121
NA18970	0|1	0.00698603,0.991028,0.001986
NA18971	1|1	5.99991e-06,0.00698797,0.993006
NA18972	1|1	1.19998e-05,0.00797596,0.992012
NA18973	1|1	0,0.00199997,0.998
NA18974	1|1	0.000119001,0.023762,0.976119
NA18975	1|1	2.99998e-06,0.00399401,0.996003
NA18976	1|1	0,0,1
NA18978	0|1	0.031968,0.967064,0.000968
NA18980	1|1	0,0.00800002,0.992
NA18981	1|1	1.99995e-06,0.00299596,0.997002
NA18987	1|1	0.000121,0.021758,0.978121
NA18990	0|1	0,1,0
NA18991	1|1	0,0.000999987,0.999
NA18992	1|0	0,1,0
NA18994	1|1	2.59997e-05,0.014948,0.985026
NA18995	1|1	3.00002e-05,0.01294,0.98703
NA18997	1|1	0.000273001,0.033454,0.966273
NA18998	1|1	0,0.00800002,0.992
NA18999	1|1	4.4e-05,0.014912,0.985044
NA19000	1|1	1.29998e-05,0.013974,0.986013
NA19003	1|1	0,0.000999987,0.999
NA19005	1|1	0.000169998,0.08666,0.91317
NA19007	1|1	0,0.00400001,0.996
NA19012	1|1	6.00001e-05,0.01688,0.98306
