NA18532	0|1	0,0.699,0.301
NA18537	1|1	0,0.023,0.977
NA18542	1|1	0,0.000999987,0.999
NA18545	0|0	0.536924,0.462152,0.000924
NA18547	0|1	0,0.798,0.202
NA18550	0|1	0.045,0.955,0
NA18552	1|1	0.01632,0.22336,0.76032
NA18555	1|0	0.419,0.581,0
NA18558	0|0	1,0,0
NA18561	0|0	1,0,0
NA18562	1|1	0.005434,0.258132,0.736434
NA18563	1|1	0,0.000999987,0.999
NA18564	1|0	0.000986987,0.986026,0.012987
NA18566	0|1	0.000998987,0.998002,0.000999
NA18570	1|1	0.003198,0.252604,0.744198
NA18571	0|0	0.966,0.034,0
NA18572	1|0	0.015,0.985,0
NA18573	0|0	1,0,0
NA18577	1|1	0.000148,0.040704,0.959148
NA18579	0|0	0.976023,0.023954,2.3e-05
NA18582	0|1	0.000999987,0.999,0
NA18592	0|0	0.89,0.11,0
NA18593	1|0	0.00199997,0.998,0
NA18603	1|0	0.00699303,0.992014,0.000993
NA18605	1|0	0,1,0
NA18608	0|0	1,0,0
NA18609	1|0	0.00300002,0.997,0
NA18611	0|0	1,0,0
NA18612	1|1	5.99996e-06,0.004988,0.995006
NA18620	1|1	4.8e-05,0.013904,0.986048
NA18621	0|0	0.632,0.368,0
NA18622	0|1	0,1,0
NA18623	0|0	0.975,0.025,0
NA18624	1|0	0,1,0
NA18632	0|0	0.807,0.193,0
NA18633	0|1	0.49,0.51,0
NA18635	0|0	0.98,0.02,0
NA18636	0|1	0,0.999,0.001
NA18637	0|0	0.87665,0.1217,0.00165
NA18940	0|1	0.00800002,0.992,0
NA18942	0|1	0,1,0
NA18943	0|0	0.971,0.029,0
NA18944	1|1	0,0.00300002,0.997
NA18945	0|0	0.961,0.039,0
NA18947	1|0	0.00170798,0.852584,0.145708
NA18948	1|0	0.000999987,0.999,0
NA18949	1|0	0,0.993,0.007
NA18951	0|0	0.87,0.13,0
NA18952	1|1	0,0,1
NA18953	1|1	0.000119001,0.023762,0.976119
NA18956	1|1	0,0.00199997,0.998
NA18959	1|1	0.00253,0.12794,0.86953
NA18960	1|0	0.005,0.995,0
NA18961	0|0	0.759,0.241,0
NA18964	0|1	0.011,0.989,0
NA18965	1|1	0.000912006,0.305176,0.693912
NA18966	1|1	3.99996e-06,0.004992,0.995004
NA18967	1|1	0,0.016,0.984
NA18968	1|1	0.00012,0.02576,0.97412
NA18969	0|0	1,0,0
NA18970	1|0	0,1,0
NA18971	0|0	0.96,0.04,0
NA18972	0|1	0.00299702,0.996006,0.000997
NA18973	0|0	0.528203,0.467594,0.004203
NA18974	0|1	0,1,0
NA18975	0|0	0.986013,0.013974,1.3e-05
NA18976	0|1	0,0.781,0.219
NA18978	0|0	1,0,0
NA18980	0|1	0.333,0.667,0
NA18981	0|0	1,0,0
NA18987	0|1	0.013,0.987,0
NA18990	0|0	1,0,0
NA18991	0|1	0.292,0.708,0
NA18992	0|1	0.00199797,0.997004,0.000998
NA18994	0|1	0.011913,0.622174,0.365913
NA18995	0|0	0.989,0.011,0
NA18997	1|1	0,0.000999987,0.999
NA18998	0|0	0.964,0.036,0
NA18999	1|1	1.19998e-05,0.00797596,0.992012
NA19000	0|1	0.186,0.814,0
NA19003	1|0	0.00300002,0.997,0
NA19005	1|1	0,0,1
NA19007	0|1	0.043,0.957,0
NA19012	1|1	0,0.011,0.989
