NA18526	0|1	1.14	0,0.86,0.14
NA18532	1|1	2	0,0,1
NA18537	0|1	1	0,1,0
NA18547	0|1	0.86	0.14,0.86,0
NA18550	1|0	1	0,1,0
NA18555	0|1	1	0,1,0
NA18561	1|0	0.99	0.01,0.99,0
NA18562	0|0	0	1,0,0
NA18563	0|1	1	0,1,0
NA18566	0|0	0	1,0,0
NA18572	1|1	2	0,0,1
NA18577	1|1	2	0,0,1
NA18582	1|0	1	0,1,0
NA18603	0|0	0	1,0,0
NA18605	0|0	0	1,0,0
NA18606	1|1	2	0,0,1
NA18621	1|0	1	0,1,0
NA18622	0|1	1.12	0,0.88,0.12
NA18628	1|0	1	0,1,0
NA18632	0|1	1	0,1,0
NA18636	0|0	0	1,0,0
NA18647	0|1	1.24	0,0.76,0.24
NA18942	0|1	1	0,1,0
NA18943	1|1	1.94	0,0.06,0.94
NA18945	0|0	0.01	0.99,0.01,0
NA18947	1|1	2	0,0,1
NA18949	0|0	0	1,0,0
NA18951	1|1	2	0,0,1
NA18952	1|1	2	0,0,1
NA18953	1|0	1	0,1,0
NA18956	0|1	1	0,1,0
NA18964	1|1	2	0,0,1
NA18965	0|1	1	0,1,0
NA18970	0|0	0	1,0,0
NA18973	1|1	2	0,0,1
NA18974	0|1	1	0,1,0
NA18977	1|0	1	0,1,0
NA18980	1|0	1	0,1,0
NA18987	1|1	2	0,0,1
NA18990	0|0	0.31	0.69,0.31,0
NA18994	0|0	0.2	0.8,0.2,0
NA18995	0|1	1	0,1,0
NA19000	1|1	2	0,0,1
NA19003	1|0	1	0,1,0
NA19010	0|1	1	0,1,0
