NA06985	1|0	1	0,1,0
NA06994	0|0	0.8	0.36,0.48,0.16
NA07000	0|0	0	1,0,0
NA07048	1|1	2	0,0,1
NA07056	0|1	1.03	0,0.97,0.03
NA07357	1|1	2	0,0,1
NA10847	0|1	1.01	0.02,0.94,0.04
NA10851	0|0	0.04	0.96,0.04,0
NA11829	0|0	0	1,0,0
NA11830	1|0	0.91	0.09,0.91,0
NA11831	0|0	0.01	0.99,0.01,0
NA11832	1|0	1.04	0,0.96,0.04
NA11840	0|0	0.01	0.99,0.01,0
NA11881	0|0	0	1,0,0
NA11992	1|1	2	0,0,1
NA11994	1|1	2	0,0,1
NA11995	0|1	1	0,1,0
NA12003	0|0	0	1,0,0
NA12004	1|0	1.24	0,0.76,0.24
NA12005	1|1	2	0,0,1
NA12006	1|1	2	0,0,1
NA12043	0|0	0	1,0,0
NA12044	0|1	1	0,1,0
NA12144	1|1	2	0,0,1
NA12154	0|0	0	1,0,0
NA12155	0|0	0	1,0,0
NA12156	0|0	0	1,0,0
NA12234	0|0	0	1,0,0
NA12249	0|0	0	1,0,0
NA12716	0|0	0.02	0.98,0.02,0
NA12717	0|1	0.94	0.06,0.94,0
NA12750	1|1	2	0,0,1
NA12751	0|0	0.03	0.97,0.03,0
NA12760	0|0	0	1,0,0
NA12761	1|1	1.96	0,0.04,0.96
NA12762	0|0	0	1,0,0
NA12763	0|1	0.98	0.02,0.98,0
NA12812	1|1	1.49	0.06,0.39,0.55
NA12813	0|0	0	1,0,0
NA12814	1|1	1.33	0.11,0.45,0.44
NA12815	0|1	1	0,1,0
NA12872	1|1	1.6	0.04,0.33,0.63
NA12873	1|0	1.19	0,0.81,0.19
NA12874	1|1	2	0,0,1
NA12878	1|0	0.91	0.09,0.91,0
NA20502	1|1	2	0,0,1
NA20504	0|0	0	1,0,0
NA20505	1|1	2	0,0,1
NA20506	1|1	2	0,0,1
NA20508	0|0	0	1,0,0
NA20509	0|0	0	1,0,0
NA20510	0|0	0	1,0,0
NA20512	1|1	2	0,0,1
NA20515	1|1	2	0,0,1
NA20516	1|1	2	0,0,1
NA20517	1|1	2	0,0,1
NA20518	0|0	0.15	0.85,0.14,0.01
NA20519	1|1	2	0,0,1
NA20520	0|0	0	1,0,0
NA20521	0|0	0	1,0,0
NA20522	1|1	2	0,0,1
NA20524	1|1	2	0,0,1
NA20525	0|0	0	1,0,0
NA20527	1|1	2	0,0,1
NA20528	0|0	0	1,0,0
NA20529	1|0	1	0,1,0
NA20530	0|0	0	1,0,0
NA20531	0|0	0	1,0,0
NA20534	0|0	0	1,0,0
NA20535	0|0	0.04	0.96,0.04,0
NA20538	1|1	2	0,0,1
NA20539	0|0	0	1,0,0
NA20540	0|0	0	1,0,0
NA20541	0|1	1	0,1,0
NA20542	0|0	0.08	0.92,0.08,0
NA20543	0|0	0	1,0,0
NA20544	0|0	0.03	0.97,0.03,0
NA20581	0|0	0	1,0,0
NA20582	0|0	0	1,0,0
NA20585	0|1	1.41	0,0.59,0.41
NA20586	0|0	0.06	0.94,0.06,0
NA20588	0|0	0.3	0.72,0.25,0.02
NA20589	1|0	1	0,1,0
NA20752	0|0	0	1,0,0
NA20753	0|0	0	1,0,0
NA20754	0|0	0.53	0.54,0.39,0.07
NA20755	0|0	0	1,0,0
NA20756	1|1	2	0,0,1
NA20757	0|0	0	1,0,0
NA20758	1|1	1.95	0,0.05,0.95
NA20759	0|0	0.09	0.91,0.08,0
NA20760	1|1	1.99	0,0.01,0.99
NA20761	0|0	0.33	0.67,0.33,0
NA20765	0|0	0	1,0,0
NA20766	0|0	0	1,0,0
NA20768	0|0	0	1,0,0
NA20769	0|0	0	1,0,0
NA20770	0|0	0	1,0,0
NA20771	1|0	1	0,1,0
NA20772	0|0	0	1,0,0
NA20773	0|0	0	1,0,0
NA20774	1|0	1	0,1,0
NA20775	1|1	2	0,0,1
NA20778	0|0	0	1,0,0
NA20783	0|0	0	1,0,0
NA20785	1|1	2	0,0,1
NA20786	0|0	0	1,0,0
NA20787	1|1	2	0,0,1
NA20790	0|0	0	1,0,0
NA20792	0|0	0.78	0.37,0.47,0.15
NA20795	0|1	1	0,1,0
NA20796	1|1	2	0,0,1
NA20797	1|0	0.83	0.17,0.83,0
NA20798	0|0	0	1,0,0
NA20799	0|0	0	1,0,0
NA20800	1|0	1	0,1,0
NA20801	1|1	1.99	0,0.01,0.99
NA20802	1|1	1.99	0,0.01,0.99
NA20803	0|0	0.53	0.54,0.39,0.07
NA20804	0|0	0	1,0,0
NA20805	0|0	0	1,0,0
NA20806	0|0	0	1,0,0
NA20807	0|0	0	1,0,0
NA20808	0|1	1	0,1,0
NA20809	0|0	0.14	0.87,0.13,0
NA20810	0|0	0	1,0,0
NA20811	0|0	0	1,0,0
NA20812	0|0	0	1,0,0
NA20813	0|0	0.34	0.66,0.34,0
NA20815	0|0	0	1,0,0
NA20818	1|1	1.34	0.11,0.45,0.45
NA20819	0|1	0.91	0.09,0.91,0
NA20826	1|0	1	0,1,0
NA20828	1|0	0.66	0.34,0.66,0
