NA18526	1|0	1	0,1,0
NA18532	1|0	0.56	0.44,0.56,0
NA18537	0|0	0	1,0,0
NA18547	1|0	0.97	0.03,0.97,0
NA18550	0|0	0	1,0,0
NA18555	0|0	0	1,0,0
NA18561	0|0	0.02	0.98,0.02,0
NA18562	0|0	0	1,0,0
NA18563	0|0	0	1,0,0
NA18566	0|0	0	1,0,0
NA18577	0|0	0	1,0,0
NA18582	1|0	1	0,1,0
NA18603	0|0	0	1,0,0
NA18605	0|0	0	1,0,0
NA18606	0|0	0	1,0,0
NA18621	1|1	2	0,0,1
NA18622	0|0	0	1,0,0
NA18628	0|1	1	0,1,0
NA18632	0|0	0	1,0,0
NA18636	0|0	0	1,0,0
NA18647	0|0	0.19	0.82,0.17,0.01
NA18942	0|0	0	1,0,0
NA18943	0|0	0	1,0,0
NA18945	0|0	0	1,0,0
NA18947	0|0	0	1,0,0
NA18949	0|0	0.02	0.98,0.02,0
NA18951	1|0	1	0,1,0
NA18952	1|1	2	0,0,1
NA18953	0|0	0	1,0,0
NA18956	0|0	0	1,0,0
NA18964	1|0	0.86	0.17,0.8,0.03
NA18965	1|1	2	0,0,1
NA18970	0|0	0	1,0,0
NA18973	0|0	0.17	0.83,0.17,0
NA18974	0|0	0	1,0,0
NA18977	0|0	0	1,0,0
NA18980	0|0	0	1,0,0
NA18987	0|0	0	1,0,0
NA18990	0|0	0	1,0,0
NA18994	0|0	0	1,0,0
NA18995	0|0	0	1,0,0
NA19000	0|0	0	1,0,0
NA19003	1|0	1	0,1,0
NA19010	0|1	1	0,1,0
