NA18498	1|1	2	0,0,1
NA18500	0|0	0	1,0,0
NA18501	0|0	0	1,0,0
NA18502	1|0	1	0,1,0
NA18503	1|0	1	0,1,0
NA18504	1|1	2	0,0,1
NA18505	0|0	0	1,0,0
NA18506	0|1	1	0,1,0
NA18507	0|1	1	0,1,0
NA18508	1|1	2	0,0,1
NA18515	1|1	2	0,0,1
NA18516	0|1	1	0,1,0
NA18517	1|1	2	0,0,1
NA18519	1|1	2	0,0,1
NA18521	0|0	0	1,0,0
NA18522	1|0	1	0,1,0
NA18523	1|0	1	0,1,0
NA18852	0|1	1	0,1,0
NA18853	1|0	1	0,1,0
NA18854	0|1	1	0,1,0
NA18855	1|0	1	0,1,0
NA18856	1|0	1	0,1,0
NA18857	0|0	0	1,0,0
NA18858	0|1	1	0,1,0
NA18859	0|1	1	0,1,0
NA18860	1|0	1	0,1,0
NA18861	1|0	1	0,1,0
NA18862	1|0	1	0,1,0
NA18863	0|0	0	1,0,0
NA18867	1|0	1	0,1,0
NA18870	0|0	0	1,0,0
NA18871	1|1	2	0,0,1
NA18872	1|0	1	0,1,0
NA18910	1|1	2	0,0,1
NA18912	0|1	1	0,1,0
NA18913	1|1	2	0,0,1
NA18914	1|0	1	0,1,0
NA19027	1|0	1	0,1,0
NA19028	0|1	1	0,1,0
NA19031	1|0	1	0,1,0
NA19035	0|1	1	0,1,0
NA19036	0|1	1	0,1,0
NA19038	1|0	1	0,1,0
NA19041	1|1	2	0,0,1
NA19092	1|0	1	0,1,0
NA19093	1|1	2	0,0,1
NA19094	0|1	1	0,1,0
NA19098	0|0	0	1,0,0
NA19099	0|0	0	1,0,0
NA19100	0|0	0	1,0,0
NA19101	1|0	1	0,1,0
NA19102	1|1	2	0,0,1
NA19103	1|1	2	0,0,1
NA19108	0|0	0	1,0,0
NA19116	1|0	1	0,1,0
NA19118	0|0	0	1,0,0
NA19119	1|0	1	0,1,0
NA19120	0|0	0	1,0,0
NA19127	1|1	2	0,0,1
NA19128	0|1	1	0,1,0
NA19129	1|1	2	0,0,1
NA19130	1|1	2	0,0,1
NA19131	1|1	2	0,0,1
NA19132	1|1	2	0,0,1
NA19137	0|1	1	0,1,0
NA19138	1|0	1	0,1,0
NA19139	1|1	2	0,0,1
NA19140	1|1	2	0,0,1
NA19141	1|0	1	0,1,0
NA19142	0|1	1	0,1,0
NA19143	0|0	0	1,0,0
NA19144	1|0	1	0,1,0
NA19145	0|0	0	1,0,0
NA19146	0|1	1	0,1,0
NA19150	1|1	2	0,0,1
NA19152	0|0	0	1,0,0
NA19153	0|1	1	0,1,0
NA19154	1|0	1	0,1,0
NA19159	1|1	2	0,0,1
NA19160	0|1	1	0,1,0
NA19161	0|1	1	0,1,0
NA19171	1|1	2	0,0,1
NA19172	0|1	1	0,1,0
NA19173	1|1	2	0,0,1
NA19189	1|0	1	0,1,0
NA19200	1|1	2	0,0,1
NA19201	1|0	1	0,1,0
NA19202	1|1	2	0,0,1
NA19203	0|0	0	1,0,0
NA19204	0|1	1	0,1,0
NA19205	0|1	1	0,1,0
NA19206	0|0	0	1,0,0
NA19207	1|1	2	0,0,1
NA19208	1|0	1	0,1,0
NA19209	1|0	1	0,1,0
NA19210	1|1	2	0,0,1
NA19211	1|0	1	0,1,0
NA19213	0|0	0	1,0,0
NA19221	0|0	0	1,0,0
NA19222	1|0	1	0,1,0
NA19223	0|1	1	0,1,0
NA19238	0|1	1	0,1,0
NA19239	0|0	0	1,0,0
NA19240	0|1	1	0,1,0
NA19307	1|1	2	0,0,1
NA19308	0|0	0	1,0,0
NA19309	0|0	0	1,0,0
NA19310	0|0	0	1,0,0
NA19314	1|1	2	0,0,1
NA19315	0|1	1	0,1,0
NA19316	0|0	0	1,0,0
NA19317	0|1	1	0,1,0
NA19318	0|1	1	0,1,0
NA19319	0|0	0	1,0,0
NA19321	1|0	1	0,1,0
NA19324	1|0	1	0,1,0
NA19327	0|0	0	1,0,0
NA19328	0|0	0	1,0,0
NA19332	1|1	2	0,0,1
NA19334	0|1	1	0,1,0
NA19346	1|1	2	0,0,1
NA19347	1|1	2	0,0,1
NA19350	1|1	2	0,0,1
NA19360	0|0	0	1,0,0
NA19372	1|1	2	0,0,1
NA19374	1|0	1	0,1,0
NA19375	1|1	2	0,0,1
NA19376	0|1	1	0,1,0
NA19377	1|0	1	0,1,0
NA19379	0|0	0	1,0,0
NA19380	1|1	2	0,0,1
NA19383	0|0	0	1,0,0
NA19384	1|0	1	0,1,0
NA19385	1|0	1	0,1,0
NA19390	1|0	1	0,1,0
NA19391	1|0	1	0,1,0
NA19393	1|1	2	0,0,1
NA19394	0|0	0	1,0,0
NA19397	1|0	1	0,1,0
NA19399	1|1	2	0,0,1
NA19403	0|1	1	0,1,0
NA19404	0|1	1	0,1,0
NA19428	1|0	1	0,1,0
NA19429	0|1	1	0,1,0
NA19430	0|0	0	1,0,0
NA19431	1|1	1.66	0,0.34,0.66
NA19434	0|0	0	1,0,0
NA19435	1|1	2	0,0,1
NA19436	1|1	2	0,0,1
NA19437	0|0	0	1,0,0
NA19438	1|0	1	0,1,0
NA19439	0|1	1	0,1,0
NA19440	1|0	1	0,1,0
NA19443	0|1	1	0,1,0
NA19445	1|0	1	0,1,0
NA19446	1|1	2	0,0,1
NA19448	0|1	1	0,1,0
NA19449	0|1	1	0,1,0
NA19451	0|1	1	0,1,0
NA19452	0|0	0	1,0,0
NA19455	1|0	1	0,1,0
NA19456	1|0	1	0,1,0
NA19457	1|1	2	0,0,1
NA19462	0|0	0	1,0,0
NA19463	0|0	0	1,0,0
NA19466	1|1	2	0,0,1
NA19467	0|0	0	1,0,0
NA19468	1|1	2	0,0,1
NA19471	1|0	1	0,1,0
NA19472	1|1	2	0,0,1
NA19473	1|1	2	0,0,1
NA19474	1|0	1	0,1,0
NA06985	1|1	2	0,0,1
NA06991	1|0	1	0,1,0
NA06993	1|0	1	0,1,0
NA06994	0|1	1	0,1,0
NA07000	1|1	2	0,0,1
NA07019	1|1	2	0,0,1
NA07022	1|1	2	0,0,1
NA07029	1|1	2	0,0,1
NA07034	1|1	2	0,0,1
NA07048	1|0	1	0,1,0
NA07055	0|1	1	0,1,0
NA07056	1|1	2	0,0,1
NA07345	1|0	1	0,1,0
NA07348	1|1	2	0,0,1
NA07357	0|1	1	0,1,0
NA10830	1|1	2	0,0,1
NA10831	1|1	2	0,0,1
NA10835	1|1	2	0,0,1
NA10838	0|0	0	1,0,0
NA10839	0|1	1	0,1,0
NA10846	0|1	1	0,1,0
NA10847	0|1	1	0,1,0
NA10851	1|0	1	0,1,0
NA10854	1|0	1	0,1,0
NA10855	0|0	0	1,0,0
NA10856	0|1	1	0,1,0
NA10857	1|0	1	0,1,0
NA10859	1|0	1	0,1,0
NA10860	1|0	1	0,1,0
NA10861	1|0	1	0,1,0
NA10863	1|0	1	0,1,0
NA11829	0|0	0	1,0,0
NA11830	0|1	1	0,1,0
NA11831	1|0	1	0,1,0
NA11832	0|0	0	1,0,0
NA11839	0|0	0	1,0,0
NA11840	1|0	1	0,1,0
NA11881	0|1	1	0,1,0
NA11882	0|0	0	1,0,0
NA11992	1|1	2	0,0,1
NA11993	0|0	0	1,0,0
NA11994	1|1	2	0,0,1
NA11995	1|0	1	0,1,0
NA12003	1|0	1	0,1,0
NA12004	0|0	0	1,0,0
NA12005	0|0	0	1,0,0
NA12006	0|1	1	0,1,0
NA12043	0|1	1	0,1,0
NA12044	1|1	2	0,0,1
NA12056	1|0	1	0,1,0
NA12057	0|0	0	1,0,0
NA12144	0|1	1	0,1,0
NA12145	1|0	1	0,1,0
NA12146	0|0	0	1,0,0
NA12154	1|0	1	0,1,0
NA12155	1|1	2	0,0,1
NA12156	1|1	2	0,0,1
NA12234	1|0	1	0,1,0
NA12236	0|1	1	0,1,0
NA12239	1|1	2	0,0,1
NA12248	1|1	2	0,0,1
NA12249	0|1	1	0,1,0
NA12264	0|1	1	0,1,0
NA12707	1|1	2	0,0,1
NA12716	1|0	1	0,1,0
NA12717	0|1	1	0,1,0
NA12740	1|0	1	0,1,0
NA12750	1|0	1	0,1,0
NA12751	0|0	0	1,0,0
NA12752	0|0	0	1,0,0
NA12753	1|1	2	0,0,1
NA12760	0|0	0	1,0,0
NA12761	0|0	0	1,0,0
NA12762	1|1	2	0,0,1
NA12763	1|0	1	0,1,0
NA12801	0|0	0	1,0,0
NA12802	1|0	1	0,1,0
NA12812	0|0	0	1,0,0
NA12813	0|0	0	1,0,0
NA12814	0|1	1	0,1,0
NA12815	0|0	0	1,0,0
NA12864	1|0	1	0,1,0
NA12865	1|0	1	0,1,0
NA12872	1|1	2	0,0,1
NA12873	0|0	0	1,0,0
NA12874	1|1	2	0,0,1
NA12875	0|0	0	1,0,0
NA12878	0|1	1	0,1,0
NA12891	0|1	1	0,1,0
NA12892	1|0	1	0,1,0
NA20502	0|0	0	1,0,0
NA20504	1|0	1	0,1,0
NA20505	0|0	0	1,0,0
NA20506	1|0	1	0,1,0
NA20508	1|0	1	0,1,0
NA20509	0|0	0	1,0,0
NA20510	0|0	0	1,0,0
NA20512	1|1	2	0,0,1
NA20515	1|0	1	0,1,0
NA20516	1|0	1	0,1,0
NA20517	0|1	1	0,1,0
NA20518	1|1	2	0,0,1
NA20519	0|1	1	0,1,0
NA20520	0|0	0	1,0,0
NA20521	0|1	1	0,1,0
NA20522	0|0	0	1,0,0
NA20524	0|1	1	0,1,0
NA20525	1|0	1	0,1,0
NA20527	1|0	1	0,1,0
NA20528	0|0	0	1,0,0
NA20529	0|0	0	1,0,0
NA20530	0|0	0	1,0,0
NA20531	0|0	0	1,0,0
NA20534	0|1	1	0,1,0
NA20535	0|1	1	0,1,0
NA20538	0|0	0	1,0,0
NA20539	0|1	1	0,1,0
NA20540	1|0	1	0,1,0
NA20541	0|0	0	1,0,0
NA20542	0|1	1	0,1,0
NA20543	0|0	0	1,0,0
NA20544	0|0	0	1,0,0
NA20581	0|1	1	0,1,0
NA20582	0|0	0	1,0,0
NA20585	0|0	0	1,0,0
NA20586	0|1	1	0,1,0
NA20588	1|1	2	0,0,1
NA20589	0|0	0	1,0,0
NA20752	0|1	1	0,1,0
NA20753	0|0	0	1,0,0
NA20754	0|0	0	1,0,0
NA20755	0|0	0	1,0,0
NA20756	0|0	0	1,0,0
NA20757	0|0	0	1,0,0
NA20758	1|0	1	0,1,0
NA20759	0|1	1	0,1,0
NA20760	1|0	1	0,1,0
NA20761	0|1	1	0,1,0
NA20765	0|0	0	1,0,0
NA20766	0|0	0	1,0,0
NA20768	0|0	0	1,0,0
NA20769	0|1	1	0,1,0
NA20770	1|0	1	0,1,0
NA20771	0|1	1	0,1,0
NA20772	0|1	1	0,1,0
NA20773	1|0	1	0,1,0
NA20774	1|1	2	0,0,1
NA20775	1|0	1	0,1,0
NA20778	0|1	1	0,1,0
NA20783	1|1	2	0,0,1
NA20785	1|0	1	0,1,0
NA20786	0|0	0	1,0,0
NA20787	0|0	0	1,0,0
NA20790	0|0	0	1,0,0
NA20792	0|1	1	0,1,0
NA20795	1|1	2	0,0,1
NA20796	0|1	1	0,1,0
NA20797	1|1	2	0,0,1
NA20798	0|0	0	1,0,0
NA20799	0|0	0	1,0,0
NA20800	0|0	0	1,0,0
NA20801	0|0	0	1,0,0
NA20802	1|0	1	0,1,0
NA20803	1|0	1	0,1,0
NA20804	1|1	2	0,0,1
NA20805	0|1	1	0,1,0
NA20806	0|1	1	0,1,0
NA20807	0|0	0	1,0,0
NA20808	1|1	2	0,0,1
NA20809	0|0	0	1,0,0
NA20810	0|1	1	0,1,0
NA20811	1|0	1	0,1,0
NA20812	0|1	1	0,1,0
NA20813	1|1	2	0,0,1
NA20815	1|0	1	0,1,0
NA20818	0|1	1	0,1,0
NA20819	0|1	1	0,1,0
NA20826	0|0	0	1,0,0
NA20828	1|0	1	0,1,0
NA18526	1|0	1	0,1,0
NA18532	1|0	1	0,1,0
NA18537	0|0	0	1,0,0
NA18542	1|1	2	0,0,1
NA18545	1|1	2	0,0,1
NA18547	0|1	1	0,1,0
NA18550	1|1	2	0,0,1
NA18552	1|1	2	0,0,1
NA18555	1|1	2	0,0,1
NA18558	1|1	2	0,0,1
NA18561	0|1	1	0,1,0
NA18562	0|1	1	0,1,0
NA18563	1|1	2	0,0,1
NA18564	0|1	1	0,1,0
NA18566	1|1	2	0,0,1
NA18570	1|1	2	0,0,1
NA18571	1|1	2	0,0,1
NA18572	0|1	1	0,1,0
NA18573	0|0	0	1,0,0
NA18577	1|1	2	0,0,1
NA18579	1|1	2	0,0,1
NA18582	0|1	1	0,1,0
NA18592	1|0	1	0,1,0
NA18593	1|1	2	0,0,1
NA18603	1|1	2	0,0,1
NA18605	1|1	2	0,0,1
NA18608	1|1	2	0,0,1
NA18609	1|1	2	0,0,1
NA18611	1|1	2	0,0,1
NA18612	1|1	2	0,0,1
NA18620	1|1	2	0,0,1
NA18621	1|1	2	0,0,1
NA18622	0|1	1	0,1,0
NA18623	1|0	1	0,1,0
NA18624	1|1	2	0,0,1
NA18632	0|0	0	1,0,0
NA18633	1|1	2	0,0,1
NA18635	1|1	2	0,0,1
NA18636	1|1	2	0,0,1
NA18637	0|0	0	1,0,0
NA18940	1|1	2	0,0,1
NA18942	1|1	2	0,0,1
NA18943	1|0	1	0,1,0
NA18944	1|1	2	0,0,1
NA18945	0|0	0	1,0,0
NA18947	1|1	2	0,0,1
NA18948	1|1	2	0,0,1
NA18949	1|1	2	0,0,1
NA18951	0|1	1	0,1,0
NA18952	1|1	2	0,0,1
NA18953	1|1	2	0,0,1
NA18956	1|1	2	0,0,1
NA18959	0|1	1	0,1,0
NA18960	1|1	2	0,0,1
NA18961	1|1	2	0,0,1
NA18964	1|1	2	0,0,1
NA18965	1|0	1	0,1,0
NA18966	1|1	2	0,0,1
NA18967	0|1	1	0,1,0
NA18968	1|1	2	0,0,1
NA18969	1|0	1	0,1,0
NA18970	1|1	2	0,0,1
NA18971	1|0	1	0,1,0
NA18972	1|1	2	0,0,1
NA18973	1|0	1	0,1,0
NA18974	1|0	1	0,1,0
NA18975	0|1	1	0,1,0
NA18976	1|1	2	0,0,1
NA18978	1|1	2	0,0,1
NA18980	0|1	1	0,1,0
NA18981	1|1	2	0,0,1
NA18987	0|1	1	0,1,0
NA18990	0|0	0	1,0,0
NA18991	1|1	2	0,0,1
NA18992	1|1	2	0,0,1
NA18994	1|0	1	0,1,0
NA18995	1|0	1	0,1,0
NA18997	1|1	2	0,0,1
NA18998	1|1	2	0,0,1
NA18999	1|1	2	0,0,1
NA19000	1|1	2	0,0,1
NA19003	1|1	2	0,0,1
NA19005	1|1	2	0,0,1
NA19007	0|1	1	0,1,0
NA19012	1|1	2	0,0,1
