NA06985	0|0	1,0,0
NA06994	0|0	0.902,0.098,0
NA07000	0|0	1,0,0
NA07048	1|0	0.005,0.995,0
NA07056	0|0	1,0,0
NA07348	0|0	1,0,0
NA07357	0|0	0.783,0.217,0
NA10847	0|0	1,0,0
NA10851	0|0	1,0,0
NA11829	0|0	1,0,0
NA11830	0|0	1,0,0
NA11831	0|0	1,0,0
NA11832	0|0	1,0,0
NA11840	1|0	0.025896,0.970208,0.003896
NA11881	0|0	1,0,0
NA11992	0|0	0.881,0.119,0
NA11994	0|1	0,1,0
NA11995	0|0	0.874,0.126,0
NA12003	0|0	1,0,0
NA12004	0|0	0.969228,0.030544,0.000228
NA12005	0|0	0.999,0.001,0
NA12006	0|0	1,0,0
NA12043	0|0	1,0,0
NA12044	0|0	0.95,0.05,0
NA12144	1|1	0,0.167,0.833
NA12154	0|1	0.017,0.983,0
NA12155	0|0	1,0,0
NA12156	0|0	1,0,0
NA12234	0|0	1,0,0
NA12249	0|0	1,0,0
NA12716	0|0	1,0,0
NA12717	0|0	1,0,0
NA12750	0|0	1,0,0
NA12751	1|0	0.225,0.775,0
NA12760	0|0	1,0,0
NA12761	0|0	0.527,0.473,0
NA12762	0|0	1,0,0
NA12763	0|0	1,0,0
NA12812	0|0	1,0,0
NA12813	0|0	0.832,0.168,0
NA12814	0|0	1,0,0
NA12815	0|0	0.992,0.008,0
NA12872	0|0	1,0,0
NA12873	0|0	1,0,0
NA12874	0|0	1,0,0
NA12878	0|0	1,0,0
NA20502	0|0	1,0,0
NA20504	0|0	0.999,0.001,0
NA20505	0|0	1,0,0
NA20506	0|0	1,0,0
NA20508	0|0	0.998,0.002,0
NA20509	0|1	0.10437,0.89026,0.00537
NA20510	0|0	1,0,0
NA20512	0|0	1,0,0
NA20515	0|0	0.996,0.004,0
NA20516	0|0	0.928,0.072,0
NA20517	0|0	0.988,0.012,0
NA20518	0|0	0.994,0.006,0
NA20519	0|0	1,0,0
NA20520	0|0	1,0,0
NA20521	0|0	0.87792,0.12116,0.00092
NA20522	0|0	1,0,0
NA20524	0|0	1,0,0
NA20525	0|0	0.914,0.086,0
NA20527	0|0	1,0,0
NA20528	0|1	0.00599998,0.994,0
NA20529	0|0	1,0,0
NA20530	0|0	1,0,0
NA20531	0|0	1,0,0
NA20534	0|0	1,0,0
NA20535	1|0	0.009,0.991,0
NA20538	0|0	0.514444,0.470112,0.015444
NA20539	0|0	1,0,0
NA20540	0|0	1,0,0
NA20541	0|0	1,0,0
NA20542	0|0	1,0,0
NA20543	0|0	1,0,0
NA20544	0|0	1,0,0
NA20581	0|0	1,0,0
NA20582	1|0	0.391,0.609,0
NA20585	0|0	1,0,0
NA20586	0|0	1,0,0
NA20588	0|0	0.514,0.486,0
NA20589	0|0	0.999,0.001,0
NA20752	0|0	1,0,0
NA20753	1|0	0.4,0.6,0
NA20754	0|0	1,0,0
NA20755	0|0	1,0,0
NA20756	0|0	1,0,0
NA20757	0|0	1,0,0
NA20758	0|0	1,0,0
NA20759	0|0	1,0,0
NA20760	0|0	0.924,0.076,0
NA20761	0|0	0.882,0.118,0
NA20765	0|0	0.984,0.016,0
NA20766	1|1	0.007392,0.277216,0.715392
NA20768	0|0	1,0,0
NA20769	0|0	1,0,0
NA20770	0|0	1,0,0
NA20771	0|0	0.994,0.006,0
NA20772	0|0	1,0,0
NA20773	1|0	0,1,0
NA20774	0|0	1,0,0
NA20775	0|0	0.888636,0.110728,0.000636
NA20778	0|0	1,0,0
NA20783	0|0	1,0,0
NA20785	0|0	1,0,0
NA20786	0|0	1,0,0
NA20787	0|0	1,0,0
NA20790	0|0	1,0,0
NA20792	0|0	0.992,0.008,0
NA20795	0|0	0.911088,0.088824,8.8e-05
NA20796	0|0	1,0,0
NA20797	0|0	0.989,0.011,0
NA20798	0|0	0.502,0.498,0
NA20799	0|0	0.988,0.012,0
NA20800	0|0	1,0,0
NA20801	0|0	0.851,0.149,0
NA20802	1|0	0.107865,0.71827,0.173865
NA20803	0|0	0.999,0.001,0
NA20804	1|0	0.332108,0.559784,0.108108
NA20805	0|0	1,0,0
NA20806	0|0	1,0,0
NA20807	0|0	1,0,0
NA20808	0|0	1,0,0
NA20809	0|0	0.965,0.035,0
NA20810	0|0	1,0,0
NA20811	0|0	0.988,0.012,0
NA20812	0|0	0.569,0.431,0
NA20813	0|0	0.984,0.016,0
NA20815	0|0	1,0,0
NA20818	0|0	0.981,0.019,0
NA20819	1|0	0.123,0.877,0
NA20826	0|0	1,0,0
NA20828	0|0	1,0,0
