NA18526	1|1	0,0.00199997,0.998
NA18532	1|1	0,0.00599998,0.994
NA18537	1|1	5.60003e-05,0.014888,0.985056
NA18542	1|1	0,0,1
NA18545	1|1	9.80004e-05,0.020804,0.979098
NA18547	1|1	2.39997e-05,0.013952,0.986024
NA18550	1|1	1.59998e-05,0.016968,0.983016
NA18552	1|1	0,0.005,0.995
NA18555	1|1	6.30003e-05,0.015874,0.984063
NA18558	1|1	1.19998e-05,0.00797596,0.992012
NA18561	1|1	6.4e-05,0.019872,0.980064
NA18562	1|1	0,0.00599998,0.994
NA18563	1|1	0,0.009,0.991
NA18564	1|1	5.99991e-06,0.00698797,0.993006
NA18566	1|1	2.80002e-05,0.010944,0.989028
NA18570	1|1	0,0.058,0.942
NA18571	1|1	0,0,1
NA18572	1|1	0,0.00400001,0.996
NA18573	1|1	3.60003e-05,0.014928,0.985036
NA18577	1|1	0.000414,0.040172,0.959414
NA18579	1|1	1.59998e-05,0.016968,0.983016
NA18582	1|1	1.39999e-05,0.008972,0.991014
NA18592	1|1	6.30003e-05,0.015874,0.984063
NA18593	1|1	0,0.00300002,0.997
NA18603	1|1	4.20001e-05,0.012916,0.987042
NA18605	1|1	0,0.009,0.991
NA18608	1|1	0,0.000999987,0.999
NA18609	1|1	7.99991e-06,0.00598398,0.994008
NA18611	1|1	0,0.00999999,0.99
NA18612	1|1	4.19995e-05,0.022916,0.977042
NA18620	1|1	0.000263999,0.034472,0.965264
NA18621	1|1	2.99998e-06,0.00399401,0.996003
NA18622	0|1	0,0.999,0.001
NA18623	1|1	0,0.00700003,0.993
NA18624	1|1	1.59998e-05,0.00996799,0.990016
NA18632	1|1	0,0,1
NA18633	1|1	0.000198,0.028604,0.971198
NA18635	1|1	0,0.011,0.989
NA18636	1|0	0.00199197,0.994016,0.003992
NA18637	1|1	2.4e-05,0.00995199,0.990024
NA18940	1|1	0,0,1
NA18942	1|1	9.99998e-05,0.0248,0.9751
NA18943	1|1	4.80002e-05,0.015904,0.984048
NA18944	1|1	0,0.013,0.987
NA18945	1|1	0,0.000999987,0.999
NA18947	1|1	0,0,1
NA18948	1|1	3.60003e-05,0.014928,0.985036
NA18949	1|1	1.19998e-05,0.00797596,0.992012
NA18951	1|1	0,0,1
NA18952	1|1	6.60005e-05,0.024868,0.975066
NA18953	0|1	0.00400001,0.996,0
NA18956	1|1	0,0.009,0.991
NA18959	1|1	0.000629001,0.052742,0.946629
NA18960	1|1	0,0,1
NA18961	1|1	0,0.00599998,0.994
NA18964	1|1	0,0.009,0.991
NA18965	1|1	1.99995e-06,0.00299596,0.997002
NA18966	1|1	3.9999e-06,0.00399195,0.996004
NA18967	1|1	0.000247,0.031506,0.968247
NA18968	1|1	0,0,1
NA18969	1|1	0.000121,0.021758,0.978121
NA18970	0|1	0.00698603,0.991028,0.001986
NA18971	1|1	5.99991e-06,0.00698797,0.993006
NA18972	1|1	1.19998e-05,0.00797596,0.992012
NA18973	1|1	0,0.00199997,0.998
NA18974	1|1	0.000119001,0.023762,0.976119
NA18975	1|1	2.99998e-06,0.00399401,0.996003
NA18976	1|1	0,0,1
NA18978	0|1	0.031968,0.967064,0.000968
NA18980	1|1	0,0.00800002,0.992
NA18981	1|1	1.99995e-06,0.00299596,0.997002
NA18987	1|1	0.000121,0.021758,0.978121
NA18990	0|1	0,1,0
NA18991	1|1	0,0.000999987,0.999
NA18992	1|0	0,1,0
NA18994	1|1	2.59997e-05,0.014948,0.985026
NA18995	1|1	3.00002e-05,0.01294,0.98703
NA18997	1|1	0.000273001,0.033454,0.966273
NA18998	1|1	0,0.00800002,0.992
NA18999	1|1	4.4e-05,0.014912,0.985044
NA19000	1|1	1.29998e-05,0.013974,0.986013
NA19003	1|1	0,0.000999987,0.999
NA19005	1|1	0.000169998,0.08666,0.91317
NA19007	1|1	0,0.00400001,0.996
NA19012	1|1	6.00001e-05,0.01688,0.98306
