NA18498	1|1	0,0.00700003,0.993
NA18500	1|1	0,0.00800002,0.992
NA18501	1|1	0,0.019,0.981
NA18502	1|1	0,0,1
NA18503	1|1	0,0.00300002,0.997
NA18504	1|1	0,0,1
NA18505	1|1	0.000165,0.02567,0.974165
NA18506	1|0	0,1,0
NA18507	1|1	0,0.00300002,0.997
NA18508	1|0	0.00800002,0.992,0
NA18515	1|1	0,0,1
NA18516	1|1	0,0,1
NA18517	0|1	0,0.995,0.005
NA18519	1|1	7.99991e-06,0.00598398,0.994008
NA18521	0|1	0,1,0
NA18522	0|1	0,1,0
NA18523	1|1	0,0,1
NA18852	1|0	0,0.988,0.012
NA18853	1|1	0,0,1
NA18854	1|1	0,0,1
NA18855	1|1	0,0.009,0.991
NA18856	0|1	0,1,0
NA18857	1|0	0,1,0
NA18858	1|1	0,0.043,0.957
NA18859	0|1	0,1,0
NA18860	0|1	0,1,0
NA18861	1|1	0,0.00199997,0.998
NA18862	1|1	0,0.00300002,0.997
NA18863	1|1	0,0,1
NA18867	0|0	0.999,0.001,0
NA18870	1|1	0,0,1
NA18871	0|1	0.013,0.987,0
NA18872	0|1	0,1,0
NA18910	1|1	2.99998e-06,0.00399401,0.996003
NA18912	1|1	0,0.00199997,0.998
NA18913	0|1	0,1,0
NA18914	1|0	0,1,0
NA19027	1|1	9.10005e-05,0.019818,0.980091
NA19028	1|1	0,0,1
NA19031	1|1	0,0,1
NA19035	1|1	0,0,1
NA19036	1|1	0,0.00800002,0.992
NA19038	0|1	0,0.999,0.001
NA19041	1|1	0,0.00400001,0.996
NA19092	1|1	0,0.019,0.981
NA19093	1|1	0,0,1
NA19094	1|1	0,0,1
NA19098	1|1	0,0.00999999,0.99
NA19099	1|1	0,0,1
NA19100	1|1	0,0,1
NA19101	1|1	0,0.00199997,0.998
NA19102	1|0	0,1,0
NA19103	1|1	0,0.00800002,0.992
NA19108	1|1	0,0,1
NA19116	1|1	0,0,1
NA19118	0|1	0.000999987,0.999,0
NA19119	1|1	0,0,1
NA19120	1|1	0,0,1
NA19127	1|1	0,0.00199997,0.998
NA19128	1|1	0,0,1
NA19129	1|1	0,0,1
NA19130	1|1	0,0.000999987,0.999
NA19131	1|1	0,0,1
NA19132	1|1	0,0,1
NA19137	1|1	5.99991e-06,0.00698797,0.993006
NA19138	1|1	0,0.00199997,0.998
NA19139	1|1	0,0,1
NA19140	1|1	0,0.000999987,0.999
NA19141	1|1	0,0,1
NA19142	1|1	0,0,1
NA19143	1|1	0,0,1
NA19144	1|1	0,0.009,0.991
NA19145	1|1	0,0,1
NA19146	0|1	0.028,0.972,0
NA19150	1|1	0,0.00400001,0.996
NA19152	0|1	0,1,0
NA19153	1|1	0,0,1
NA19154	0|1	0,1,0
NA19159	1|1	0,0.00800002,0.992
NA19160	1|1	0,0.005,0.995
NA19161	1|1	0,0,1
NA19171	0|1	0,0.988,0.012
NA19172	1|1	0,0.005,0.995
NA19173	1|1	3.30002e-05,0.013934,0.986033
NA19189	1|1	0,0,1
NA19200	1|1	0,0.000999987,0.999
NA19201	1|1	0,0,1
NA19202	1|1	0,0.000999987,0.999
NA19203	1|1	0,0,1
NA19204	1|1	0,0.00400001,0.996
NA19205	1|1	0,0,1
NA19206	1|0	0,1,0
NA19207	1|1	0,0,1
NA19208	1|1	0,0,1
NA19209	1|1	0,0.00800002,0.992
NA19210	1|1	0,0.000999987,0.999
NA19211	1|1	0,0.00300002,0.997
NA19213	0|1	0.00492,0.97916,0.01592
NA19221	1|1	0,0,1
NA19222	1|1	0,0.00199997,0.998
NA19223	1|1	0,0.000999987,0.999
NA19238	1|1	0,0.00400001,0.996
NA19239	1|1	0,0.00300002,0.997
NA19240	1|1	0,0,1
NA19307	1|1	0,0.009,0.991
NA19308	1|1	2e-05,0.00896,0.99102
NA19309	1|1	2.99998e-06,0.00399401,0.996003
NA19310	1|0	0,0.992,0.008
NA19314	0|1	0,0.997,0.003
NA19315	0|1	0.033,0.967,0
NA19316	1|0	0.005,0.995,0
NA19317	1|1	2.4e-05,0.00995199,0.990024
NA19319	0|1	0,1,0
NA19321	1|1	0,0.022,0.978
NA19324	1|1	0,0.013,0.987
NA19327	0|1	0.000999987,0.999,0
NA19328	1|1	0,0.00199997,0.998
NA19332	1|0	0.015,0.985,0
NA19334	1|1	3.20001e-05,0.011936,0.988032
NA19346	1|1	0,0.000999987,0.999
NA19347	1|1	0,0,1
NA19350	1|1	0,0.000999987,0.999
NA19360	1|0	0,0.995,0.005
NA19372	1|1	0,0.000999987,0.999
NA19374	1|1	3.99996e-06,0.004992,0.995004
NA19375	0|1	0,0.996,0.004
NA19376	1|1	5.49998e-05,0.01589,0.984055
NA19377	1|1	0,0.00700003,0.993
NA19379	1|1	3.9999e-06,0.00399195,0.996004
NA19380	1|1	8.39997e-05,0.019832,0.980084
NA19384	1|1	0,0.000999987,0.999
NA19385	1|1	1.79998e-05,0.010964,0.989018
NA19390	1|0	0.00993999,0.98412,0.00594
NA19391	1|0	0.00957999,0.94884,0.04158
NA19393	0|1	0.00700003,0.993,0
NA19394	1|1	0.000155,0.03569,0.964155
NA19397	1|1	0,0.00300002,0.997
NA19399	1|1	0,0.00800002,0.992
NA19403	1|1	3.99996e-06,0.004992,0.995004
NA19404	1|1	0,0.000999987,0.999
NA19428	1|1	0,0.017,0.983
NA19429	0|1	0,1,0
NA19430	1|0	0,1,0
NA19431	1|1	0,0.009,0.991
NA19434	1|1	3.99994e-05,0.02192,0.97804
NA19435	1|1	0,0.00300002,0.997
NA19436	1|1	0,0.00599998,0.994
NA19437	1|1	0,0.00199997,0.998
NA19438	0|1	0.000983987,0.983032,0.015984
NA19439	1|1	0,0,1
NA19440	1|1	0,0.013,0.987
NA19443	1|1	0,0.00300002,0.997
NA19445	1|1	0,0.000999987,0.999
NA19446	0|0	1,0,0
NA19448	0|1	0,1,0
NA19449	1|1	9.99986e-06,0.00697997,0.99301
NA19451	1|0	0,0.98,0.02
NA19452	1|1	0.000575998,0.100848,0.898576
NA19455	1|1	0,0.000999987,0.999
NA19456	1|1	3.60001e-05,0.012928,0.987036
NA19457	1|1	0,0,1
NA19462	1|0	0.00487,0.96926,0.02587
NA19463	1|1	4.99993e-06,0.00598998,0.994005
NA19466	1|1	0,0.00300002,0.997
NA19467	1|1	0,0.014,0.986
NA19468	1|1	0,0.000999987,0.999
NA19471	1|0	0.000999987,0.999,0
NA19472	1|1	0.00024,0.05252,0.94724
NA19473	1|1	2.99998e-06,0.00399401,0.996003
NA19474	1|1	0,0.000999987,0.999
