NA18498	0|0	0	1,0,0
NA18502	0|0	0	1,0,0
NA18505	0|0	0	1,0,0
NA18507	0|0	0	1,0,0
NA18508	0|0	0.1	0.9,0.1,0
NA18517	0|1	1	0,1,0
NA18519	1|1	2	0,0,1
NA18867	0|1	1	0,1,0
NA18870	0|0	0.15	0.85,0.14,0.01
NA18910	0|0	0	1,0,0
NA19092	0|0	0	1,0,0
NA19098	1|1	2	0,0,1
NA19099	0|1	1.04	0,0.96,0.04
NA19102	1|0	1	0,1,0
NA19108	0|0	0	1,0,0
NA19118	0|0	0	1,0,0
NA19119	0|0	0	1,0,0
NA19129	1|0	0.7	0.3,0.7,0
NA19130	0|0	0	1,0,0
NA19141	0|0	0	1,0,0
NA19146	0|0	0	1,0,0
NA19150	0|0	0	1,0,0
NA19152	1|0	1	0,1,0
NA19160	0|0	0	1,0,0
NA19171	0|0	0	1,0,0
NA19189	0|0	0	1,0,0
NA19204	0|0	0	1,0,0
NA19206	0|1	1.41	0,0.59,0.41
NA19207	0|0	0	1,0,0
NA19209	0|1	0.82	0.18,0.82,0
NA19213	0|0	0	1,0,0
NA19240	1|0	1	0,1,0
