NA11829	0|0	0	1,0,0
NA11830	1|0	1.47	0,0.53,0.47
NA11831	1|1	2	0,0,1
NA11832	1|0	1	0,1,0
NA11840	1|0	1.37	0,0.63,0.37
NA11881	0|0	0	1,0,0
NA11994	0|0	0	1,0,0
NA11995	1|1	2	0,0,1
NA12004	1|0	0.88	0.12,0.88,0
NA12005	1|1	2	0,0,1
NA12043	1|1	2	0,0,1
NA12044	0|0	0	1,0,0
NA12144	1|1	2	0,0,1
NA12154	0|0	0.82	0.35,0.48,0.17
NA12155	0|0	0	1,0,0
NA12156	0|1	1	0,1,0
NA12234	1|0	1	0,1,0
NA12717	0|0	0	1,0,0
NA12750	1|1	2	0,0,1
NA12760	0|0	0	1,0,0
NA12761	0|0	0	1,0,0
NA12762	1|1	1.96	0,0.04,0.96
NA12763	0|0	0	1,0,0
NA12812	1|1	2	0,0,1
NA12813	1|1	2	0,0,1
NA12814	0|0	0	1,0,0
NA12815	0|1	1.23	0,0.77,0.23
NA12872	1|1	2	0,0,1
NA12873	0|1	1	0,1,0
NA12874	0|0	0	1,0,0
NA12878	1|1	2	0,0,1
