NA18498	0|0	0	1,0,0
NA18502	0|0	0	1,0,0
NA18505	0|0	0	1,0,0
NA18507	0|0	0	1,0,0
NA18508	0|0	0.1	0.9,0.1,0
NA18517	0|1	1	0,1,0
NA18519	1|1	2	0,0,1
NA18867	0|1	1	0,1,0
NA18870	0|0	0.15	0.85,0.14,0.01
NA18910	0|0	0	1,0,0
NA19092	0|0	0	1,0,0
NA19098	1|1	2	0,0,1
NA19099	0|1	1.04	0,0.96,0.04
NA19102	1|0	1	0,1,0
NA19108	0|0	0	1,0,0
NA19118	0|0	0	1,0,0
NA19119	0|0	0	1,0,0
NA19129	1|0	0.7	0.3,0.7,0
NA19130	0|0	0	1,0,0
NA19141	0|0	0	1,0,0
NA19146	0|0	0	1,0,0
NA19150	0|0	0	1,0,0
NA19152	1|0	1	0,1,0
NA19160	0|0	0	1,0,0
NA19171	0|0	0	1,0,0
NA19189	0|0	0	1,0,0
NA19204	0|0	0	1,0,0
NA19206	0|1	1.41	0,0.59,0.41
NA19207	0|0	0	1,0,0
NA19209	0|1	0.82	0.18,0.82,0
NA19213	0|0	0	1,0,0
NA19240	1|0	1	0,1,0
NA11829	0|0	0	1,0,0
NA11830	1|0	1.47	0,0.53,0.47
NA11831	1|1	2	0,0,1
NA11832	1|0	1	0,1,0
NA11840	1|0	1.37	0,0.63,0.37
NA11881	0|0	0	1,0,0
NA11994	0|0	0	1,0,0
NA11995	1|1	2	0,0,1
NA12004	1|0	0.88	0.12,0.88,0
NA12005	1|1	2	0,0,1
NA12043	1|1	2	0,0,1
NA12044	0|0	0	1,0,0
NA12144	1|1	2	0,0,1
NA12154	0|0	0.82	0.35,0.48,0.17
NA12155	0|0	0	1,0,0
NA12156	0|1	1	0,1,0
NA12234	1|0	1	0,1,0
NA12717	0|0	0	1,0,0
NA12750	1|1	2	0,0,1
NA12760	0|0	0	1,0,0
NA12761	0|0	0	1,0,0
NA12762	1|1	1.96	0,0.04,0.96
NA12763	0|0	0	1,0,0
NA12812	1|1	2	0,0,1
NA12813	1|1	2	0,0,1
NA12814	0|0	0	1,0,0
NA12815	0|1	1.23	0,0.77,0.23
NA12872	1|1	2	0,0,1
NA12873	0|1	1	0,1,0
NA12874	0|0	0	1,0,0
NA12878	1|1	2	0,0,1
NA18526	0|1	1	0,1,0
NA18537	0|0	0.2	0.8,0.19,0.01
NA18550	0|1	1.3	0,0.7,0.3
NA18555	0|1	1	0,1,0
NA18562	1|1	2	0,0,1
NA18563	1|1	2	0,0,1
NA18582	0|1	1.05	0,0.95,0.05
NA18603	1|1	2	0,0,1
NA18606	1|1	2	0,0,1
NA18621	1|1	2	0,0,1
NA18622	1|1	1.47	0.07,0.39,0.54
NA18628	1|1	1.97	0,0.03,0.97
NA18632	1|1	2	0,0,1
NA18636	1|1	2	0,0,1
NA18647	1|1	1.97	0,0.03,0.97
NA18942	0|1	0.86	0.14,0.86,0
NA18945	1|1	2	0,0,1
NA18947	1|1	2	0,0,1
NA18951	0|1	1.24	0.02,0.72,0.26
NA18952	1|1	2	0,0,1
NA18953	1|1	2	0,0,1
NA18956	0|0	0.34	0.69,0.29,0.03
NA18965	0|0	0.12	0.88,0.12,0
NA18970	1|1	2	0,0,1
NA18973	0|0	0.47	0.53,0.47,0
NA18977	0|0	0	1,0,0
NA18987	1|0	0.99	0.01,0.99,0
NA18990	1|1	1.96	0,0.04,0.96
NA18995	1|1	2	0,0,1
NA19003	0|0	0.52	0.53,0.43,0.05
NA19010	1|1	1.75	0,0.25,0.75
