NA06985	1|0	0,1,0
NA06991	1|0	0,1,0
NA06993	0|1	0.011,0.989,0
NA06994	0|0	1,0,0
NA07000	1|0	0.000999987,0.999,0
NA07022	0|0	1,0,0
NA07048	1|1	1.39999e-05,0.008972,0.991014
NA07056	0|1	0.00400001,0.996,0
NA07345	1|0	0.00599998,0.994,0
NA07348	0|0	1,0,0
NA07357	0|0	1,0,0
NA10830	1|1	1.50001e-05,0.00797002,0.992015
NA10835	0|0	1,0,0
NA10838	1|1	0,0,1
NA10839	1|0	0,1,0
NA10847	0|1	0.00599998,0.994,0
NA10851	1|1	0,0,1
NA10857	0|1	0,1,0
NA10859	0|1	0,1,0
NA10860	0|1	0,1,0
NA11829	1|0	0.048,0.952,0
NA11830	1|1	0,0,1
NA11831	1|1	0,0.00599998,0.994
NA11832	0|0	1,0,0
NA11840	1|1	0,0,1
NA11881	0|0	1,0,0
NA11992	1|1	0,0.00300002,0.997
NA11994	1|1	0,0.00199997,0.998
NA11995	0|0	1,0,0
NA12003	1|0	0,1,0
NA12004	1|1	0,0.00199997,0.998
NA12005	1|0	0,1,0
NA12006	0|0	1,0,0
NA12043	0|1	0,1,0
NA12044	0|1	0,1,0
NA12056	0|1	0,1,0
NA12144	0|1	0.000999987,0.999,0
NA12145	1|1	7.70002e-05,0.017846,0.982077
NA12146	0|0	0.999,0.001,0
NA12154	1|1	0,0,1
NA12155	1|1	3.9999e-06,0.00399195,0.996004
NA12156	0|0	1,0,0
NA12234	1|1	2.10002e-05,0.00995805,0.990021
NA12249	0|0	1,0,0
NA12716	0|1	0.005,0.995,0
NA12717	1|1	0,0,1
NA12740	1|1	0,0,1
NA12750	1|1	0,0.000999987,0.999
NA12751	0|1	0,0.999,0.001
NA12752	0|1	0,1,0
NA12760	1|1	0,0.00199997,0.998
NA12761	0|1	0,1,0
NA12762	0|1	0,1,0
NA12763	0|1	0.00199597,0.996008,0.001996
NA12802	0|1	0.000999987,0.999,0
NA12812	0|1	0,1,0
NA12813	0|1	0.000999987,0.999,0
NA12815	0|1	0.005,0.995,0
NA12864	0|0	1,0,0
NA12872	0|0	1,0,0
NA12873	0|0	1,0,0
NA12874	0|0	1,0,0
NA12878	1|1	0,0.00400001,0.996
NA12891	1|1	0,0,1
NA20502	1|1	0,0.00199997,0.998
NA20504	0|0	0.999,0.001,0
NA20505	1|0	0.00599998,0.994,0
NA20506	0|0	1,0,0
NA20508	1|1	0,0.00599998,0.994
NA20509	0|1	0.013,0.987,0
NA20510	0|1	0.00199997,0.998,0
NA20512	0|1	0,1,0
NA20515	0|0	0.996,0.004,0
NA20516	1|0	0,1,0
NA20517	0|1	0.00599998,0.994,0
NA20518	0|1	0.00799202,0.991016,0.000992
NA20519	0|0	1,0,0
NA20520	0|0	1,0,0
NA20521	0|0	1,0,0
NA20522	1|0	0.00300002,0.997,0
NA20525	0|1	0.00199997,0.998,0
NA20527	1|0	0,1,0
NA20528	0|1	0,1,0
NA20529	1|0	0,0.999,0.001
NA20530	1|1	1.19998e-05,0.00797596,0.992012
NA20531	1|0	0,0.996,0.004
NA20534	1|0	0,1,0
NA20535	0|0	1,0,0
NA20538	0|0	1,0,0
NA20539	1|1	3.99996e-06,0.004992,0.995004
NA20540	0|0	1,0,0
NA20541	1|1	9.99974e-07,0.00199797,0.998001
NA20542	1|1	0,0,1
NA20543	0|0	1,0,0
NA20544	0|0	1,0,0
NA20581	1|1	0,0.00999999,0.99
NA20582	0|0	1,0,0
NA20585	1|0	0,1,0
NA20586	0|1	0.00599998,0.994,0
NA20588	0|1	0,1,0
NA20589	1|0	0.00300002,0.997,0
NA20752	0|0	0.999,0.001,0
NA20753	1|0	0,1,0
NA20754	0|0	1,0,0
NA20755	0|1	0,1,0
NA20756	0|0	1,0,0
NA20757	0|1	0,1,0
NA20758	1|1	0,0.005,0.995
NA20759	1|1	0,0,1
NA20760	0|1	0.000999987,0.999,0
NA20761	1|1	0,0.005,0.995
NA20765	1|1	0,0.000999987,0.999
NA20766	0|0	0.996,0.004,0
NA20768	1|1	0,0.00599998,0.994
NA20769	0|1	0.021,0.979,0
NA20770	1|0	0,1,0
NA20771	1|1	0,0.000999987,0.999
NA20772	1|1	0,0.00300002,0.997
NA20773	1|1	7.99991e-06,0.00598398,0.994008
NA20774	1|1	0,0.00199997,0.998
NA20775	0|1	0.005,0.995,0
NA20778	1|0	0.00199997,0.998,0
NA20783	1|0	0.00599998,0.994,0
NA20785	0|1	0,1,0
NA20786	1|0	0.000999987,0.999,0
NA20790	0|0	1,0,0
NA20792	0|1	0,1,0
NA20795	0|1	0,1,0
NA20796	1|0	0,1,0
NA20797	0|0	0.999,0.001,0
NA20798	0|1	0.00199797,0.997004,0.000998
NA20799	1|1	0,0,1
NA20800	0|1	0,1,0
NA20801	0|0	0.996,0.004,0
NA20802	0|0	1,0,0
NA20803	1|0	0,1,0
NA20804	1|1	2.99998e-06,0.00399401,0.996003
NA20805	1|0	0.00199997,0.998,0
NA20806	1|1	0,0.00400001,0.996
NA20807	0|1	0,1,0
NA20808	0|1	0,1,0
NA20809	1|0	0,1,0
NA20810	0|0	1,0,0
NA20811	1|1	2.99999e-05,0.01094,0.98903
NA20812	1|0	0.012,0.988,0
NA20813	1|1	9.99974e-07,0.00199797,0.998001
NA20815	1|1	0,0,1
NA20818	1|0	0,1,0
NA20819	1|0	0.000999987,0.999,0
NA20826	1|1	0,0.00199997,0.998
NA20828	1|1	0,0.00199997,0.998
