NA18498	1|0	0,0.999,0.001
NA18500	1|0	0,1,0
NA18501	0|0	1,0,0
NA18502	1|1	0,0,1
NA18503	1|0	0,1,0
NA18504	0|0	1,0,0
NA18505	1|0	0,1,0
NA18506	1|1	0,0,1
NA18507	1|0	0,1,0
NA18508	1|1	1.59998e-05,0.00996799,0.990016
NA18515	1|0	0.00199997,0.998,0
NA18516	1|1	9.99974e-07,0.00199797,0.998001
NA18517	1|0	0,1,0
NA18519	0|0	1,0,0
NA18521	1|1	0,0.00199997,0.998
NA18522	1|1	0,0.238,0.762
NA18523	1|0	0.010989,0.988022,0.000989
NA18852	0|1	0.000998987,0.998002,0.000999
NA18853	1|1	0,0,1
NA18854	1|1	0,0.000999987,0.999
NA18855	0|1	0.293,0.707,0
NA18856	1|1	0,0.00700003,0.993
NA18857	1|0	0,1,0
NA18858	1|1	0,0,1
NA18859	1|1	0,0,1
NA18860	1|1	0,0,1
NA18861	1|1	0,0,1
NA18862	1|0	0.00300002,0.997,0
NA18863	0|1	0,1,0
NA18867	1|0	0.005,0.995,0
NA18870	1|0	0,1,0
NA18871	1|1	0,0.000999987,0.999
NA18872	1|1	0,0,1
NA18910	1|1	0,0,1
NA18912	0|1	0,0.993,0.007
NA18913	1|1	1.39999e-05,0.008972,0.991014
NA18914	1|1	0,0.000999987,0.999
NA19027	1|1	0,0,1
NA19028	1|0	0,0.995,0.005
NA19031	1|1	0,0,1
NA19035	1|0	0.00146598,0.732068,0.266466
NA19036	0|0	0.993,0.007,0
NA19038	0|0	1,0,0
NA19041	0|0	0.97706,0.02288,6e-05
NA19092	0|1	0,0.991,0.009
NA19093	0|0	1,0,0
NA19094	0|1	0,1,0
NA19098	1|1	0,0,1
NA19099	1|1	0,0,1
NA19100	1|1	0,0,1
NA19101	1|1	5.99996e-06,0.004988,0.995006
NA19102	1|1	2.99999e-05,0.01094,0.98903
NA19103	1|1	0,0,1
NA19108	1|0	0.005,0.995,0
NA19116	0|0	0.998,0.002,0
NA19118	0|1	0,1,0
NA19119	1|1	0,0.000999987,0.999
NA19120	1|0	0.00300002,0.997,0
NA19127	0|0	0.998,0.002,0
NA19128	0|1	0.00198797,0.992024,0.005988
NA19129	1|0	0,1,0
NA19130	1|0	0,0.912,0.088
NA19131	0|0	0.982,0.018,0
NA19132	1|0	0,1,0
NA19137	0|1	0,1,0
NA19138	0|1	0.014,0.986,0
NA19139	0|0	1,0,0
NA19140	0|1	0,1,0
NA19141	0|0	1,0,0
NA19142	0|0	1,0,0
NA19143	0|0	0.997,0.003,0
NA19144	0|0	0.996,0.004,0
NA19145	0|0	1,0,0
NA19146	0|0	0.987,0.013,0
NA19150	0|1	0,1,0
NA19152	0|1	0,1,0
NA19153	0|0	1,0,0
NA19154	0|1	0,1,0
NA19159	1|1	0,0,1
NA19160	1|0	0.00300002,0.997,0
NA19161	0|1	0.000999987,0.999,0
NA19171	1|1	0,0.00599998,0.994
NA19172	0|1	0,0.988,0.012
NA19173	1|1	0,0,1
NA19189	1|0	0.005,0.995,0
NA19200	0|0	1,0,0
NA19201	0|0	1,0,0
NA19202	0|0	1,0,0
NA19203	1|0	0.00300002,0.997,0
NA19204	1|1	0,0.045,0.955
NA19205	1|1	0,0.00300002,0.997
NA19206	0|0	1,0,0
NA19207	0|1	0,1,0
NA19208	1|0	0,1,0
NA19209	1|0	0,1,0
NA19210	1|1	0,0.00400001,0.996
NA19211	1|0	0,1,0
NA19213	1|1	0,0,1
NA19221	0|1	0,1,0
NA19222	0|0	1,0,0
NA19223	1|1	0,0.009,0.991
NA19238	1|1	0,0.016,0.984
NA19239	1|1	0,0,1
NA19240	1|1	0,0,1
NA19307	1|0	0,1,0
NA19308	0|0	1,0,0
NA19309	1|1	0,0.005,0.995
NA19310	1|0	0.497,0.503,0
NA19314	1|1	0,0.00199997,0.998
NA19315	0|1	0,1,0
NA19316	1|0	0,1,0
NA19317	0|0	0.999,0.001,0
NA19318	0|0	0.999,0.001,0
NA19319	0|1	0.005,0.995,0
NA19321	1|0	0,0.996,0.004
NA19324	1|1	0,0.00300002,0.997
NA19327	0|0	0.949,0.051,0
NA19328	1|0	0.005,0.995,0
NA19332	0|1	0,0.635,0.365
NA19334	0|1	0.000999987,0.999,0
NA19346	0|1	0,1,0
NA19347	1|0	0.00599998,0.994,0
NA19350	1|1	1.79998e-05,0.010964,0.989018
NA19360	1|0	0.00300002,0.997,0
NA19372	1|1	0,0,1
NA19374	1|1	0,0,1
NA19375	1|1	0,0.00700003,0.993
NA19376	0|0	0.999,0.001,0
NA19377	1|0	0,1,0
NA19379	0|1	0,1,0
NA19380	0|0	0.997,0.003,0
NA19384	1|0	0,1,0
NA19385	0|0	0.980036,0.019928,3.6e-05
NA19390	1|1	0,0.000999987,0.999
NA19391	1|0	0.00199797,0.997004,0.000998
NA19393	0|1	0.00199797,0.997004,0.000998
NA19394	1|1	4.99993e-06,0.00598998,0.994005
NA19397	0|1	0,1,0
NA19399	0|0	0.991014,0.008972,1.4e-05
NA19403	1|1	0,0.000999987,0.999
NA19404	0|0	1,0,0
NA19428	1|1	2.99998e-06,0.00399401,0.996003
NA19429	0|0	1,0,0
NA19430	1|1	0,0.000999987,0.999
NA19431	0|0	0.993,0.007,0
NA19434	0|1	0,0.998,0.002
NA19435	1|0	0.023,0.977,0
NA19436	1|0	0,0.998,0.002
NA19437	1|1	0,0.00599998,0.994
NA19438	1|1	0,0,1
NA19439	1|0	0,1,0
NA19440	1|0	0.00299102,0.994018,0.002991
NA19443	1|1	7.60001e-05,0.022848,0.977076
NA19445	0|0	1,0,0
NA19446	0|0	1,0,0
NA19448	0|0	1,0,0
NA19449	1|1	0,0.00400001,0.996
NA19451	1|1	0,0.00300002,0.997
NA19452	0|1	0,1,0
NA19455	0|1	0.00700003,0.993,0
NA19457	1|1	0,0.229,0.771
NA19462	1|1	0,0.00999999,0.99
NA19463	1|0	0,1,0
NA19466	1|0	0.00799202,0.991016,0.000992
NA19467	1|0	0,1,0
NA19468	1|1	0,0,1
NA19471	1|1	9.99974e-07,0.00199797,0.998001
NA19472	1|0	0,1,0
NA19473	0|1	0.000998987,0.998002,0.000999
NA19474	1|1	0,0.00199997,0.998
