NA18526	1|0	0,1,0
NA18532	1|1	0,0.00199997,0.998
NA18537	0|0	0.999,0.001,0
NA18542	0|0	0.989,0.011,0
NA18545	1|0	0.005,0.995,0
NA18547	0|0	1,0,0
NA18550	0|1	0,1,0
NA18552	0|1	0.031,0.969,0
NA18555	0|1	0,0.632,0.368
NA18558	0|0	1,0,0
NA18561	0|0	0.995006,0.004988,6e-06
NA18563	1|0	0,1,0
NA18564	0|1	0.00400001,0.996,0
NA18566	1|1	8.00001e-05,0.02384,0.97608
NA18570	0|1	0.00400001,0.996,0
NA18571	0|0	0.998,0.002,0
NA18572	0|0	0.998001,0.001998,1e-06
NA18573	0|1	0,1,0
NA18577	0|0	0.999,0.001,0
NA18579	0|0	0.997,0.003,0
NA18582	0|0	0.997,0.003,0
NA18592	1|1	0,0.041,0.959
NA18593	0|0	1,0,0
NA18603	0|0	1,0,0
NA18605	1|1	0.000923988,0.462152,0.536924
NA18606	0|0	0.999,0.001,0
NA18608	1|0	0.000999987,0.999,0
NA18609	0|0	1,0,0
NA18611	0|0	1,0,0
NA18612	0|0	0.584,0.416,0
NA18620	0|1	0.043,0.957,0
NA18621	0|1	0.00299702,0.996006,0.000997
NA18622	1|0	0,0.999,0.001
NA18623	0|0	1,0,0
NA18624	1|1	2.99998e-06,0.00399401,0.996003
NA18628	1|1	7.99991e-06,0.008984,0.991008
NA18632	1|0	0,0.996,0.004
NA18633	1|1	0.000453994,0.228092,0.771454
NA18635	1|0	0.00199797,0.997004,0.000998
NA18636	0|1	0.009,0.991,0
NA18637	0|1	0.00699303,0.992014,0.000993
NA18647	0|0	1,0,0
NA18940	1|0	0.022,0.978,0
NA18942	0|0	0.993006,0.006988,6e-06
NA18943	1|0	0.000997987,0.997004,0.001998
NA18944	0|0	0.984,0.016,0
NA18945	0|0	1,0,0
NA18947	0|1	0.053,0.947,0
NA18948	1|0	0.013,0.987,0
NA18949	0|1	0.072927,0.926146,0.000927
NA18951	0|1	0.000999987,0.999,0
NA18952	0|0	1,0,0
NA18953	0|1	0.008991,0.990018,0.000991
NA18956	0|1	0,1,0
NA18959	0|0	0.999,0.001,0
NA18960	1|0	0.00300002,0.997,0
NA18961	0|0	1,0,0
NA18964	1|1	0,0.015,0.985
NA18965	0|1	0,0.528,0.472
NA18966	0|0	0.999,0.001,0
NA18967	0|0	1,0,0
NA18968	1|0	0,1,0
NA18969	0|1	0.016,0.984,0
NA18970	0|1	0,1,0
NA18971	1|1	0,0.000999987,0.999
NA18972	0|1	0,1,0
NA18973	0|1	0.033,0.967,0
NA18974	0|0	1,0,0
NA18975	0|1	0.000999987,0.999,0
NA18976	0|0	1,0,0
NA18977	1|0	0,0.999,0.001
NA18978	1|1	4.99993e-06,0.00598998,0.994005
NA18980	1|0	0,0.998,0.002
NA18981	0|1	0.00299702,0.996006,0.000997
NA18987	0|0	0.997,0.003,0
NA18990	0|1	0.00300002,0.997,0
NA18991	1|0	0.00395601,0.985088,0.010956
NA18992	0|0	1,0,0
NA18994	0|0	1,0,0
NA18995	1|1	0,0.143,0.857
NA18997	1|0	0.000999987,0.999,0
NA18998	0|0	1,0,0
NA18999	0|0	0.546453,0.453094,0.000453
NA19000	0|1	0.000999987,0.999,0
NA19003	1|0	0.005,0.995,0
NA19005	1|1	0.000117001,0.041766,0.958117
NA19007	1|0	0.009,0.991,0
NA19010	0|0	0.963,0.037,0
NA19012	1|0	0.014985,0.98403,0.000985
