NA11829	0|0	0.4	0.6,0.4,0
NA11830	1|0	1.02	0,0.98,0.02
NA11831	0|0	0	1,0,0
NA11832	1|1	2	0,0,1
NA11840	0|0	0	1,0,0
NA11881	0|0	0	1,0,0
NA11994	0|0	0	1,0,0
NA11995	1|0	1	0,1,0
NA12004	0|1	1	0,1,0
NA12005	1|1	2	0,0,1
NA12043	1|1	2	0,0,1
NA12044	0|0	0.1	0.9,0.1,0
NA12144	1|1	2	0,0,1
NA12154	0|0	0	1,0,0
NA12155	0|0	0	1,0,0
NA12156	0|0	0.01	0.99,0.01,0
NA12234	0|0	0	1,0,0
NA12717	1|1	1.97	0,0.03,0.97
NA12750	0|0	0	1,0,0
NA12760	0|0	0	1,0,0
NA12761	0|1	1	0,1,0
NA12762	1|1	1.82	0.01,0.17,0.83
NA12763	1|0	0.69	0.31,0.69,0
NA12812	1|1	2	0,0,1
NA12813	0|0	0	1,0,0
NA12814	0|0	0	1,0,0
NA12815	0|1	1	0,1,0
NA12872	0|0	0	1,0,0
NA12873	0|0	0	1,0,0
NA12874	1|1	2	0,0,1
NA12878	0|0	0	1,0,0
