NA18498	0|0	0	1,0,0
NA18502	1|1	2	0,0,1
NA18505	1|0	1	0,1,0
NA18507	1|0	0.96	0.04,0.96,0
NA18508	0|1	1	0,1,0
NA18517	0|0	0	1,0,0
NA18519	1|0	1	0,1,0
NA18867	0|0	0	1,0,0
NA18870	1|1	2	0,0,1
NA18910	0|0	0	1,0,0
NA19092	0|0	0	1,0,0
NA19098	0|0	0	1,0,0
NA19099	0|0	0	1,0,0
NA19102	0|0	0	1,0,0
NA19108	0|0	0	1,0,0
NA19118	1|1	2	0,0,1
NA19119	0|0	0	1,0,0
NA19129	0|1	1	0,1,0
NA19130	1|1	2	0,0,1
NA19141	1|1	2	0,0,1
NA19146	0|0	0	1,0,0
NA19150	0|0	0	1,0,0
NA19152	1|1	2	0,0,1
NA19160	0|0	0	1,0,0
NA19171	0|0	0	1,0,0
NA19189	1|0	1.01	0,0.99,0.01
NA19204	0|0	0	1,0,0
NA19206	1|1	2	0,0,1
NA19207	0|0	0	1,0,0
NA19209	1|0	1	0,1,0
NA19213	1|0	0.64	0.36,0.64,0
NA19240	1|0	1	0,1,0
