NA18498	1|0	1.1	0,0.9,0.1
NA18502	0|1	1	0,1,0
NA18505	1|0	0.84	0.16,0.84,0
NA18507	1|1	2	0,0,1
NA18508	1|0	1	0,1,0
NA18517	1|1	1.99	0,0.01,0.99
NA18519	1|1	2	0,0,1
NA18867	0|1	1	0,1,0
NA18870	0|1	1	0,1,0
NA18910	1|0	0.97	0.03,0.97,0
NA19092	1|1	2	0,0,1
NA19098	1|1	2	0,0,1
NA19099	0|1	1.33	0,0.67,0.33
NA19102	0|1	1	0,1,0
NA19108	0|1	1	0,1,0
NA19118	0|0	0.38	0.64,0.34,0.02
NA19119	1|1	1.99	0,0.01,0.99
NA19129	1|1	1.94	0,0.06,0.94
NA19130	1|1	2	0,0,1
NA19141	1|1	2	0,0,1
NA19146	1|1	1.93	0,0.07,0.93
NA19150	1|1	1.95	0,0.05,0.95
NA19152	1|0	1.01	0,0.99,0.01
NA19160	1|1	1.51	0,0.49,0.51
NA19171	1|1	2	0,0,1
NA19189	1|1	1.51	0.01,0.47,0.52
NA19204	1|0	1	0,1,0
NA19206	1|0	1.04	0,0.96,0.04
NA19207	1|1	1.94	0,0.06,0.94
NA19209	0|1	1.19	0.01,0.79,0.2
NA19213	0|1	1	0,1,0
NA19240	1|1	1.84	0,0.16,0.84
