NA18526	0|0	0.998001,0.001998,1e-06
NA18537	0|1	0.00199997,0.998,0
NA18550	0|0	0.999,0.001,0
NA18555	0|0	0.999,0.001,0
NA18562	0|1	0.353664,0.597672,0.048664
NA18563	0|0	1,0,0
NA18582	0|0	1,0,0
NA18603	0|0	0.999,0.001,0
NA18606	0|0	0.997,0.003,0
NA18621	0|0	0.552728,0.433544,0.013728
NA18622	0|1	0.00700003,0.993,0
NA18628	1|0	0.243,0.757,0
NA18632	0|0	1,0,0
NA18636	0|0	1,0,0
NA18647	0|0	1,0,0
NA18942	0|1	0.00400001,0.996,0
NA18945	0|0	1,0,0
NA18947	0|0	0.999,0.001,0
NA18951	0|0	1,0,0
NA18952	1|0	0,1,0
NA18953	1|0	0.000999987,0.999,0
NA18956	0|0	1,0,0
NA18965	1|1	0,0,1
NA18970	0|1	0,1,0
NA18973	0|0	1,0,0
NA18977	1|0	0,0.998,0.002
NA18987	1|1	0,0.000999987,0.999
NA18990	1|0	0,1,0
NA18995	0|0	1,0,0
NA19003	0|0	0.999,0.001,0
NA19010	0|0	1,0,0
