NA06985	1|0	1	0,1,0
NA06991	0|0	0	1,0,0
NA06993	0|1	1	0,1,0
NA06994	0|1	1	0,1,0
NA07000	0|1	1	0,1,0
NA07019	1|0	1	0,1,0
NA07022	0|1	1	0,1,0
NA07029	1|0	1	0,1,0
NA07034	1|1	2	0,0,1
NA07048	1|1	2	0,0,1
NA07055	1|1	2	0,0,1
NA07056	1|1	2	0,0,1
NA07345	0|1	1	0,1,0
NA07348	1|1	2	0,0,1
NA07357	1|1	2	0,0,1
NA10830	1|1	2	0,0,1
NA10831	1|1	2	0,0,1
NA10835	1|1	2	0,0,1
NA10838	1|1	2	0,0,1
NA10839	1|1	2	0,0,1
NA10846	0|1	1	0,1,0
NA10847	1|1	2	0,0,1
NA10851	1|1	2	0,0,1
NA10854	1|1	2	0,0,1
NA10855	0|1	1	0,1,0
NA10856	1|1	2	0,0,1
NA10857	1|0	1	0,1,0
NA10859	1|1	2	0,0,1
NA10860	1|1	2	0,0,1
NA10861	1|1	2	0,0,1
NA10863	0|1	1	0,1,0
NA11829	1|1	2	0,0,1
NA11830	1|1	2	0,0,1
NA11831	1|0	1	0,1,0
NA11832	1|1	2	0,0,1
NA11839	1|0	1	0,1,0
NA11840	1|1	2	0,0,1
NA11881	1|1	2	0,0,1
NA11882	1|1	2	0,0,1
NA11992	0|1	1	0,1,0
NA11993	1|1	2	0,0,1
NA11994	1|1	2	0,0,1
NA11995	1|1	2	0,0,1
NA12003	1|1	2	0,0,1
NA12004	1|1	2	0,0,1
NA12005	1|1	2	0,0,1
NA12006	1|1	2	0,0,1
NA12043	1|1	2	0,0,1
NA12044	0|1	1	0,1,0
NA12056	0|1	1	0,1,0
NA12057	1|1	2	0,0,1
NA12144	1|1	2	0,0,1
NA12145	1|0	1	0,1,0
NA12146	0|1	1	0,1,0
NA12154	1|1	2	0,0,1
NA12155	1|1	2	0,0,1
NA12156	1|1	2	0,0,1
NA12234	1|1	2	0,0,1
NA12236	1|1	2	0,0,1
NA12239	1|1	2	0,0,1
NA12248	1|1	2	0,0,1
NA12249	1|1	2	0,0,1
NA12264	1|0	1	0,1,0
NA12707	1|1	2	0,0,1
NA12716	1|0	1	0,1,0
NA12717	1|1	2	0,0,1
NA12740	1|1	2	0,0,1
NA12750	1|1	2	0,0,1
NA12751	1|1	2	0,0,1
NA12752	1|1	2	0,0,1
NA12753	1|1	2	0,0,1
NA12760	1|1	2	0,0,1
NA12761	1|1	2	0,0,1
NA12762	1|1	2	0,0,1
NA12763	1|1	2	0,0,1
NA12801	0|1	1	0,1,0
NA12802	1|0	1	0,1,0
NA12812	1|0	1	0,1,0
NA12813	1|1	2	0,0,1
NA12814	0|0	0	1,0,0
NA12815	1|1	2	0,0,1
NA12864	1|1	2	0,0,1
NA12865	1|1	2	0,0,1
NA12872	1|1	2	0,0,1
NA12873	1|1	2	0,0,1
NA12874	1|1	2	0,0,1
NA12875	1|1	2	0,0,1
NA12878	1|0	1	0,1,0
NA12891	1|0	1	0,1,0
NA12892	1|1	2	0,0,1
NA20502	1|1	2	0,0,1
NA20504	1|1	2	0,0,1
NA20505	0|0	0	1,0,0
NA20506	1|0	1	0,1,0
NA20508	1|1	2	0,0,1
NA20509	1|1	2	0,0,1
NA20510	1|1	2	0,0,1
NA20512	1|1	2	0,0,1
NA20515	1|1	2	0,0,1
NA20516	0|0	0	1,0,0
NA20517	1|1	2	0,0,1
NA20518	1|1	1.98	0,0.02,0.98
NA20519	1|0	1.42	0,0.58,0.42
NA20520	1|0	1	0,1,0
NA20521	1|1	2	0,0,1
NA20522	1|1	2	0,0,1
NA20524	1|1	2	0,0,1
NA20525	0|1	1	0,1,0
NA20527	1|1	2	0,0,1
NA20528	1|0	1	0,1,0
NA20529	1|0	1	0,1,0
NA20530	0|1	1	0,1,0
NA20531	1|1	2	0,0,1
NA20534	1|1	2	0,0,1
NA20535	1|1	2	0,0,1
NA20538	1|1	2	0,0,1
NA20539	1|1	2	0,0,1
NA20540	1|1	2	0,0,1
NA20541	1|1	2	0,0,1
NA20542	1|1	2	0,0,1
NA20543	1|1	2	0,0,1
NA20544	1|1	2	0,0,1
NA20581	1|1	2	0,0,1
NA20582	1|1	2	0,0,1
NA20585	1|1	2	0,0,1
NA20586	0|1	1	0,1,0
NA20588	1|0	1	0,1,0
NA20589	1|0	1	0,1,0
NA20752	1|0	1.34	0,0.66,0.34
NA20753	1|0	0.99	0.01,0.99,0
NA20754	1|1	2	0,0,1
NA20755	1|1	2	0,0,1
NA20756	1|1	2	0,0,1
NA20757	1|1	2	0,0,1
NA20758	1|1	2	0,0,1
NA20759	0|1	1.01	0,0.99,0.01
NA20760	1|1	2	0,0,1
NA20761	1|0	1	0,1,0
NA20765	1|1	2	0,0,1
NA20766	1|0	1	0,1,0
NA20768	0|0	0	1,0,0
NA20769	1|1	2	0,0,1
NA20770	0|1	1	0,1,0
NA20771	1|1	2	0,0,1
NA20772	1|1	2	0,0,1
NA20773	1|1	2	0,0,1
NA20774	1|1	2	0,0,1
NA20775	1|1	2	0,0,1
NA20778	0|1	1	0,1,0
NA20783	1|1	2	0,0,1
NA20785	1|1	2	0,0,1
NA20786	1|1	2	0,0,1
NA20787	1|1	2	0,0,1
NA20790	1|1	2	0,0,1
NA20792	1|0	1	0,1,0
NA20795	1|1	2	0,0,1
NA20796	1|1	2	0,0,1
NA20797	1|1	2	0,0,1
NA20798	1|1	2	0,0,1
NA20799	1|0	1.03	0,0.97,0.03
NA20800	1|1	2	0,0,1
NA20801	1|1	2	0,0,1
NA20802	1|1	2	0,0,1
NA20803	1|1	2	0,0,1
NA20804	1|1	2	0,0,1
NA20805	1|1	2	0,0,1
NA20806	1|1	2	0,0,1
NA20807	0|1	1	0,1,0
NA20808	1|1	2	0,0,1
NA20809	1|1	2	0,0,1
NA20810	1|0	1	0,1,0
NA20811	0|1	1.02	0,0.98,0.02
NA20812	1|1	2	0,0,1
NA20813	1|1	2	0,0,1
NA20815	1|0	1	0,1,0
NA20818	1|1	2	0,0,1
NA20819	1|1	2	0,0,1
NA20826	0|1	1	0,1,0
NA20828	1|1	2	0,0,1
