NA18498	0|0	0	1,0,0
NA18502	0|0	0	1,0,0
NA18505	0|0	0	1,0,0
NA18507	1|1	2	0,0,1
NA18508	0|1	1	0,1,0
NA18517	0|1	0.82	0.18,0.82,0
NA18519	0|1	1.3	0.1,0.49,0.41
NA18867	0|0	0	1,0,0
NA18870	1|1	1.99	0,0.01,0.99
NA19092	0|0	0	1,0,0
NA19098	0|0	0	1,0,0
NA19099	0|0	0	1,0,0
NA19102	0|0	0	1,0,0
NA19108	0|0	0	1,0,0
NA19118	0|0	0	1,0,0
NA19119	0|0	0	1,0,0
NA19129	0|1	1	0,1,0
NA19130	0|0	0	1,0,0
NA19146	1|0	0.51	0.49,0.51,0
NA19152	1|0	1	0,1,0
NA19160	0|0	0.28	0.72,0.28,0
NA19171	1|0	1	0,1,0
NA19204	0|0	0	1,0,0
NA19207	1|0	0.91	0.1,0.9,0
NA19209	1|0	0.92	0.08,0.92,0
NA19213	0|0	0.31	0.69,0.31,0
NA19240	0|1	1	0,1,0
