NA18526	0|1	1	0.04,0.92,0.04
NA18537	1|0	1.06	0.07,0.8,0.13
NA18550	1|0	1.13	0.03,0.81,0.16
NA18555	1|1	1.97	0,0.03,0.97
NA18562	0|1	1.44	0.01,0.53,0.45
NA18563	1|1	1.71	0.01,0.27,0.72
NA18582	1|1	1.49	0.03,0.45,0.52
NA18603	0|1	1.27	0.04,0.66,0.3
NA18606	1|1	1.79	0,0.2,0.8
NA18621	0|1	0.98	0.15,0.72,0.13
NA18622	0|1	1.37	0.06,0.5,0.43
NA18628	1|1	1.71	0.01,0.27,0.72
NA18632	0|1	1	0.04,0.92,0.04
NA18636	1|1	1.69	0.01,0.28,0.7
NA18647	1|1	1.67	0.01,0.32,0.68
NA18942	1|1	1.5	0.01,0.47,0.51
NA18945	1|1	1.65	0.02,0.31,0.67
NA18947	1|1	1.93	0,0.07,0.93
NA18951	1|0	1.04	0.13,0.7,0.17
NA18952	0|1	1.02	0.03,0.93,0.04
NA18953	1|1	1.9	0,0.1,0.9
NA18956	1|1	1.64	0.02,0.31,0.66
NA18965	0|1	1.02	0.2,0.58,0.22
NA18970	1|1	1.93	0,0.07,0.93
NA18973	1|1	1.5	0.06,0.38,0.56
NA18977	1|1	1.94	0,0.06,0.94
NA18987	1|1	1.95	0,0.05,0.95
NA18990	1|1	1.91	0,0.09,0.91
NA18995	1|1	1.95	0,0.05,0.95
NA19003	1|1	1.91	0,0.09,0.91
NA19010	1|1	1.92	0,0.08,0.92
