NA11829	1|0	0.73	0.28,0.71,0.01
NA11830	0|0	0.36	0.68,0.29,0.03
NA11831	1|0	0.87	0.14,0.85,0.01
NA11832	0|1	0.7	0.33,0.64,0.03
NA11840	1|0	0.75	0.26,0.73,0.01
NA11881	0|1	1.08	0.19,0.54,0.27
NA11994	0|0	0.18	0.82,0.18,0
NA11995	1|1	1.7	0,0.3,0.7
NA12004	0|0	0.11	0.89,0.11,0
NA12005	0|0	0.3	0.71,0.27,0.01
NA12043	0|1	0.59	0.43,0.55,0.02
NA12044	0|0	0.02	0.98,0.02,0
NA12144	0|0	0.45	0.59,0.37,0.04
NA12154	0|0	0.42	0.58,0.42,0
NA12155	0|1	1.11	0,0.88,0.12
NA12156	1|0	1.26	0,0.74,0.26
NA12234	1|0	1.05	0.05,0.85,0.1
NA12717	0|1	0.83	0.17,0.83,0
NA12750	0|1	1.17	0.02,0.79,0.19
NA12760	1|0	1.02	0.11,0.75,0.13
NA12762	0|0	0.19	0.81,0.19,0
NA12763	1|0	0.58	0.44,0.53,0.02
NA12812	0|0	0.06	0.94,0.06,0
NA12813	0|1	0.78	0.25,0.72,0.03
NA12814	0|0	0.37	0.63,0.37,0
NA12815	0|0	0.12	0.89,0.11,0
NA12872	1|0	0.95	0.12,0.81,0.07
NA12873	0|1	1.05	0.01,0.93,0.06
NA12874	1|1	1.44	0.08,0.4,0.52
NA12878	0|0	0.02	0.98,0.02,0
