NA18526	1|0	0.013972,0.984056,0.001972
NA18532	0|1	0.431568,0.567864,0.000568
NA18537	0|0	1,0,0
NA18542	0|0	0.791315,0.20537,0.003315
NA18545	0|0	1,0,0
NA18547	1|1	0.000540001,0.05592,0.94354
NA18550	0|0	0.950049,0.049902,4.9e-05
NA18552	0|1	0,1,0
NA18555	0|0	0.564,0.436,0
NA18558	1|0	0.00599998,0.994,0
NA18561	0|0	0.840078,0.158844,0.001078
NA18562	0|0	0.616341,0.377318,0.006341
NA18563	0|0	0.75,0.25,0
NA18564	0|0	1,0,0
NA18566	0|1	0,0.999,0.001
NA18570	0|0	0.959,0.041,0
NA18571	1|0	0.057,0.943,0
NA18572	0|0	0.97,0.03,0
NA18573	0|0	0.987,0.013,0
NA18577	0|0	0.851,0.149,0
NA18579	1|0	0.00400001,0.996,0
NA18582	1|0	0.00999999,0.99,0
NA18592	0|0	0.983,0.017,0
NA18593	0|0	0.976,0.024,0
NA18603	0|0	1,0,0
NA18605	0|1	0.016905,0.79219,0.190905
NA18608	0|0	0.893,0.107,0
NA18609	0|0	1,0,0
NA18611	0|0	1,0,0
NA18612	0|0	0.999,0.001,0
NA18620	1|0	0.000963988,0.963072,0.035964
NA18621	0|1	0.43,0.57,0
NA18622	0|0	1,0,0
NA18623	0|1	0,0.997,0.003
NA18624	1|0	0.009,0.991,0
NA18632	0|0	1,0,0
NA18633	0|0	1,0,0
NA18635	0|0	0.987012,0.012976,1.2e-05
NA18636	0|0	0.967,0.033,0
NA18637	1|0	0.08235,0.8403,0.07735
NA18940	0|0	0.998001,0.001998,1e-06
NA18942	0|1	0.00199797,0.997004,0.000998
NA18943	0|1	0.107,0.893,0
NA18944	1|1	0.000394995,0.39521,0.604395
NA18945	0|0	0.865,0.135,0
NA18947	0|1	0.000995987,0.995008,0.003996
NA18948	1|0	0.116,0.884,0
NA18949	0|0	0.928,0.072,0
NA18951	1|0	0,0.992,0.008
NA18952	0|0	0.999,0.001,0
NA18953	0|0	0.939,0.061,0
NA18956	0|0	0.999,0.001,0
NA18959	0|0	0.999,0.001,0
NA18960	0|0	1,0,0
NA18961	0|0	0.997002,0.002996,2e-06
NA18964	0|0	1,0,0
NA18965	0|0	0.998,0.002,0
NA18966	0|1	0.00368401,0.917632,0.078684
NA18967	1|1	0,0,1
NA18968	0|0	0.827,0.173,0
NA18969	0|0	0.955,0.045,0
NA18970	0|0	0.807,0.193,0
NA18971	1|0	0.00299102,0.994018,0.002991
NA18972	0|1	0.308,0.692,0
NA18973	0|0	1,0,0
NA18974	0|1	0.011,0.989,0
NA18975	1|0	0.00699303,0.992014,0.000993
NA18976	1|1	0,0.064,0.936
NA18978	1|0	0,1,0
NA18980	0|0	0.614,0.386,0
NA18981	0|0	0.964068,0.035864,6.8e-05
NA18987	0|0	0.945156,0.054688,0.000156
NA18990	1|0	0.136863,0.862274,0.000863
NA18991	0|0	0.963,0.037,0
NA18992	0|0	0.892,0.108,0
NA18994	1|0	0,0.996,0.004
NA18995	1|0	0.000999987,0.999,0
NA18997	0|0	0.832,0.168,0
NA18998	0|1	0.020979,0.978042,0.000979
NA18999	0|0	1,0,0
NA19000	1|1	0,0,1
NA19003	1|1	0,0,1
NA19005	0|0	0.984,0.016,0
NA19007	0|0	0.883116,0.116768,0.000116
NA19012	1|0	0.000873989,0.873252,0.125874
