NA18526	1|1	0.000135,0.02373,0.976135
NA18532	1|1	0,0.00999999,0.99
NA18537	1|1	0.001911,0.084178,0.913911
NA18542	1|1	0.000113998,0.058772,0.941114
NA18545	1|1	0,0,1
NA18547	1|1	2.59997e-05,0.014948,0.985026
NA18550	1|1	0,0.00800002,0.992
NA18552	1|1	0,0.00300002,0.997
NA18555	1|1	0,0.019,0.981
NA18558	1|1	2e-05,0.00896,0.99102
NA18561	1|1	5.39999e-05,0.014892,0.985054
NA18562	1|1	1.50001e-05,0.00797002,0.992015
NA18563	1|1	0,0,1
NA18564	1|1	0,0,1
NA18566	1|1	1.99995e-06,0.00299596,0.997002
NA18570	1|1	0,0.00400001,0.996
NA18571	1|1	1.80001e-05,0.008964,0.991018
NA18572	1|1	6.30003e-05,0.015874,0.984063
NA18573	1|1	0,0.034,0.966
NA18577	1|1	0,0.00400001,0.996
NA18579	1|1	0,0,1
NA18582	1|1	1.99995e-06,0.00299596,0.997002
NA18592	1|1	0,0.09,0.91
NA18593	1|1	0,0.00199997,0.998
NA18603	1|1	4.90004e-05,0.0139021,0.986049
NA18605	1|1	0,0,1
NA18608	1|1	2.19997e-05,0.012956,0.987022
NA18609	1|1	0,0.00599998,0.994
NA18611	1|1	0,0.015,0.985
NA18612	1|1	0,0.00199997,0.998
NA18620	1|1	0,0.014,0.986
NA18621	1|1	1.99995e-06,0.00299596,0.997002
NA18622	1|1	1.20001e-05,0.00697603,0.993012
NA18623	1|1	0,0.000999987,0.999
NA18624	1|1	0.000135001,0.04773,0.952135
NA18632	1|1	0,0.00300002,0.997
NA18633	1|1	7.20002e-05,0.021856,0.978072
NA18635	1|1	8.99997e-05,0.02082,0.97909
NA18636	1|1	0.000900002,0.2272,0.7719
NA18637	1|1	0,0.00700003,0.993
NA18940	1|1	0,0,1
NA18942	1|1	0,0.00199997,0.998
NA18943	1|1	4.99993e-06,0.00598998,0.994005
NA18944	1|1	0,0.00199997,0.998
NA18945	1|1	0,0.00300002,0.997
NA18947	1|1	0,0.019,0.981
NA18948	1|1	0,0.012,0.988
NA18949	1|1	0,0.000999987,0.999
NA18951	1|1	1.99995e-06,0.00299596,0.997002
NA18952	1|1	0,0.00199997,0.998
NA18953	1|1	1.80001e-05,0.008964,0.991018
NA18956	1|1	4.19995e-05,0.022916,0.977042
NA18959	1|1	4.99993e-06,0.00598998,0.994005
NA18960	1|1	1.39999e-05,0.008972,0.991014
NA18961	1|1	5.89993e-05,0.059882,0.940059
NA18964	1|1	0,0.022,0.978
NA18965	1|1	0,0.005,0.995
NA18966	1|1	0,0,1
NA18967	1|1	0,0.005,0.995
NA18968	1|1	0,0.00999999,0.99
NA18969	1|1	0,0.032,0.968
NA18970	1|1	0,0.00999999,0.99
NA18971	1|1	0,0,1
NA18972	1|1	0,0.00700003,0.993
NA18973	1|1	0,0.00199997,0.998
NA18974	1|1	0,0.005,0.995
NA18975	1|1	0,0.00999999,0.99
NA18976	1|1	8.99989e-06,0.00998199,0.990009
NA18978	1|1	0.000105,0.02179,0.978105
NA18980	1|1	7.99991e-06,0.00598398,0.994008
NA18981	1|1	0,0.00599998,0.994
NA18987	1|1	6.00001e-05,0.01688,0.98306
NA18990	1|1	0,0.00199997,0.998
NA18991	1|1	6.30005e-05,0.023874,0.976063
NA18992	0|1	0,1,0
NA18994	1|1	0,0.005,0.995
NA18995	1|1	0,0.005,0.995
NA18997	1|1	5.99991e-06,0.00698797,0.993006
NA18998	1|0	0,1,0
NA18999	1|1	1.99997e-05,0.02096,0.97902
NA19000	1|1	0,0.00199997,0.998
NA19003	1|1	0,0.000999987,0.999
NA19005	1|1	0,0.021,0.979
NA19007	1|1	0,0,1
NA19012	1|1	0,0.081,0.919
