NA06985	1|1	0,0.000999987,0.999
NA06991	1|1	0,0,1
NA06993	1|1	0,0,1
NA06994	1|1	0,0.005,0.995
NA07000	1|1	0,0.00199997,0.998
NA07019	1|1	0,0,1
NA07022	1|1	0,0.000999987,0.999
NA07029	1|1	0,0.00199997,0.998
NA07034	1|1	0,0,1
NA07048	1|1	0,0,1
NA07055	1|1	0,0.000999987,0.999
NA07056	1|1	0,0.000999987,0.999
NA07345	1|1	0,0,1
NA07348	1|1	0,0,1
NA07357	1|1	0,0.00400001,0.996
NA10830	1|1	0,0,1
NA10831	1|0	0,1,0
NA10835	1|1	0,0.005,0.995
NA10838	1|1	0,0.005,0.995
NA10839	1|1	0,0,1
NA10846	1|1	0,0,1
NA10847	1|1	0,0.000999987,0.999
NA10851	1|1	0,0,1
NA10854	1|1	0,0,1
NA10855	1|1	0,0,1
NA10856	1|1	0,0,1
NA10857	1|1	0,0,1
NA10859	1|1	0,0,1
NA10860	1|1	0,0,1
NA10861	1|1	0,0,1
NA10863	1|1	0,0,1
NA11829	1|1	0,0,1
NA11830	1|1	0,0,1
NA11831	1|1	0,0,1
NA11832	1|1	0,0,1
NA11839	1|1	0,0.00599998,0.994
NA11840	1|1	0,0,1
NA11881	1|0	0,1,0
NA11882	1|1	0,0.00300002,0.997
NA11992	1|1	0,0.00199997,0.998
NA11993	1|0	0,0.694,0.306
NA11994	1|1	0,0.00199997,0.998
NA11995	1|1	0,0,1
NA12003	1|1	0,0.00599998,0.994
NA12004	1|1	0,0.00199997,0.998
NA12005	1|1	0,0.00199997,0.998
NA12006	1|1	0,0,1
NA12043	1|1	0,0,1
NA12044	1|1	0,0,1
NA12056	1|1	0,0,1
NA12057	1|1	0,0.032,0.968
NA12144	1|1	0,0,1
NA12145	1|1	0,0.000999987,0.999
NA12146	1|1	0,0.005,0.995
NA12154	1|1	0,0,1
NA12155	1|1	0,0.00300002,0.997
NA12156	1|0	0.014895,0.97821,0.006895
NA12234	1|1	0,0.00199997,0.998
NA12236	1|1	0,0,1
NA12239	1|1	0,0.00199997,0.998
NA12248	1|1	0,0.000999987,0.999
NA12249	1|1	0,0,1
NA12264	1|1	0,0,1
NA12707	1|1	0,0,1
NA12716	1|1	0,0,1
NA12717	1|1	0,0.000999987,0.999
NA12740	1|1	0,0,1
NA12750	1|1	0,0.00599998,0.994
NA12751	1|1	0,0,1
NA12752	1|1	0,0,1
NA12753	1|1	0,0,1
NA12760	1|1	0,0,1
NA12761	1|1	0,0,1
NA12762	1|1	0,0,1
NA12763	1|1	0,0.017,0.983
NA12801	1|1	0,0,1
NA12802	1|1	0,0,1
NA12812	1|1	0,0,1
NA12813	1|1	0,0,1
NA12814	1|1	0,0.000999987,0.999
NA12815	1|1	0,0,1
NA12864	1|1	0,0.00300002,0.997
NA12865	1|1	0,0,1
NA12872	1|1	6.5e-05,0.01787,0.982065
NA12873	1|1	0,0.00400001,0.996
NA12874	1|1	0,0,1
NA12875	1|1	0,0,1
NA12878	1|1	0,0,1
NA12891	1|1	0,0,1
NA12892	1|1	0,0.014,0.986
NA20502	1|1	9.99974e-07,0.00199797,0.998001
NA20504	1|1	0,0.00700003,0.993
NA20505	1|1	4.99993e-05,0.0269,0.97305
NA20506	1|1	0,0.00400001,0.996
NA20508	1|1	9.90007e-05,0.035802,0.964099
NA20509	1|1	9.99974e-07,0.00199797,0.998001
NA20510	1|1	0,0.00400001,0.996
NA20512	1|1	0,0.013,0.987
NA20515	1|1	0,0.00199997,0.998
NA20516	1|1	0,0.00800002,0.992
NA20517	1|1	5.99996e-06,0.004988,0.995006
NA20518	1|1	0,0.00400001,0.996
NA20519	1|1	0,0,1
NA20520	1|1	0,0.00199997,0.998
NA20521	1|1	0,0.00300002,0.997
NA20522	1|0	0,1,0
NA20524	1|1	3.39996e-05,0.018932,0.981034
NA20525	1|1	0,0,1
NA20527	1|0	0.000998987,0.998002,0.000999
NA20528	1|1	0,0.033,0.967
NA20529	1|1	1.59998e-05,0.016968,0.983016
NA20530	1|1	0,0.00199997,0.998
NA20531	1|1	0,0,1
NA20534	1|1	0,0.00599998,0.994
NA20535	1|1	0,0.00400001,0.996
NA20538	1|1	0,0.00300002,0.997
NA20539	0|1	0,1,0
NA20540	1|1	7.99991e-06,0.008984,0.991008
NA20541	1|1	1.59998e-05,0.00996799,0.990016
NA20542	1|1	0,0.015,0.985
NA20543	1|1	1.20001e-05,0.00697603,0.993012
NA20544	1|1	0,0.025,0.975
NA20581	1|1	0,0,1
NA20582	1|1	0,0.005,0.995
NA20585	1|1	2.4e-05,0.00995199,0.990024
NA20586	1|1	0,0.00599998,0.994
NA20588	1|1	0,0.011,0.989
NA20589	0|1	0.00398801,0.993024,0.002988
NA20752	1|1	0,0.00199997,0.998
NA20753	1|1	1.79998e-05,0.010964,0.989018
NA20754	1|1	1.19998e-05,0.00797596,0.992012
NA20755	1|1	7.99991e-06,0.00598398,0.994008
NA20756	1|1	0,0.009,0.991
NA20757	1|1	0,0.00300002,0.997
NA20758	1|1	2.99998e-06,0.00399401,0.996003
NA20759	1|1	0,0.00999999,0.99
NA20760	0|1	0,0.999,0.001
NA20761	1|1	0,0.046,0.954
NA20765	1|1	0,0.00400001,0.996
NA20766	1|1	0,0.028,0.972
NA20768	1|1	0.001908,0.085184,0.912908
NA20769	1|1	0,0.00700003,0.993
NA20770	1|1	0,0.000999987,0.999
NA20771	1|1	0,0,1
NA20772	1|1	0,0.00300002,0.997
NA20773	1|1	1.19998e-05,0.00797596,0.992012
NA20774	1|1	0,0.013,0.987
NA20778	1|1	0,0.00599998,0.994
NA20783	1|1	5.19993e-05,0.052896,0.947052
NA20785	1|1	0,0,1
NA20786	1|1	4.80002e-05,0.015904,0.984048
NA20787	1|1	0,0.00199997,0.998
NA20790	1|1	6.00001e-05,0.01688,0.98306
NA20792	1|1	0,0.00300002,0.997
NA20795	1|1	0,0,1
NA20796	1|1	5.99991e-06,0.00698797,0.993006
NA20797	1|1	0,0.005,0.995
NA20798	1|1	3.99996e-06,0.004992,0.995004
NA20799	1|1	9.99986e-06,0.01098,0.98901
NA20800	1|1	0,0.000999987,0.999
NA20801	0|1	0.00297302,0.988054,0.008973
NA20802	1|1	0,0.057,0.943
NA20803	1|1	0,0.00400001,0.996
NA20804	1|1	1.99995e-06,0.00299596,0.997002
NA20805	1|0	0,1,0
NA20806	1|1	1.39999e-05,0.008972,0.991014
NA20808	1|1	4.5e-05,0.01391,0.986045
NA20809	1|1	0,0,1
NA20810	1|1	1.79998e-05,0.010964,0.989018
NA20811	1|1	0,0,1
NA20812	1|1	0,0.00999999,0.99
NA20813	1|1	0,0.00300002,0.997
NA20815	1|1	0,0.000999987,0.999
NA20818	1|1	1.19999e-05,0.012976,0.987012
NA20819	1|1	0,0,1
NA20826	1|1	0,0,1
NA20828	1|1	0,0.005,0.995
