NA18498	1	1	0,1
NA18502	1|1	1.67	0,0.33,0.67
NA18505	1|1	2	0,0,1
NA18507	1	1	0,1
NA18508	1|1	2	0,0,1
NA18517	1|1	1.51	0.01,0.47,0.52
NA18519	1	0	0.01,0
NA18858	0|0	0	1,0,0
NA18861	0|0	0.08	0.92,0.08,0
NA18867	1|1	2	0,0,1
NA18870	0|1	1.29	0,0.71,0.29
NA18910	1	0	0.01,0
NA18912	1|0	1.01	0,0.99,0.01
NA19092	1	0	0.01,0
NA19093	0|1	1	0,1,0
NA19098	1	0.81	0.01,0.81
NA19099	0|1	1	0,1,0
NA19102	0|1	1	0,1,0
NA19108	1|1	2	0,0,1
NA19116	0|0	0.01	0.99,0.01,0
NA19118	1|0	1	0,1,0
NA19119	1	0	0.01,0
NA19129	0|1	1	0,1,0
NA19130	1	0	0.01,0
NA19131	1|1	2	0,0,1
NA19137	1|1	2	0,0,1
NA19138	1	1	0,1
NA19141	1	0	0.01,0
NA19143	1|0	1.01	0,0.99,0.01
NA19144	1	0.35	0.01,0.36
NA19146	1	0	0.01,0
NA19150	1	0	0.01,0
NA19152	0|0	0	1,0,0
NA19153	1	0	0.01,0
NA19159	0|1	1	0,1,0
NA19160	1	0	0.01,0
NA19171	1	0	0.01,0
NA19172	1|0	1.01	0,0.99,0.01
NA19189	1	0	0.01,0
NA19200	1	0	0.01,0
NA19201	0|0	0.32	0.68,0.32,0
NA19204	0|1	0.53	0.47,0.53,0
NA19206	1|1	2	0,0,1
NA19207	1	0.26	0.01,0.27
NA19209	1|1	2	0,0,1
NA19210	1	1	0,1
NA19213	1	0	0.01,0
NA19222	1|0	0.61	0.39,0.61,0
NA19223	1	0	0.01,0
NA19240	0|0	0.44	0.61,0.34,0.05
NA06985	1|0	1	0,1,0
NA06994	0	0	1,0
NA07000	0|0	0.25	0.77,0.22,0.01
NA07048	1	1	0,1
NA07056	0|1	1	0,1,0
NA07357	1	1	0,1
NA10847	0|1	1	0,1,0
NA10851	0	0.04	0.96,0.04
NA11829	0	0	1,0
NA11830	1|0	1	0,1,0
NA11831	0	0	1,0
NA11832	0|0	0	1,0,0
NA11840	0|0	0	1,0,0
NA11881	0	0	1,0
NA11992	1	1	0,1
NA11994	1	1	0,1
NA11995	0|0	0	1,0,0
NA12003	0	0.01	0.99,0.01
NA12004	1|0	1.4	0,0.6,0.4
NA12005	1	1	0,1
NA12006	1|1	2	0,0,1
NA12043	0	0	1,0
NA12044	0|1	1	0,1,0
NA12144	1	1	0,1
NA12154	0	0	1,0
NA12155	0	0	1,0
NA12156	0|0	0.01	0.99,0.01,0
NA12234	0|1	1	0,1,0
NA12249	1|0	1	0.01,0.99,0
NA12716	0	0	1,0
NA12717	0|0	0.02	0.98,0.02,0
NA12750	1	1	0,1
NA12751	0|1	0.51	0.49,0.51,0
NA12760	0	0	1,0
NA12761	1|1	2	0,0,1
NA12762	0	0.06	0.94,0.06
NA12763	0|1	0.77	0.23,0.77,0
NA12812	1	1	0,1
NA12813	1|0	0.95	0.05,0.95,0
NA12814	1	0.96	0.04,0.96
NA12815	0|0	0.01	0.99,0.01,0
NA12872	0	0.01	0.99,0.01
NA12873	1|0	0.76	0.27,0.69,0.04
NA12874	1	1	0,1
NA12878	1|0	1	0,1,0
NA20502	1|0	1	0,1,0
NA20504	0|0	0.11	0.89,0.11,0
NA20505	0|1	1	0,1,0
NA20506	1|1	2	0,0,1
NA20508	0|0	0.49	0.51,0.49,0
NA20509	0	0	1,0
NA20510	0	0	1,0
NA20512	1	1	0,1
NA20515	1	1	0,1
NA20516	1	1	0,1
NA20517	0|0	0.01	0.99,0.01,0
NA20518	0	0	1,0
NA20519	1	1	0,1
NA20520	0	0	1,0
NA20521	1	1	0,1
NA20522	1|1	2	0,0,1
NA20524	1	1	0,1
NA20525	0	0	1,0
NA20527	1	1	0,1
NA20528	1	1	0,1
NA20529	1|1	1.99	0,0.01,0.99
NA20530	0|1	1	0,1,0
NA20531	0|0	0.34	0.69,0.29,0.02
NA20534	0	0	1,0
NA20535	0|0	0.08	0.92,0.08,0
NA20538	0	0.35	0.65,0.35
NA20539	0	0	1,0
NA20540	0|0	0	1,0,0
NA20541	1|1	2	0,0,1
NA20542	1|0	0.64	0.36,0.64,0
NA20543	0	0.05	0.95,0.05
NA20544	0	0	1,0
NA20581	0	0	1,0
NA20582	0|0	0	1,0,0
NA20585	0|1	1.13	0,0.87,0.13
NA20586	1	0.85	0.15,0.85
NA20588	0	0	1,0
NA20589	1|1	1.95	0,0.05,0.95
NA20752	0	0.48	0.52,0.48
NA20753	0|0	0	1,0,0
NA20754	0	0.45	0.55,0.45
NA20755	0	0	1,0
NA20756	1|1	1.97	0,0.03,0.97
NA20757	0|0	0	1,0,0
NA20758	1	0.84	0.16,0.84
NA20759	0	0	1,0
NA20760	1|1	1.99	0,0.01,0.99
NA20761	0|0	0.01	0.99,0.01,0
NA20765	1	1	0,1
NA20766	0|0	0.11	0.89,0.11,0
NA20768	0|0	0	1,0,0
NA20769	0|0	0.02	0.98,0.02,0
NA20770	0	0	1,0
NA20771	1|0	1	0,1,0
NA20772	0|0	0	1,0,0
NA20773	1|1	1.98	0,0.02,0.98
NA20774	1|0	1	0,1,0
NA20775	1|1	2	0,0,1
NA20778	0	0	1,0
NA20783	0	0	1,0
NA20785	1	1	0,1
NA20786	1|0	0.74	0.26,0.74,0
NA20787	1	1	0,1
NA20790	0|0	0	1,0,0
NA20792	1	0.64	0.36,0.64
NA20795	0|1	1	0,1,0
NA20796	1	1	0,1
NA20797	0|0	0.12	0.88,0.12,0
NA20798	0	0	1,0
NA20799	0|1	0.96	0.04,0.96,0
NA20800	1|0	1	0,1,0
NA20801	0	0.24	0.76,0.24
NA20802	1|0	0.99	0.01,0.99,0
NA20803	0	0.05	0.95,0.05
NA20804	1|0	1.02	0,0.98,0.02
NA20805	0	0	1,0
NA20806	0	0	1,0
NA20807	0|0	0.02	0.98,0.02,0
NA20808	1|0	1.42	0,0.58,0.42
NA20809	0	0	1,0
NA20810	0	0	1,0
NA20811	0	0	1,0
NA20812	0	0	1,0
NA20813	0|0	0.3	0.71,0.27,0.02
NA20815	0	0	1,0
NA20818	0|0	0.27	0.73,0.27,0
NA20819	0|0	0	1,0,0
NA20826	0|0	0.19	0.81,0.19,0
NA20828	1|0	0.74	0.26,0.74,0
NA18526	0|0	0.12	0.88,0.12,0
NA18532	0|1	0.84	0.16,0.84,0
NA18537	0|0	0	1,0,0
NA18547	1|0	1.02	0,0.98,0.02
NA18550	1|0	0.88	0.25,0.62,0.13
NA18555	0|0	0.02	0.98,0.02,0
NA18561	0	0	1,0
NA18562	1	0.99	0.01,0.99
NA18563	0	0	1,0
NA18566	0|0	0	1,0,0
NA18577	1|0	0.65	0.35,0.65,0
NA18582	1|1	1.98	0,0.02,0.98
NA18603	0	0	1,0
NA18605	0	0.29	0.71,0.29
NA18606	0	0.28	0.72,0.28
NA18621	1	0.96	0.04,0.96
NA18622	0	0	1,0
NA18628	1|1	1.97	0,0.03,0.97
NA18632	0	0	1,0
NA18636	0	0	1,0
NA18647	0	0	1,0
NA18942	0|0	0	1,0,0
NA18943	0	0	1,0
NA18945	0	0	1,0
NA18947	0|0	0.02	0.98,0.02,0
NA18949	0|0	0.48	0.52,0.48,0
NA18951	1|0	1	0,1,0
NA18952	1	1	0,1
NA18953	0	0	1,0
NA18956	0|0	0	1,0,0
NA18964	1|0	0.73	0.27,0.73,0
NA18965	1	1	0,1
NA18970	0	0	1,0
NA18973	0|0	0	1,0,0
NA18974	0	0	1,0
NA18977	1	0.61	0.39,0.61
NA18980	0|0	0	1,0,0
NA18987	0|0	0	1,0,0
NA18990	0	0.02	0.98,0.02
NA18994	0	0	1,0
NA18995	0	0	1,0
NA19000	0	0	1,0
NA19003	1|0	1	0,1,0
NA19010	0|0	0.01	0.99,0.01,0
