NA18526	1|0	1	0,1,0
NA18532	1|1	1.99	0,0.01,0.99
NA18537	0|0	0	1,0,0
NA18542	0|0	0.23	0.77,0.23,0
NA18545	0|0	0.16	0.84,0.16,0
NA18547	0|0	0	1,0,0
NA18550	1|0	1	0,1,0
NA18552	1|0	1.09	0,0.91,0.09
NA18555	1|1	1.7	0,0.3,0.7
NA18558	0|0	0	1,0,0
NA18561	0|1	0.99	0.01,0.99,0
NA18563	0|1	0.99	0.01,0.99,0
NA18564	0|0	0.33	0.69,0.29,0.02
NA18566	0|1	1.05	0,0.95,0.05
NA18570	1|0	1	0,1,0
NA18571	0|0	0.34	0.66,0.34,0
NA18572	0|0	0	1,0,0
NA18573	1|0	1	0,1,0
NA18577	0|0	0.04	0.96,0.04,0
NA18579	0|0	0	1,0,0
NA18582	0|0	0	1,0,0
NA18592	1|0	1	0,1,0
NA18593	0|0	0	1,0,0
NA18603	0|0	0	1,0,0
NA18605	1|1	2	0,0,1
NA18606	0|0	0	1,0,0
NA18608	1|0	0.98	0.02,0.98,0
NA18609	0|0	0	1,0,0
NA18611	0|0	0	1,0,0
NA18612	0|0	0.05	0.95,0.05,0
NA18620	1|0	1.08	0,0.92,0.08
NA18621	0|1	1.04	0,0.96,0.04
NA18622	1|0	1	0,1,0
NA18623	0|0	0	1,0,0
NA18624	1|1	1.95	0,0.05,0.95
NA18628	1|1	2	0,0,1
NA18632	1|0	1	0,1,0
NA18633	1|1	1.98	0,0.02,0.98
NA18635	1|0	1.07	0,0.93,0.07
NA18636	1|0	1	0,1,0
NA18637	0|1	1	0,1,0
NA18647	0|0	0	1,0,0
NA18940	0|1	1.32	0,0.68,0.32
NA18942	0|0	0	1,0,0
NA18943	0|1	1	0,1,0
NA18944	0|0	0	1,0,0
NA18945	0|0	0	1,0,0
NA18947	0|1	1	0,1,0
NA18948	0|1	1	0,1,0
NA18949	0|0	0	1,0,0
NA18951	0|1	1	0,1,0
NA18952	0|0	0.04	0.96,0.04,0
NA18953	1|1	1.9	0,0.1,0.9
NA18956	0|1	1	0,1,0
NA18959	0|0	0	1,0,0
NA18960	1|0	1	0,1,0
NA18961	0|0	0	1,0,0
NA18964	1|1	1.91	0,0.09,0.91
NA18965	1|0	1	0,1,0
NA18966	0|0	0	1,0,0
NA18967	0|0	0	1,0,0
NA18968	0|1	1	0,1,0
NA18969	1|0	1	0,1,0
NA18970	0|1	1	0,1,0
NA18971	1|1	2	0,0,1
NA18972	1|0	1	0,1,0
NA18973	0|0	0.19	0.81,0.19,0
NA18974	0|0	0	1,0,0
NA18975	1|0	1	0,1,0
NA18976	0|0	0	1,0,0
NA18977	0|1	1	0,1,0
NA18978	1|1	2	0,0,1
NA18980	1|0	1	0,1,0
NA18981	1|0	1.02	0,0.98,0.02
NA18987	0|0	0	1,0,0
NA18990	0|1	1	0,1,0
NA18991	0|1	1	0,1,0
NA18992	0|0	0	1,0,0
NA18994	0|0	0	1,0,0
NA18995	1|1	1.99	0,0.01,0.99
NA18997	0|1	1	0,1,0
NA18998	0|0	0	1,0,0
NA18999	0|0	0	1,0,0
NA19000	0|1	1	0,1,0
NA19003	0|1	1.02	0,0.98,0.02
NA19005	1|1	2	0,0,1
NA19007	0|1	1	0,1,0
NA19010	0|0	0	1,0,0
NA19012	0|1	1	0,1,0
