NA11829	0|1	0.73	0.28,0.72,0
NA11830	0|0	0	1,0,0
NA11831	0|0	0.01	0.99,0.01,0
NA11832	1|1	1.73	0,0.27,0.73
NA11840	0|1	0.56	0.44,0.56,0
NA11881	1|1	1.5	0,0.5,0.5
NA11994	1|0	1	0,1,0
NA11995	0|0	0.09	0.91,0.09,0
NA12004	1|1	1.98	0,0.02,0.98
NA12005	0|1	1.03	0,0.97,0.03
NA12043	1|0	0.98	0.02,0.98,0
NA12044	1|1	1.37	0.1,0.43,0.47
NA12144	0|0	0	1,0,0
NA12154	0|0	0	1,0,0
NA12155	0|1	0.89	0.11,0.89,0
NA12156	1|0	1.33	0,0.67,0.33
NA12234	0|0	0	1,0,0
NA12717	0|0	0.51	0.5,0.49,0.01
NA12750	1|0	0.98	0.02,0.98,0
NA12760	0|1	1.21	0,0.79,0.21
NA12761	1|1	1.98	0,0.02,0.98
NA12762	0|1	0.98	0.02,0.98,0
NA12763	0|1	0.54	0.46,0.54,0
NA12812	0|0	0	1,0,0
NA12813	0|0	0	1,0,0
NA12814	0|0	0.3	0.7,0.3,0
NA12815	1|0	1	0,1,0
NA12872	0|1	1	0,1,0
NA12873	1|1	2	0,0,1
NA12874	1|0	1	0,1,0
NA12878	0|0	0	1,0,0
