NA18498	0|0	0	1,0,0
NA18500	0|1	1	0,1,0
NA18501	1|1	1.67	0,0.33,0.67
NA18502	0|0	0	1,0,0
NA18503	1|1	1.97	0,0.03,0.97
NA18504	1|0	1.02	0,0.98,0.02
NA18505	0|1	1	0,1,0
NA18506	0|1	1	0,1,0
NA18507	0|1	1	0,1,0
NA18508	0|0	0	1,0,0
NA18515	0|1	1	0,1,0
NA18516	1|0	1	0,1,0
NA18517	0|0	0	1,0,0
NA18519	0|0	0	1,0,0
NA18521	0|0	0	1,0,0
NA18522	0|0	0	1,0,0
NA18523	0|0	0	1,0,0
NA18852	0|0	0	1,0,0
NA18853	0|0	0	1,0,0
NA18854	0|0	0	1,0,0
NA18855	0|1	1	0,1,0
NA18856	0|0	0	1,0,0
NA18857	0|0	0	1,0,0
NA18858	1|0	1	0,1,0
NA18859	0|0	0.02	0.98,0.02,0
NA18860	0|0	0	1,0,0
NA18861	0|0	0.15	0.85,0.15,0
NA18862	0|0	0	1,0,0
NA18863	0|0	0	1,0,0
NA18867	0|0	0	1,0,0
NA18870	0|0	0	1,0,0
NA18871	0|0	0	1,0,0
NA18872	0|0	0	1,0,0
NA18910	0|1	1	0,1,0
NA18912	0|0	0	1,0,0
NA18913	1|0	1	0,1,0
NA18914	1|0	1	0,1,0
NA19027	0|0	0.01	0.99,0.01,0
NA19028	1|1	2	0,0,1
NA19031	0|0	0.42	0.58,0.42,0
NA19035	0|0	0	1,0,0
NA19036	0|0	0	1,0,0
NA19038	0|1	1	0,1,0
NA19041	1|0	1.01	0,0.99,0.01
NA19092	0|0	0	1,0,0
NA19093	1|0	1	0,1,0
NA19094	1|0	1	0,1,0
NA19098	0|0	0	1,0,0
NA19099	0|0	0	1,0,0
NA19100	0|0	0.04	0.96,0.04,0
NA19101	0|0	0	1,0,0
NA19102	0|0	0.02	0.98,0.02,0
NA19103	0|0	0	1,0,0
NA19108	0|1	1	0,1,0
NA19116	0|0	0	1,0,0
NA19118	0|1	0.91	0.09,0.91,0
NA19119	0|0	0	1,0,0
NA19120	0|0	0	1,0,0
NA19127	0|0	0	1,0,0
NA19128	0|1	1	0,1,0
NA19129	1|0	1	0,1,0
NA19130	0|1	1	0,1,0
NA19131	0|1	1	0,1,0
NA19132	1|1	2	0,0,1
NA19137	0|1	1	0,1,0
NA19138	0|1	1	0,1,0
NA19139	0|1	1	0,1,0
NA19140	0|0	0	1,0,0
NA19141	1|0	1	0,1,0
NA19142	0|1	1	0,1,0
NA19143	1|0	1	0,1,0
NA19144	1|0	1	0,1,0
NA19145	0|1	1	0,1,0
NA19146	0|0	0	1,0,0
NA19150	0|0	0	1,0,0
NA19152	0|0	0	1,0,0
NA19153	1|0	1.07	0,0.93,0.07
NA19154	1|0	1	0,1,0
NA19159	0|0	0	1,0,0
NA19160	0|0	0	1,0,0
NA19161	0|0	0	1,0,0
NA19171	0|0	0	1,0,0
NA19172	0|0	0	1,0,0
NA19173	0|0	0	1,0,0
NA19189	1|0	1	0,1,0
NA19200	0|0	0	1,0,0
NA19201	0|0	0	1,0,0
NA19202	0|0	0	1,0,0
NA19203	0|0	0	1,0,0
NA19204	0|1	1	0,1,0
NA19205	0|0	0	1,0,0
NA19206	0|0	0	1,0,0
NA19207	0|0	0	1,0,0
NA19208	0|0	0	1,0,0
NA19209	0|0	0	1,0,0
NA19210	0|0	0	1,0,0
NA19211	0|0	0	1,0,0
NA19213	1|0	1	0,1,0
NA19221	0|0	0	1,0,0
NA19222	0|0	0	1,0,0
NA19223	0|0	0	1,0,0
NA19238	0|1	1	0,1,0
NA19239	1|1	2	0,0,1
NA19240	1|1	2	0,0,1
NA19307	0|0	0	1,0,0
NA19308	1|0	1	0,1,0
NA19309	0|1	1.03	0,0.97,0.03
NA19310	1|1	2	0,0,1
NA19314	0|1	1	0,1,0
NA19315	1|1	2	0,0,1
NA19316	0|1	1	0,1,0
NA19317	1|0	1	0,1,0
NA19319	0|1	1	0,1,0
NA19321	0|1	1	0,1,0
NA19324	0|0	0	1,0,0
NA19327	0|0	0	1,0,0
NA19328	0|0	0	1,0,0
NA19332	0|0	0	1,0,0
NA19334	0|0	0	1,0,0
NA19346	1|1	2	0,0,1
NA19347	1|1	2	0,0,1
NA19350	0|0	0	1,0,0
NA19360	1|0	1	0,1,0
NA19372	0|0	0.31	0.69,0.31,0
NA19374	1|0	1	0,1,0
NA19375	1|1	2	0,0,1
NA19376	1|1	1.85	0,0.15,0.85
NA19377	0|1	1	0,1,0
NA19379	0|0	0	1,0,0
NA19380	0|1	1	0,1,0
NA19384	0|1	1	0,1,0
NA19385	0|1	1	0,1,0
NA19390	0|0	0	1,0,0
NA19391	0|1	1	0,1,0
NA19393	1|0	0.98	0.02,0.98,0
NA19394	1|0	1.17	0,0.83,0.17
NA19397	0|0	0	1,0,0
NA19399	1|0	1	0,1,0
NA19403	0|0	0	1,0,0
NA19404	0|0	0	1,0,0
NA19428	0|1	1	0,1,0
NA19429	0|1	1.02	0,0.98,0.02
NA19430	1|0	1	0,1,0
NA19431	1|0	1	0,1,0
NA19434	0|0	0	1,0,0
NA19435	0|1	1	0,1,0
NA19436	0|0	0	1,0,0
NA19437	0|1	1	0,1,0
NA19438	0|1	1	0,1,0
NA19439	0|0	0.02	0.98,0.02,0
NA19440	1|0	1	0,1,0
NA19443	1|1	2	0,0,1
NA19445	0|0	0	1,0,0
NA19446	1|0	1	0,1,0
NA19448	1|0	1	0,1,0
NA19449	0|1	1	0,1,0
NA19451	1|1	2	0,0,1
NA19452	1|0	1	0,1,0
NA19455	0|1	1.03	0.01,0.95,0.04
NA19456	1|0	1	0,1,0
NA19457	0|0	0.11	0.89,0.11,0
NA19462	0|1	1	0,1,0
NA19463	1|1	2	0,0,1
NA19466	1|0	0.61	0.39,0.61,0
NA19467	0|0	0	1,0,0
NA19468	0|0	0	1,0,0
NA19471	0|0	0	1,0,0
NA19472	1|1	2	0,0,1
NA19473	1|0	1	0,1,0
NA19474	0|1	1	0,1,0
