NA18498	0|0	0.06	0.94,0.06,0
NA18502	0|0	0	1,0,0
NA18505	0|0	0	1,0,0
NA18507	0|0	0	1,0,0
NA18508	0|1	0.99	0.01,0.99,0
NA18517	1|0	1	0,1,0
NA18519	0|0	0	1,0,0
NA18867	0|0	0	1,0,0
NA18870	0|1	1	0,1,0
NA18910	0|0	0	1,0,0
NA19092	0|0	0.01	0.99,0.01,0
NA19098	0|0	0	1,0,0
NA19099	0|0	0.35	0.65,0.34,0.01
NA19102	0|1	1	0,1,0
NA19108	1|0	0.76	0.24,0.76,0
NA19118	0|1	1	0,1,0
NA19119	0|0	0.54	0.48,0.5,0.02
NA19129	1|1	2	0,0,1
NA19130	1|1	2	0,0,1
NA19141	0|0	0	1,0,0
NA19146	0|0	0	1,0,0
NA19150	0|0	0	1,0,0
NA19152	1|0	1	0,1,0
NA19160	1|0	1	0,1,0
NA19171	0|0	0	1,0,0
NA19189	0|0	0	1,0,0
NA19204	1|0	0.72	0.28,0.72,0
NA19206	1|1	1.91	0,0.09,0.91
NA19207	1|1	2	0,0,1
NA19209	0|1	1	0,1,0
NA19213	0|0	0	1,0,0
NA19240	1|1	1.97	0,0.03,0.97
