NA06985	1|1	2	0,0,1
NA06994	0|0	0.03	0.97,0.03,0
NA07000	0|1	1	0,1,0
NA07048	0|1	1	0,1,0
NA07056	0|0	0.1	0.9,0.1,0
NA07357	1|0	1	0,1,0
NA10847	0|0	0	1,0,0
NA10851	0|0	0	1,0,0
NA11829	0|0	0	1,0,0
NA11830	0|0	0	1,0,0
NA11831	0|1	1	0,1,0
NA11832	0|0	0	1,0,0
NA11840	1|0	1	0,1,0
NA11881	0|0	0	1,0,0
NA11992	0|1	1	0,1,0
NA11994	0|1	1	0,1,0
NA12003	1|0	1	0,1,0
NA12004	0|1	1	0,1,0
NA12005	1|1	2	0,0,1
NA12006	0|1	1	0,1,0
NA12043	0|0	0.02	0.98,0.02,0
NA12044	1|0	1	0,1,0
NA12144	0|1	1.01	0,0.99,0.01
NA12154	1|0	1	0,1,0
NA12155	0|1	1.01	0,0.99,0.01
NA12156	0|1	1	0,1,0
NA12234	0|0	0.01	0.99,0.01,0
NA12716	0|0	0	1,0,0
NA12717	0|1	1.01	0,0.99,0.01
NA12751	1|0	1	0,1,0
NA12760	0|1	1	0,1,0
NA12761	1|0	1	0,1,0
NA12762	1|1	1.91	0,0.09,0.91
NA12763	0|1	1	0,1,0
NA12812	0|0	0	1,0,0
NA12813	1|0	1	0,1,0
NA12814	0|0	0	1,0,0
NA12815	1|1	1.99	0,0.01,0.99
NA12872	1|1	2	0,0,1
NA12873	0|0	0.11	0.89,0.11,0
NA12874	0|1	1	0,1,0
NA12878	0|1	1	0,1,0
NA20502	0|1	1	0,1,0
NA20504	1|1	2	0,0,1
NA20505	0|0	0.33	0.67,0.33,0
NA20506	0|0	0.01	0.99,0.01,0
NA20508	1|0	1	0,1,0
NA20509	1|0	1	0,1,0
NA20512	1|1	2	0,0,1
NA20515	0|1	1	0,1,0
NA20516	1|1	1.54	0.02,0.41,0.57
NA20517	1|0	1	0,1,0
NA20518	0|0	0	1,0,0
NA20519	0|1	1	0,1,0
NA20520	0|1	1	0,1,0
NA20521	0|1	1	0,1,0
NA20522	0|0	0.08	0.92,0.08,0
NA20527	1|1	2	0,0,1
NA20534	1|1	2	0,0,1
NA20535	1|0	1	0,1,0
NA20538	1|1	2	0,0,1
NA20539	0|1	1	0,1,0
NA20540	1|1	1.97	0,0.03,0.97
NA20541	0|0	0	1,0,0
NA20542	0|1	0.98	0.02,0.98,0
NA20543	0|0	0.04	0.96,0.04,0
NA20544	1|0	1	0,1,0
NA20581	1|1	2	0,0,1
NA20582	1|1	2	0,0,1
NA20585	1|0	1	0,1,0
NA20589	0|0	0	1,0,0
NA20752	1|1	2	0,0,1
NA20753	1|1	2	0,0,1
NA20754	1|0	1.04	0,0.96,0.04
NA20755	1|1	2	0,0,1
NA20756	1|1	2	0,0,1
NA20757	1|1	1.99	0,0.01,0.99
NA20758	0|1	1	0,1,0
NA20759	1|1	2	0,0,1
NA20760	1|1	2	0,0,1
NA20761	1|0	1	0,1,0
NA20765	0|0	0.03	0.97,0.03,0
NA20766	1|0	1	0,1,0
NA20768	1|0	1	0,1,0
NA20769	1|1	2	0,0,1
NA20770	0|1	1	0,1,0
NA20771	0|0	0	1,0,0
NA20772	1|1	2	0,0,1
NA20775	0|1	1.07	0,0.93,0.07
NA20778	1|1	2	0,0,1
NA20783	1|1	2	0,0,1
NA20786	0|1	1	0,1,0
NA20790	1|1	2	0,0,1
NA20796	0|0	0.01	0.99,0.01,0
NA20797	1|1	2	0,0,1
NA20799	0|0	0.23	0.77,0.23,0
NA20800	0|1	1	0,1,0
NA20801	1|1	2	0,0,1
NA20802	0|1	1	0,1,0
NA20803	1|1	2	0,0,1
NA20804	1|1	2	0,0,1
NA20807	1|1	2	0,0,1
NA20808	1|1	1.99	0,0.01,0.99
NA20813	1|1	2	0,0,1
NA20818	1|1	2	0,0,1
NA20819	1|0	1	0,1,0
NA20826	1|0	0.9	0.3,0.5,0.2
NA20828	0|0	0.09	0.91,0.09,0
