NA18526	0|0	0.01	0.99,0.01,0
NA18537	0|0	0.11	0.9,0.1,0
NA18550	0|0	0.01	0.99,0.01,0
NA18555	0|0	0.48	0.55,0.41,0.03
NA18562	1|1	1.67	0.03,0.28,0.7
NA18563	0|0	0.02	0.98,0.02,0
NA18582	1|1	1.62	0.02,0.35,0.64
NA18603	0|0	0.2	0.81,0.18,0.01
NA18606	1|0	1.1	0.14,0.62,0.24
NA18621	0|0	0	1,0,0
NA18622	0|0	0.59	0.49,0.42,0.09
NA18628	0|0	0	1,0,0
NA18632	0|0	0	1,0,0
NA18636	0|0	0.1	0.9,0.1,0
NA18647	1|1	1.99	0,0.01,0.99
NA18942	1|0	0.99	0.01,0.99,0
NA18945	1|0	1.18	0.12,0.58,0.3
NA18947	0|0	0	1,0,0
NA18951	0|0	0	1,0,0
NA18952	0|0	0	1,0,0
NA18953	0|0	0	1,0,0
NA18956	0|0	0	1,0,0
NA18965	1|1	1.93	0,0.07,0.93
NA18970	0|0	0	1,0,0
NA18973	1|0	0.85	0.15,0.85,0
NA18977	0|0	0.01	0.99,0.01,0
NA18987	0|0	0	1,0,0
NA18990	1|1	1.91	0,0.09,0.91
NA18995	1|1	2	0,0,1
NA19003	0|0	0	1,0,0
NA19010	1|0	0.99	0.01,0.99,0
