NA18498	1|0	1	0,1,0
NA18500	1|0	1	0,1,0
NA18501	1|1	2	0,0,1
NA18502	0|0	0	1,0,0
NA18503	0|1	1	0,1,0
NA18504	0|1	0.98	0.02,0.98,0
NA18505	0|0	0.01	0.99,0.01,0
NA18506	0|1	1	0,1,0
NA18507	1|0	0.99	0.01,0.99,0
NA18508	0|0	0	1,0,0
NA18515	1|1	2	0,0,1
NA18516	1|0	1.05	0,0.95,0.05
NA18517	1|1	2	0,0,1
NA18519	0|1	1	0,1,0
NA18521	1|0	1	0,1,0
NA18522	1|0	0.94	0.06,0.94,0
NA18523	1|1	2	0,0,1
NA18852	0|1	1	0,1,0
NA18853	0|0	0.38	0.62,0.38,0
NA18854	1|0	1	0,1,0
NA18855	0|0	0	1,0,0
NA18856	0|1	1.02	0,0.98,0.02
NA18857	0|0	0	1,0,0
NA18858	1|1	1.96	0,0.04,0.96
NA18859	0|1	1	0,1,0
NA18860	1|0	1	0,1,0
NA18861	1|0	1	0,1,0
NA18862	0|0	0	1,0,0
NA18863	1|0	1	0,1,0
NA18867	1|1	2	0,0,1
NA18870	0|0	0.03	0.97,0.03,0
NA18871	1|0	1	0,1,0
NA18872	0|0	0	1,0,0
NA18910	1|0	1.23	0,0.77,0.23
NA18912	1|1	2	0,0,1
NA18913	0|0	0	1,0,0
NA18914	0|1	1	0,1,0
NA19027	0|0	0	1,0,0
NA19028	0|1	1	0,1,0
NA19031	0|0	0	1,0,0
NA19035	0|0	0.36	0.64,0.36,0
NA19036	0|1	1	0,1,0
NA19038	1|1	1.96	0,0.04,0.96
NA19041	0|1	1	0,1,0
NA19092	0|1	1	0,1,0
NA19093	0|1	1	0,1,0
NA19094	1|1	2	0,0,1
NA19098	0|0	0	1,0,0
NA19099	0|0	0	1,0,0
NA19100	0|0	0	1,0,0
NA19101	0|1	1	0,1,0
NA19102	1|0	1	0,1,0
NA19103	0|0	0	1,0,0
NA19108	0|0	0	1,0,0
NA19116	1|1	2	0,0,1
NA19118	0|0	0	1,0,0
NA19119	0|0	0	1,0,0
NA19120	1|0	1	0,1,0
NA19127	1|0	1	0,1,0
NA19128	1|1	2	0,0,1
NA19129	0|1	1	0,1,0
NA19130	0|1	1	0,1,0
NA19131	1|1	2	0,0,1
NA19132	1|1	2	0,0,1
NA19137	1|0	1	0,1,0
NA19138	1|0	1	0,1,0
NA19139	1|0	1.24	0,0.76,0.24
NA19140	0|0	0	1,0,0
NA19141	0|1	1.05	0,0.95,0.05
NA19142	0|0	0.01	0.99,0.01,0
NA19143	1|0	1.13	0,0.87,0.13
NA19144	0|1	1	0,1,0
NA19145	0|1	1	0,1,0
NA19146	0|1	1	0,1,0
NA19150	1|1	1.88	0,0.12,0.88
NA19152	0|0	0.01	0.99,0.01,0
NA19153	0|0	0	1,0,0
NA19154	0|0	0	1,0,0
NA19159	1|0	1	0,1,0
NA19160	1|1	2	0,0,1
NA19161	1|1	2	0,0,1
NA19171	1|0	1.3	0,0.7,0.3
NA19172	0|1	0.79	0.21,0.79,0
NA19173	0|0	0.11	0.89,0.11,0
NA19189	0|1	1	0,1,0
NA19200	0|1	1	0,1,0
NA19201	0|1	1.07	0,0.93,0.07
NA19202	0|1	1	0,1,0
NA19203	1|1	2	0,0,1
NA19204	0|1	1	0,1,0
NA19205	1|1	2	0,0,1
NA19206	0|0	0	1,0,0
NA19207	1|1	2	0,0,1
NA19208	0|1	1	0,1,0
NA19209	1|0	1	0,1,0
NA19210	1|0	1	0,1,0
NA19211	0|1	1	0,1,0
NA19213	0|0	0.16	0.84,0.16,0
NA19221	1|1	2	0,0,1
NA19222	1|0	1.4	0,0.6,0.4
NA19223	1|0	1	0,1,0
NA19238	0|0	0.01	0.99,0.01,0
NA19239	1|1	2	0,0,1
NA19240	1|0	1	0,1,0
NA19307	0|1	1	0,1,0
NA19308	0|1	1	0,1,0
NA19309	1|0	1.01	0,0.99,0.01
NA19310	1|0	1	0,1,0
NA19314	1|0	1	0,1,0
NA19315	0|0	0.09	0.91,0.09,0
NA19316	0|0	0.01	0.99,0.01,0
NA19317	1|0	1	0,1,0
NA19319	0|0	0	1,0,0
NA19321	0|1	1	0,1,0
NA19324	0|0	0.11	0.89,0.11,0
NA19327	0|1	1.06	0.01,0.93,0.06
NA19328	1|0	1	0,1,0
NA19332	1|0	0.57	0.43,0.57,0
NA19334	0|0	0.16	0.84,0.16,0
NA19346	0|0	0	1,0,0
NA19347	0|0	0.2	0.81,0.19,0
NA19350	0|1	1	0,1,0
NA19360	0|1	1.03	0,0.97,0.03
NA19372	0|0	0	1,0,0
NA19374	1|1	2	0,0,1
NA19375	1|1	1.99	0,0.01,0.99
NA19376	0|0	0	1,0,0
NA19377	0|1	1	0,1,0
NA19379	0|0	0.02	0.98,0.02,0
NA19380	1|0	1	0,1,0
NA19384	1|0	1	0,1,0
NA19385	1|1	2	0,0,1
NA19390	0|0	0.01	0.99,0.01,0
NA19391	0|1	1	0,1,0
NA19393	0|0	0	1,0,0
NA19394	0|1	1	0,1,0
NA19397	0|1	1	0,1,0
NA19399	0|0	0.26	0.74,0.26,0
NA19403	0|0	0.01	0.99,0.01,0
NA19404	0|0	0	1,0,0
NA19428	0|0	0	1,0,0
NA19429	1|1	1.88	0,0.12,0.88
NA19430	1|1	1.85	0,0.15,0.85
NA19431	0|0	0	1,0,0
NA19434	0|0	0	1,0,0
NA19435	0|1	0.96	0.04,0.96,0
NA19436	1|1	2	0,0,1
NA19437	1|0	1	0,1,0
NA19438	0|1	1.12	0,0.88,0.12
NA19439	1|0	1	0,1,0
NA19440	0|0	0	1,0,0
NA19443	0|0	0	1,0,0
NA19445	1|0	1	0.01,0.99,0
NA19446	0|0	0	1,0,0
NA19448	0|0	0	1,0,0
NA19449	1|0	1	0,1,0
NA19451	0|0	0.02	0.98,0.02,0
NA19452	1|0	1	0,1,0
NA19455	0|0	0.05	0.95,0.05,0
NA19456	0|0	0.01	0.99,0.01,0
NA19457	0|0	0	1,0,0
NA19462	1|0	1	0,1,0
NA19463	1|0	1	0,1,0
NA19466	1|1	1.99	0,0.01,0.99
NA19467	0|1	1	0,1,0
NA19468	0|1	1	0,1,0
NA19471	0|0	0.16	0.84,0.16,0
NA19472	1|0	1	0,1,0
NA19473	1|0	1.15	0,0.85,0.15
NA19474	1|1	2	0,0,1
NA06985	0|0	0	1,0,0
NA06991	0|0	0	1,0,0
NA06993	0|0	0.13	0.87,0.13,0
NA06994	0|1	0.78	0.22,0.77,0.01
NA07000	0|0	0.42	0.58,0.42,0
NA07019	1|0	1	0,1,0
NA07022	0|0	0	1,0,0
NA07029	0|0	0	1,0,0
NA07034	0|0	0	1,0,0
NA07048	0|0	0	1,0,0
NA07055	0|0	0.06	0.94,0.06,0
NA07056	1|0	1	0,1,0
NA07345	0|0	0	1,0,0
NA07348	0|0	0	1,0,0
NA07357	0|0	0	1,0,0
NA10830	0|0	0	1,0,0
NA10831	0|0	0.01	0.99,0.01,0
NA10835	0|1	1	0,1,0
NA10838	0|0	0	1,0,0
NA10839	0|0	0	1,0,0
NA10846	0|0	0.04	0.96,0.04,0
NA10847	0|0	0	1,0,0
NA10851	0|0	0	1,0,0
NA10854	0|0	0	1,0,0
NA10855	0|0	0	1,0,0
NA10856	0|0	0	1,0,0
NA10857	0|0	0	1,0,0
NA10859	0|0	0	1,0,0
NA10860	0|0	0.02	0.98,0.02,0
NA10861	0|0	0.01	0.99,0.01,0
NA10863	0|0	0.01	0.99,0.01,0
NA11829	0|0	0.04	0.96,0.04,0
NA11830	0|0	0	1,0,0
NA11831	0|0	0.02	0.98,0.02,0
NA11832	0|0	0	1,0,0
NA11839	0|1	1.32	0,0.68,0.32
NA11840	0|0	0.03	0.97,0.03,0
NA11881	0|0	0	1,0,0
NA11882	0|0	0.13	0.87,0.13,0
NA11992	0|0	0.02	0.98,0.02,0
NA11993	0|0	0	1,0,0
NA11994	0|0	0	1,0,0
NA11995	0|0	0	1,0,0
NA12003	0|0	0.02	0.98,0.02,0
NA12004	1|0	0.75	0.25,0.75,0
NA12005	0|0	0	1,0,0
NA12006	0|0	0	1,0,0
NA12043	0|0	0	1,0,0
NA12044	0|0	0.13	0.87,0.13,0
NA12056	0|0	0	1,0,0
NA12057	0|0	0	1,0,0
NA12144	0|0	0.04	0.96,0.04,0
NA12145	0|0	0	1,0,0
NA12146	0|1	1	0,1,0
NA12154	0|0	0	1,0,0
NA12155	0|0	0	1,0,0
NA12156	0|0	0.01	0.99,0.01,0
NA12234	0|0	0	1,0,0
NA12239	0|0	0	1,0,0
NA12248	1|0	1	0,1,0
NA12249	0|0	0.05	0.95,0.04,0.01
NA12264	0|0	0	1,0,0
NA12707	1|0	1	0,1,0
NA12716	0|0	0	1,0,0
NA12717	0|1	1.05	0,0.95,0.05
NA12740	0|0	0	1,0,0
NA12750	0|0	0.06	0.94,0.06,0
NA12751	0|0	0	1,0,0
NA12752	0|0	0	1,0,0
NA12753	0|0	0	1,0,0
NA12760	0|0	0	1,0,0
NA12761	0|0	0	1,0,0
NA12762	0|0	0	1,0,0
NA12763	0|0	0.28	0.72,0.28,0
NA12801	0|0	0	1,0,0
NA12802	0|1	0.96	0.04,0.96,0
NA12812	0|0	0.03	0.97,0.03,0
NA12813	0|0	0	1,0,0
NA12814	0|0	0	1,0,0
NA12815	0|0	0	1,0,0
NA12864	1|0	1	0,1,0
NA12865	1|0	1	0,1,0
NA12872	0|0	0	1,0,0
NA12873	0|1	1.4	0,0.6,0.4
NA12874	0|0	0.04	0.96,0.04,0
NA12875	0|1	1	0,1,0
NA12878	0|1	0.75	0.26,0.74,0
NA12891	0|0	0	1,0,0
NA12892	0|0	0.24	0.76,0.24,0
NA20502	0|0	0	1,0,0
NA20504	1|0	1.09	0.02,0.87,0.11
NA20505	0|0	0.17	0.83,0.17,0
NA20506	0|0	0.11	0.89,0.11,0
NA20508	0|0	0	1,0,0
NA20509	0|0	0	1,0,0
NA20510	0|0	0	1,0,0
NA20512	0|0	0.02	0.98,0.02,0
NA20515	1|0	1.15	0.03,0.79,0.18
NA20516	0|1	1	0,1,0
NA20517	0|0	0.03	0.97,0.03,0
NA20518	0|0	0.01	0.99,0.01,0
NA20519	0|0	0.06	0.94,0.06,0
NA20520	0|0	0	1,0,0
NA20521	0|0	0	1,0,0
NA20522	0|0	0	1,0,0
NA20524	0|0	0	1,0,0
NA20525	0|0	0	1,0,0
NA20527	0|0	0.25	0.75,0.25,0
NA20528	1|0	0.99	0.01,0.99,0
NA20529	0|0	0	1,0,0
NA20530	0|0	0	1,0,0
NA20531	0|0	0	1,0,0
NA20534	0|0	0.04	0.96,0.04,0
NA20535	0|0	0.03	0.97,0.03,0
NA20538	0|0	0.05	0.95,0.05,0
NA20539	1|1	1.55	0,0.45,0.55
NA20540	0|0	0	1,0,0
NA20541	0|0	0.11	0.89,0.11,0
NA20542	0|1	0.76	0.24,0.76,0
NA20543	1|0	1	0.01,0.99,0
NA20544	0|0	0	1,0,0
NA20581	0|0	0.14	0.86,0.14,0
NA20582	0|1	0.97	0.03,0.97,0
NA20585	0|0	0	1,0,0
NA20586	0|0	0.19	0.81,0.18,0.01
NA20588	0|0	0	1,0,0
NA20589	0|1	1	0,1,0
NA20752	0|1	1	0,1,0
NA20753	0|0	0	1,0,0
NA20754	0|1	0.73	0.29,0.69,0.02
NA20755	0|0	0.07	0.93,0.07,0
NA20756	0|0	0.04	0.96,0.04,0
NA20757	0|0	0.05	0.95,0.05,0
NA20758	0|0	0.13	0.87,0.13,0
NA20759	0|0	0	1,0,0
NA20760	0|0	0.09	0.91,0.09,0
NA20761	0|1	0.58	0.42,0.58,0
NA20765	0|0	0.31	0.69,0.31,0
NA20766	0|0	0.05	0.95,0.05,0
NA20768	0|0	0.01	0.99,0.01,0
NA20769	0|0	0.04	0.96,0.04,0
NA20770	0|0	0	1,0,0
NA20771	0|0	0	1,0,0
NA20772	1|0	0.99	0.01,0.99,0
NA20773	1|0	0.6	0.4,0.6,0
NA20778	0|0	0.02	0.98,0.02,0
NA20783	0|0	0	1,0,0
NA20785	0|0	0	1,0,0
NA20786	0|0	0	1,0,0
NA20787	0|0	0.11	0.9,0.09,0.01
NA20790	0|0	0.41	0.63,0.33,0.04
NA20792	0|0	0.01	0.99,0.01,0
NA20795	0|0	0.27	0.73,0.27,0
NA20796	0|0	0	1,0,0
NA20797	0|0	0.02	0.98,0.02,0
NA20798	0|0	0	1,0,0
NA20799	0|0	0.1	0.9,0.1,0
NA20800	0|0	0	1,0,0
NA20801	0|0	0.01	0.99,0.01,0
NA20802	0|0	0.18	0.83,0.17,0
NA20803	1|0	0.94	0.06,0.94,0
NA20804	1|0	1.12	0.01,0.87,0.12
NA20805	0|1	1	0,0.99,0.01
NA20806	0|0	0.48	0.52,0.48,0
NA20807	0|0	0	1,0,0
NA20808	0|0	0.33	0.67,0.33,0
NA20809	0|0	0.2	0.8,0.2,0
NA20810	0|0	0	1,0,0
NA20811	0|0	0.41	0.6,0.4,0
NA20812	0|0	0	1,0,0
NA20813	0|0	0.3	0.7,0.3,0
NA20815	0|0	0.06	0.94,0.06,0
NA20818	0|0	0.03	0.97,0.03,0
NA20819	0|0	0.41	0.59,0.41,0
NA20826	0|0	0.02	0.98,0.02,0
NA20828	0|0	0.01	0.99,0.01,0
NA18526	1|0	0.93	0.08,0.91,0.01
NA18532	0|1	0.63	0.39,0.6,0.01
NA18537	0|0	0.18	0.82,0.18,0
NA18542	0|0	0.15	0.85,0.15,0
NA18545	0|0	0.19	0.81,0.18,0.01
NA18547	0|1	1.14	0.18,0.49,0.33
NA18550	0|0	0.17	0.83,0.17,0
NA18552	0|1	1	0,1,0
NA18555	0|0	0.1	0.9,0.1,0
NA18558	1|0	1	0,1,0
NA18561	0|0	0.09	0.91,0.09,0
NA18562	1|0	0.66	0.36,0.62,0.02
NA18563	0|0	0.15	0.86,0.14,0
NA18564	0|0	0	1,0,0
NA18566	0|1	1	0,1,0
NA18570	0|0	0.18	0.83,0.17,0
NA18571	1|1	1.56	0.03,0.38,0.59
NA18572	0|0	0.14	0.86,0.13,0.01
NA18573	0|0	0.33	0.69,0.3,0.01
NA18577	0|0	0.15	0.85,0.15,0
NA18579	1|0	0.87	0.13,0.87,0
NA18582	1|0	0.69	0.4,0.51,0.09
NA18592	0|0	0.36	0.67,0.31,0.02
NA18593	0|0	0.24	0.76,0.24,0
NA18603	0|0	0.02	0.98,0.02,0
NA18605	1|1	1.94	0,0.06,0.94
NA18608	0|0	0.32	0.69,0.31,0
NA18609	0|0	0.03	0.97,0.03,0
NA18611	0|0	0	1,0,0
NA18612	0|0	0.01	0.99,0.01,0
NA18620	1|0	1.07	0,0.93,0.07
NA18621	0|0	0.27	0.73,0.27,0
NA18622	0|0	0.01	0.99,0.01,0
NA18623	0|1	1	0,1,0
NA18624	1|0	0.97	0.04,0.96,0
NA18632	0|0	0.03	0.97,0.03,0
NA18633	0|0	0	1,0,0
NA18635	0|0	0.07	0.93,0.07,0
NA18636	0|0	0.08	0.92,0.08,0
NA18637	1|0	1.27	0.05,0.63,0.32
NA18940	0|0	0.01	0.99,0.01,0
NA18942	0|1	0.97	0.05,0.94,0.01
NA18943	0|1	0.9	0.15,0.81,0.04
NA18944	1|1	1.88	0,0.12,0.88
NA18945	0|0	0.09	0.92,0.08,0
NA18947	0|1	1.04	0,0.96,0.04
NA18948	1|0	1	0.01,0.99,0
NA18949	0|1	0.8	0.2,0.8,0
NA18951	1|0	1.39	0.01,0.6,0.39
NA18952	0|0	0.15	0.86,0.14,0
NA18953	0|0	0.09	0.91,0.09,0
NA18956	0|0	0.29	0.71,0.29,0
NA18959	0|0	0.05	0.95,0.05,0
NA18960	0|0	0.02	0.98,0.02,0
NA18961	0|0	0.46	0.54,0.46,0
NA18964	0|0	0.27	0.73,0.27,0
NA18965	0|0	0.13	0.88,0.12,0
NA18966	1|1	1.58	0,0.41,0.59
NA18967	1|1	2	0,0,1
NA18968	0|1	0.6	0.46,0.47,0.07
NA18969	0|0	0.24	0.76,0.24,0
NA18970	0|0	0.15	0.85,0.15,0
NA18971	1|0	1	0,1,0
NA18972	0|1	0.67	0.33,0.67,0
NA18973	0|0	0.01	0.99,0.01,0
NA18974	0|1	0.97	0.04,0.96,0
NA18975	1|0	1	0,1,0
NA18976	1|1	1.92	0,0.08,0.92
NA18978	1|0	1	0.01,0.99,0
NA18980	0|0	0.44	0.57,0.43,0
NA18981	0|0	0.05	0.95,0.05,0
NA18987	0|0	0	1,0,0
NA18990	0|0	0.2	0.8,0.2,0
NA18991	0|0	0.01	0.99,0.01,0
NA18992	0|0	0.44	0.6,0.36,0.04
NA18994	1|0	1.01	0,0.99,0.01
NA18995	1|0	0.93	0.07,0.93,0
NA18997	0|0	0.14	0.86,0.14,0
NA18998	0|1	1.01	0,0.99,0.01
NA18999	0|0	0.01	0.99,0.01,0
NA19000	1|1	2	0,0,1
NA19003	1|1	1.98	0,0.02,0.98
NA19005	0|0	0.01	0.99,0.01,0
NA19007	0|0	0.38	0.62,0.38,0
NA19012	1|1	1.56	0,0.43,0.57
