NA18498	0|0	0.998001,0.001998,1e-06
NA18502	0|1	0,1,0
NA18505	1|0	0,1,0
NA18507	1|1	0,0,1
NA18508	0|1	0.000999987,0.999,0
NA18517	1|1	0,0,1
NA18519	0|0	1,0,0
NA18867	0|0	0.998,0.002,0
NA18870	0|1	0.014,0.986,0
NA18910	0|0	0.998001,0.001998,1e-06
NA19092	0|0	1,0,0
NA19098	1|1	0,0,1
NA19099	1|0	0,1,0
NA19102	1|1	1.79998e-05,0.010964,0.989018
NA19108	1|0	0,0.997,0.003
NA19118	1|1	0,0.00199997,0.998
NA19119	0|0	1,0,0
NA19129	0|0	1,0,0
NA19130	0|0	1,0,0
NA19141	1|1	0,0,1
NA19146	0|0	0.998001,0.001998,1e-06
NA19150	1|1	0,0,1
NA19152	1|1	0,0.016,0.984
NA19160	1|1	0,0,1
NA19171	0|0	1,0,0
NA19189	0|0	1,0,0
NA19204	1|0	0.000999987,0.999,0
NA19206	0|0	0.998,0.002,0
NA19207	0|0	1,0,0
NA19209	1|0	0.011,0.989,0
NA19213	0|0	1,0,0
NA19240	1|0	0,1,0
NA11829	1|1	0,0,1
NA11830	1|0	0,1,0
NA11831	0|0	0.998001,0.001998,1e-06
NA11832	1|0	0,1,0
NA11840	0|0	1,0,0
NA11881	0|0	1,0,0
NA11994	0|0	1,0,0
NA11995	0|1	0,0.999,0.001
NA12004	0|1	0,1,0
NA12005	1|1	0,0,1
NA12043	1|1	0,0,1
NA12044	0|0	1,0,0
NA12144	0|0	1,0,0
NA12154	0|0	1,0,0
NA12155	1|1	0,0,1
NA12156	1|0	0,1,0
NA12234	0|0	1,0,0
NA12717	0|0	1,0,0
NA12750	0|0	1,0,0
NA12760	0|0	1,0,0
NA12761	0|0	1,0,0
NA12762	0|0	1,0,0
NA12763	0|1	0.000999987,0.999,0
NA12812	0|0	1,0,0
NA12813	0|1	0,1,0
NA12814	0|0	0.998001,0.001998,1e-06
NA12815	0|0	1,0,0
NA12872	1|1	9.99974e-07,0.00199797,0.998001
NA12873	1|1	0,0,1
NA12874	1|1	0,0,1
NA12878	1|0	0.009,0.991,0
NA18526	0|0	1,0,0
NA18537	0|1	0,1,0
NA18550	0|0	1,0,0
NA18555	0|0	1,0,0
NA18562	0|0	1,0,0
NA18563	0|0	1,0,0
NA18582	0|1	0,1,0
NA18603	0|0	1,0,0
NA18606	0|0	1,0,0
NA18621	0|0	0.998001,0.001998,1e-06
NA18622	0|0	0.933156,0.065688,0.001156
NA18628	0|0	1,0,0
NA18632	0|0	1,0,0
NA18636	0|0	1,0,0
NA18647	1|1	6.40003e-05,0.015872,0.984064
NA18942	1|0	0,0.961,0.039
NA18945	0|0	1,0,0
NA18947	0|0	0.959,0.041,0
NA18951	0|0	1,0,0
NA18952	0|0	1,0,0
NA18953	0|0	1,0,0
NA18956	0|0	1,0,0
NA18965	0|0	0.948676,0.050648,0.000676
NA18970	0|0	1,0,0
NA18973	1|0	0.00300002,0.997,0
NA18977	0|0	1,0,0
NA18987	0|0	1,0,0
NA18990	1|1	0,0,1
NA18995	1|1	0,0,1
NA19003	0|0	1,0,0
NA19010	1|0	0,1,0
