NA18498	0|0	0.998001,0.001998,1e-06
NA18502	0|1	0,1,0
NA18505	1|0	0,1,0
NA18507	1|1	0,0,1
NA18508	0|1	0.000999987,0.999,0
NA18517	1|1	0,0,1
NA18519	0|0	1,0,0
NA18867	0|0	0.998,0.002,0
NA18870	0|1	0.014,0.986,0
NA18910	0|0	0.998001,0.001998,1e-06
NA19092	0|0	1,0,0
NA19098	1|1	0,0,1
NA19099	1|0	0,1,0
NA19102	1|1	1.79998e-05,0.010964,0.989018
NA19108	1|0	0,0.997,0.003
NA19118	1|1	0,0.00199997,0.998
NA19119	0|0	1,0,0
NA19129	0|0	1,0,0
NA19130	0|0	1,0,0
NA19141	1|1	0,0,1
NA19146	0|0	0.998001,0.001998,1e-06
NA19150	1|1	0,0,1
NA19152	1|1	0,0.016,0.984
NA19160	1|1	0,0,1
NA19171	0|0	1,0,0
NA19189	0|0	1,0,0
NA19204	1|0	0.000999987,0.999,0
NA19206	0|0	0.998,0.002,0
NA19207	0|0	1,0,0
NA19209	1|0	0.011,0.989,0
NA19213	0|0	1,0,0
NA19240	1|0	0,1,0
