NA18526	1|1	2	0,0,1
NA18532	1|1	2	0,0,1
NA18537	0|1	1	0,1,0
NA18542	1|1	1.93	0,0.07,0.93
NA18545	1|0	0.97	0.04,0.96,0
NA18547	0|0	0.16	0.84,0.16,0
NA18550	0|1	0.82	0.22,0.74,0.04
NA18552	1|0	1	0,1,0
NA18555	1|0	1	0,1,0
NA18558	1	0.07	0.01,0.07
NA18561	1	0.15	0.01,0.15
NA18562	1	0	0.01,0
NA18563	1	0	0.01,0
NA18564	0|0	0	1,0,0
NA18566	0|1	1	0,1,0
NA18570	0|1	1	0,1,0
NA18571	1|0	1	0,1,0
NA18572	1	0	0.01,0
NA18573	1|0	1	0,1,0
NA18577	0|0	0.05	0.95,0.05,0
NA18579	0|1	1	0,1,0
NA18582	1|1	2	0,0,1
NA18592	1|1	1.91	0,0.09,0.91
NA18593	1|1	2	0,0,1
NA18603	1	1	0,1
NA18605	1	1	0,1
NA18608	1	0	0.01,0
NA18609	1	0.03	0.01,0.04
NA18611	1	1	0,1
NA18612	1	0.78	0.01,0.78
NA18620	1	0	0.01,0
NA18621	1	0	0.01,0
NA18622	1	0	0.01,0
NA18623	1	0	0.01,0
NA18624	1	0.01	0.01,0.02
NA18632	1	1	0,1
NA18633	1	0	0.01,0
NA18635	1	0	0.01,0
NA18636	1	0	0.01,0
NA18637	1	0	0.01,0
NA18940	1	0	0.01,0.01
NA18942	1|1	1.94	0,0.06,0.94
NA18943	1	1	0,1
NA18944	1	0.76	0.01,0.77
NA18945	1	0	0.01,0
NA18947	1|1	2	0,0,1
NA18948	1	1	0,1
NA18949	0|1	1	0,1,0
NA18951	1|0	1	0,1,0
NA18952	1	1	0,1
NA18953	1	0	0.01,0
NA18956	1|1	2	0,0,1
NA18959	1	0	0.01,0
NA18960	1	0	0.01,0
NA18961	1	0	0.01,0
NA18964	1|0	1.44	0,0.56,0.44
NA18965	1	0.6	0.01,0.6
NA18966	1	0	0.01,0
NA18967	1	0.02	0.01,0.02
NA18968	0|1	0.89	0.11,0.89,0
NA18969	0|1	1	0,1,0
NA18970	1	0	0.01,0
NA18971	1	1	0,1
NA18972	1|0	0.96	0.04,0.96,0
NA18973	1|1	1.95	0,0.05,0.95
NA18974	1	1	0,1
NA18975	1|1	2	0,0,1
NA18976	1|0	1.01	0,0.99,0.01
NA18978	1|1	1.99	0,0.01,0.99
NA18980	1|1	2	0,0,1
NA18981	1|1	2	0,0,1
NA18987	1|0	1	0,1,0
NA18990	1	0	0.01,0
NA18991	0|1	0.82	0.18,0.82,0
NA18992	0|0	0	1,0,0
NA18994	1	0.05	0.01,0.06
NA18995	1	0	0.01,0
NA18997	1|1	2	0,0,1
NA18998	1|0	1	0,1,0
NA18999	1|0	1	0,1,0
NA19000	1	0.84	0.01,0.85
NA19003	1|1	2	0,0,1
NA19005	1	0.02	0.01,0.02
NA19007	1	1	0,1
NA19012	1	0	0.01,0
