NA18526	0|0	0	1,0,0
NA18537	0|0	0	1,0,0
NA18550	0|0	0.11	0.89,0.11,0
NA18555	0|0	0.14	0.87,0.13,0
NA18562	1|1	1.71	0.01,0.26,0.73
NA18563	0|0	0.04	0.96,0.04,0
NA18582	1|0	1.26	0,0.74,0.26
NA18603	0|0	0.1	0.9,0.1,0
NA18606	1|0	0.87	0.27,0.59,0.14
NA18621	0|0	0	1,0,0
NA18622	1|1	1.64	0.03,0.3,0.67
NA18628	0|0	0	1,0,0
NA18632	0|0	0	1,0,0
NA18636	0|0	0.03	0.97,0.03,0
NA18647	1|1	2	0,0,1
NA18942	1|0	1	0,1,0
NA18945	1|0	0.86	0.31,0.52,0.17
NA18947	0|0	0.08	0.92,0.08,0
NA18951	0|0	0.01	0.99,0.01,0
NA18952	0|0	0	1,0,0
NA18953	0|0	0	1,0,0
NA18956	1|0	0.58	0.42,0.58,0
NA18965	1|1	1.46	0.07,0.4,0.53
NA18970	0|0	0	1,0,0
NA18973	0|0	0.01	0.99,0.01,0
NA18977	0|0	0	1,0,0
NA18987	0|0	0	1,0,0
NA18990	1|1	1.96	0,0.04,0.96
NA18995	1|1	1.97	0,0.03,0.97
NA19003	0|0	0	1,0,0
NA19010	0|1	0.99	0.01,0.99,0
