NA18526	0|0	0	1,0,0
NA18532	1|0	0.73	0.27,0.73,0
NA18537	1|1	1.57	0,0.43,0.57
NA18542	0|1	1	0,1,0
NA18545	1|1	2	0,0,1
NA18547	0|0	0	1,0,0
NA18550	0|0	0.53	0.52,0.44,0.04
NA18552	1|1	1.82	0,0.18,0.82
NA18555	1|0	0.95	0.16,0.74,0.1
NA18558	0|0	0.05	0.95,0.05,0
NA18561	0|0	0	1,0,0
NA18562	1|0	1	0,1,0
NA18563	1|1	2	0,0,1
NA18564	0|1	1.07	0,0.93,0.07
NA18566	0|1	1.02	0.06,0.87,0.07
NA18570	1|1	2	0,0,1
NA18571	1|0	1.03	0,0.97,0.03
NA18572	0|0	0	1,0,0
NA18573	0|0	0	1,0,0
NA18577	0|0	0.06	0.94,0.06,0
NA18579	0|1	1	0,1,0
NA18582	0|0	0.02	0.98,0.02,0
NA18592	0|0	0	1,0,0
NA18593	0|0	0	1,0,0
NA18603	0|0	0	1,0,0
NA18605	0|1	1	0,1,0
NA18608	1|1	2	0,0,1
NA18609	1|1	1.88	0,0.12,0.88
NA18611	1|0	1	0,1,0
NA18612	1|0	1	0,1,0
NA18620	1|1	2	0,0,1
NA18621	0|0	0.16	0.85,0.14,0.01
NA18622	0|0	0	1,0,0
NA18623	0|1	1.32	0,0.68,0.32
NA18624	1|0	0.72	0.28,0.72,0
NA18632	1|0	1	0,1,0
NA18633	1|1	2	0,0,1
NA18635	0|0	0	1,0,0
NA18636	1|0	1.38	0,0.62,0.38
NA18637	0|1	1	0,1,0
NA18940	0|1	1	0,1,0
NA18942	0|0	0	1,0,0
NA18943	1|1	1.59	0,0.41,0.59
NA18944	1|1	2	0,0,1
NA18945	1|1	2	0,0,1
NA18947	1|0	1	0,1,0
NA18948	1|0	1.34	0,0.66,0.34
NA18949	0|0	0	1,0,0
NA18951	1|1	1.73	0,0.27,0.73
NA18952	0|0	0	1,0,0
NA18953	1|1	1.82	0,0.18,0.82
NA18956	1|1	2	0,0,1
NA18959	1|0	1	0,1,0
NA18960	1|1	1.99	0,0.01,0.99
NA18961	1|1	1.64	0.03,0.3,0.67
NA18964	1|1	2	0,0,1
NA18965	1|1	1.83	0,0.17,0.83
NA18966	1|1	1.85	0,0.15,0.85
NA18967	0|0	0	1,0,0
NA18968	1|1	2	0,0,1
NA18969	0|0	0.07	0.93,0.07,0
NA18970	1|1	2	0,0,1
NA18971	1|1	1.67	0.02,0.3,0.69
NA18972	1|1	2	0,0,1
NA18973	0|1	1	0,1,0
NA18974	0|1	1	0,1,0
NA18975	1|1	2	0,0,1
NA18976	1|1	1.98	0,0.02,0.98
NA18978	0|1	0.91	0.09,0.91,0
NA18980	0|0	0	1,0,0
NA18981	1|0	0.93	0.13,0.8,0.07
NA18987	0|1	1.01	0,0.99,0.01
NA18990	0|1	0.98	0.03,0.96,0.01
NA18991	0|0	0.06	0.94,0.06,0
NA18992	1|1	1.89	0,0.11,0.89
NA18994	1|1	1.65	0,0.35,0.65
NA18995	1|0	1.21	0.14,0.51,0.35
NA18997	1|0	1	0,1,0
NA18998	1|0	1	0,1,0
NA18999	0|1	0.67	0.33,0.67,0
NA19000	0|1	0.99	0.01,0.99,0
NA19003	0|1	1	0,1,0
NA19005	1|1	1.77	0,0.23,0.77
NA19007	1|1	2	0,0,1
NA19012	1|0	0.83	0.17,0.83,0
