NA18526	0|0	1,0,0
NA18537	0|0	1,0,0
NA18550	0|0	1,0,0
NA18555	0|0	0.999,0.001,0
NA18562	0|0	1,0,0
NA18563	0|0	1,0,0
NA18582	0|0	1,0,0
NA18603	0|0	1,0,0
NA18606	0|0	1,0,0
NA18621	0|0	1,0,0
NA18622	0|0	1,0,0
NA18628	0|0	0.999,0.001,0
NA18632	0|0	1,0,0
NA18636	0|0	1,0,0
NA18647	0|0	1,0,0
NA18942	0|0	1,0,0
NA18945	1|0	0,1,0
NA18947	0|1	0,1,0
NA18951	0|0	1,0,0
NA18952	1|0	0,1,0
NA18953	0|0	1,0,0
NA18956	0|0	1,0,0
NA18965	0|0	1,0,0
NA18970	0|0	1,0,0
NA18973	0|0	1,0,0
NA18977	0|0	1,0,0
NA18987	0|0	1,0,0
NA18990	0|0	0.954088,0.045824,8.8e-05
NA18995	0|0	0.985,0.015,0
NA19003	0|0	1,0,0
NA19010	0|0	1,0,0
