NA18526	1|1	0,0,1
NA18532	1|1	9.99974e-07,0.00199797,0.998001
NA18537	1|1	0,0.00300002,0.997
NA18542	1|1	0.000198,0.028604,0.971198
NA18545	1|1	0,0,1
NA18547	1|1	0,0.017,0.983
NA18550	1|1	0,0.028,0.972
NA18552	1|1	0,0.00199997,0.998
NA18555	1|1	0,0.00599998,0.994
NA18558	1|1	0,0,1
NA18561	1|1	0,0,1
NA18562	1|1	9.99998e-05,0.0198,0.9801
NA18563	1|1	0,0,1
NA18564	1|1	0.000138,0.028724,0.971138
NA18566	1|1	0,0.032,0.968
NA18570	1|1	0,0.016,0.984
NA18571	1|1	0,0.000999987,0.999
NA18572	1|1	0,0,1
NA18573	1|1	0,0.00800002,0.992
NA18577	1|1	0,0.094,0.906
NA18579	1|1	2.80002e-05,0.010944,0.989028
NA18582	1|1	0.000203001,0.035594,0.964203
NA18592	1|1	2.19997e-05,0.012956,0.987022
NA18593	1|1	0,0.000999987,0.999
NA18603	1|1	0.000169,0.025662,0.974169
NA18605	1|1	0,0,1
NA18608	1|1	3.9999e-06,0.00399195,0.996004
NA18609	1|1	0.000676001,0.050648,0.948676
NA18611	1|1	4.90004e-05,0.0139021,0.986049
NA18612	1|1	8.10001e-05,0.017838,0.982081
NA18620	1|1	2.5e-05,0.00994999,0.990025
NA18621	1|1	8.10001e-05,0.017838,0.982081
NA18622	1|1	0.000225,0.02955,0.970225
NA18623	1|1	0.000144001,0.023712,0.976144
NA18624	1|1	9.99974e-07,0.00199797,0.998001
NA18632	1|1	9.99998e-05,0.0198,0.9801
NA18633	1|1	1.60001e-05,0.00796802,0.992016
NA18635	1|1	9.99974e-07,0.00199797,0.998001
NA18636	1|1	0,0,1
NA18637	1|1	0.000399999,0.0392,0.9604
NA18940	1|1	0,0,1
NA18942	1|1	0,0.00400001,0.996
NA18943	1|1	0.000624999,0.04875,0.950625
NA18944	1|1	0,0,1
NA18945	1|1	9.00013e-06,0.00598204,0.994009
NA18947	1|1	2.99998e-06,0.00399401,0.996003
NA18948	1|1	3.9999e-06,0.00399195,0.996004
NA18949	1|1	0,0,1
NA18951	1|1	0,0.00300002,0.997
NA18952	1|1	0,0,1
NA18953	1|1	9.00013e-06,0.00598204,0.994009
NA18956	1|1	0.00042,0.04216,0.95742
NA18959	1|1	8.10001e-05,0.017838,0.982081
NA18960	1|1	3.9999e-06,0.00399195,0.996004
NA18961	1|1	0.001296,0.069408,0.929296
NA18964	1|1	0,0,1
NA18965	1|1	9.99974e-07,0.00199797,0.998001
NA18966	1|1	0,0,1
NA18967	1|1	0.000399999,0.0392,0.9604
NA18968	1|1	3.19995e-05,0.0179359,0.982032
NA18969	1|1	0.000132,0.022736,0.977132
NA18970	1|1	9.99974e-07,0.00199797,0.998001
NA18971	1|1	0.000840999,0.056318,0.942841
NA18972	1|1	0,0.00400001,0.996
NA18973	1|1	5.99996e-06,0.004988,0.995006
NA18974	1|1	0,0,1
NA18975	1|1	1.99997e-05,0.01196,0.98802
NA18976	1|1	0,0,1
NA18978	1|1	0,0.00300002,0.997
NA18980	1|1	0,0.00599998,0.994
NA18981	1|1	0,0,1
NA18987	1|1	1.19998e-05,0.00797596,0.992012
NA18990	1|1	0,0,1
NA18991	1|1	0,0.00999999,0.99
NA18992	1|1	1.19999e-05,0.012976,0.987012
NA18994	1|1	9.00013e-06,0.00598204,0.994009
NA18995	1|1	0,0,1
NA18997	1|1	6.99994e-06,0.00798602,0.992007
NA18998	1|1	0,0.000999987,0.999
NA18999	1|1	0,0.000999987,0.999
NA19000	1|1	1.60001e-05,0.00796802,0.992016
NA19003	1|1	0,0.029,0.971
NA19005	1|1	0.000255999,0.0314879,0.968256
NA19007	1|1	9.00013e-06,0.00598204,0.994009
NA19012	1|1	9.00013e-06,0.00598204,0.994009
