NA18498	1|0	0,1,0
NA18502	0|0	1,0,0
NA18505	1|1	2.99998e-06,0.00399401,0.996003
NA18507	0|0	1,0,0
NA18508	0|0	0.997,0.003,0
NA18517	1|0	0,0.998,0.002
NA18519	0|0	0.997,0.003,0
NA18867	0|0	1,0,0
NA18870	0|0	0.888,0.112,0
NA18910	0|0	1,0,0
NA19092	1|0	0,1,0
NA19098	0|1	0.00998999,0.98902,0.00099
NA19099	0|0	0.778,0.222,0
NA19102	0|1	0,1,0
NA19108	1|0	0.000999987,0.999,0
NA19119	0|1	0,1,0
NA19129	0|0	0.998,0.002,0
NA19130	0|0	0.999,0.001,0
NA19141	1|1	0,0.00300002,0.997
NA19146	1|1	0,0.00199997,0.998
NA19150	0|0	1,0,0
NA19152	1|1	0,0,1
NA19160	0|0	0.996003,0.003994,3e-06
NA19171	1|0	0,1,0
NA19189	0|0	0.989,0.011,0
NA19204	0|0	1,0,0
NA19206	0|0	0.576423,0.423154,0.000423
NA19207	0|0	0.999,0.001,0
NA19209	0|0	0.997,0.003,0
NA19213	0|0	0.998001,0.001998,1e-06
NA11829	0|0	1,0,0
NA11830	0|0	1,0,0
NA11831	0|0	1,0,0
NA11832	0|0	1,0,0
NA11840	0|0	0.868,0.132,0
NA11881	0|0	1,0,0
NA11994	0|0	1,0,0
NA11995	0|0	1,0,0
NA12004	0|0	0.998,0.002,0
NA12005	0|0	1,0,0
NA12043	0|0	1,0,0
NA12044	0|0	1,0,0
NA12144	0|0	1,0,0
NA12154	0|0	0.739,0.261,0
NA12155	1|0	0,1,0
NA12156	0|0	1,0,0
NA12234	0|0	1,0,0
NA12717	0|0	0.607,0.393,0
NA12750	0|1	0.074,0.926,0
NA12760	1|0	0.228,0.772,0
NA12761	0|0	1,0,0
NA12762	0|0	1,0,0
NA12763	0|0	1,0,0
NA12812	0|0	1,0,0
NA12813	0|0	1,0,0
NA12814	0|0	1,0,0
NA12815	0|0	1,0,0
NA12872	0|0	1,0,0
NA12873	0|0	0.999,0.001,0
NA12874	0|0	1,0,0
NA12878	0|0	1,0,0
NA18526	0|0	1,0,0
NA18537	0|0	1,0,0
NA18550	0|0	1,0,0
NA18555	0|0	0.999,0.001,0
NA18562	0|0	1,0,0
NA18563	0|0	1,0,0
NA18582	0|0	1,0,0
NA18603	0|0	1,0,0
NA18606	0|0	1,0,0
NA18621	0|0	1,0,0
NA18622	0|0	1,0,0
NA18628	0|0	0.999,0.001,0
NA18632	0|0	1,0,0
NA18636	0|0	1,0,0
NA18647	0|0	1,0,0
NA18942	0|0	1,0,0
NA18945	1|0	0,1,0
NA18947	0|1	0,1,0
NA18951	0|0	1,0,0
NA18952	1|0	0,1,0
NA18953	0|0	1,0,0
NA18956	0|0	1,0,0
NA18965	0|0	1,0,0
NA18970	0|0	1,0,0
NA18973	0|0	1,0,0
NA18977	0|0	1,0,0
NA18987	0|0	1,0,0
NA18990	0|0	0.954088,0.045824,8.8e-05
NA18995	0|0	0.985,0.015,0
NA19003	0|0	1,0,0
NA19010	0|0	1,0,0
