NA18526	0|1	1	0,1,0
NA18532	1|1	2	0,0,1
NA18537	1|0	1	0,1,0
NA18547	0|1	0.99	0.01,0.99,0
NA18550	0|1	1	0,1,0
NA18555	0|1	1	0,1,0
NA18561	0|0	0	1,0,0
NA18562	0|0	0.01	0.99,0.01,0
NA18563	1|0	1	0,1,0
NA18566	0|0	0	1,0,0
NA18572	1|1	2	0,0,1
NA18577	1|1	2	0,0,1
NA18582	0|1	1	0,1,0
NA18603	0|0	0	1,0,0
NA18605	0|0	0	1,0,0
NA18606	1|1	2	0,0,1
NA18621	1|0	1	0,1,0
NA18622	1|1	1.86	0,0.14,0.86
NA18628	0|1	1	0,1,0
NA18632	1|0	1	0,1,0
NA18636	0|0	0	1,0,0
NA18647	1|0	0.7	0.3,0.7,0
NA18942	0|1	1	0,1,0
NA18943	1|1	1.99	0,0.01,0.99
NA18945	0|0	0.19	0.81,0.19,0
NA18947	1|1	2	0,0,1
NA18949	0|0	0.03	0.97,0.03,0
NA18951	1|1	2	0,0,1
NA18952	1|1	2	0,0,1
NA18953	1|0	1	0,1,0
NA18956	0|1	1	0,1,0
NA18964	1|1	2	0,0,1
NA18965	0|1	1	0,1,0
NA18970	0|0	0.07	0.93,0.07,0
NA18973	1|1	2	0,0,1
NA18974	1|0	1	0,1,0
NA18977	1|0	1	0,1,0
NA18980	1|0	1	0,1,0
NA18987	1|1	2	0,0,1
NA18990	0|0	0.07	0.93,0.07,0
NA18994	1|0	0.95	0.05,0.95,0
NA18995	1|0	1	0,1,0
NA19000	1|1	2	0,0,1
NA19003	1|0	1	0,1,0
NA19010	0|1	1	0,1,0
