NA18498	0|0	0	1,0,0
NA18500	0|1	1	0,1,0
NA18501	0|0	0	1,0,0
NA18502	0|1	1	0,1,0
NA18503	0|0	0	1,0,0
NA18504	0|0	0	1,0,0
NA18505	0|0	0	1,0,0
NA18506	1|0	1	0,1,0
NA18507	1|1	2	0,0,1
NA18508	0|0	0	1,0,0
NA18515	1|1	2	0,0,1
NA18516	0|1	1	0,1,0
NA18517	0|1	1	0,1,0
NA18519	1|1	2	0,0,1
NA18521	0|1	1	0,1,0
NA18522	1|0	1	0,1,0
NA18523	1|1	2	0,0,1
NA18852	1|1	2	0,0,1
NA18853	1|0	1	0,1,0
NA18854	1|1	2	0,0,1
NA18855	0|0	0	1,0,0
NA18856	1|0	1.02	0,0.98,0.02
NA18857	1|0	1	0,1,0
NA18858	0|1	1	0,1,0
NA18859	0|1	1	0,1,0
NA18860	1|1	2	0,0,1
NA18861	1|0	1	0,1,0
NA18862	0|0	0	1,0,0
NA18863	0|0	0	1,0,0
NA18867	1|0	1	0,1,0
NA18870	1|0	1	0,1,0
NA18871	1|1	2	0,0,1
NA18872	1|1	2	0,0,1
NA18910	0|1	1	0,1,0
NA18912	1|1	2	0,0,1
NA18913	0|0	0	1,0,0
NA18914	0|1	1	0,1,0
NA19027	1|1	2	0,0,1
NA19028	0|1	1	0,1,0
NA19031	1|1	2	0,0,1
NA19035	0|0	0	1,0,0
NA19036	0|0	0	1,0,0
NA19038	1|1	2	0,0,1
NA19041	0|0	0	1,0,0
NA19093	0|0	0	1,0,0
NA19094	0|1	1	0,1,0
NA19098	0|0	0	1,0,0
NA19099	0|0	0	1,0,0
NA19100	0|0	0	1,0,0
NA19101	1|1	2	0,0,1
NA19102	0|1	1	0,1,0
NA19108	1|0	1	0,1,0
NA19116	1|1	2	0,0,1
NA19118	1|1	2	0,0,1
NA19119	1|0	1	0,1,0
NA19120	0|1	1	0,1,0
NA19127	1|0	1	0,1,0
NA19128	0|1	1	0,1,0
NA19129	1|0	1	0,1,0
NA19130	0|0	0	1,0,0
NA19131	1|1	2	0,0,1
NA19132	0|1	1	0,1,0
NA19137	0|0	0	1,0,0
NA19138	0|0	0	1,0,0
NA19139	0|1	0.53	0.47,0.53,0
NA19140	0|0	0	1,0,0
NA19141	1|0	0.99	0.01,0.99,0
NA19142	0|0	0	1,0,0
NA19143	0|1	1	0,1,0
NA19144	1|1	2	0,0,1
NA19145	1|1	2	0,0,1
NA19146	1|1	2	0,0,1
NA19150	1|1	2	0,0,1
NA19152	1|1	2	0,0,1
NA19153	1|1	2	0,0,1
NA19154	1|1	2	0,0,1
NA19159	0|1	1	0,1,0
NA19160	0|0	0	1,0,0
NA19161	0|0	0	1,0,0
NA19171	0|1	1	0,1,0
NA19172	1|0	1	0,1,0
NA19173	0|1	1	0,1,0
NA19189	1|1	2	0,0,1
NA19200	0|0	0	1,0,0
NA19201	0|1	1	0,1,0
NA19202	0|0	0	1,0,0
NA19203	0|1	1	0,1,0
NA19204	0|1	1	0,1,0
NA19205	0|1	1	0,1,0
NA19206	0|0	0	1,0,0
NA19207	0|0	0.11	0.89,0.11,0
NA19208	0|0	0.11	0.89,0.11,0
NA19209	0|1	1	0,1,0
NA19210	1|1	2	0,0,1
NA19211	1|0	1	0,1,0
NA19213	0|1	1	0,1,0
NA19221	1|0	1	0,1,0
NA19222	0|0	0	1,0,0
NA19223	1|0	1	0,1,0
NA19238	1|0	1	0,1,0
NA19239	1|0	1	0,1,0
NA19240	0|0	0	1,0,0
NA19307	1|0	1	0,1,0
NA19308	0|0	0	1,0,0
NA19309	1|0	1	0,1,0
NA19310	0|1	1.07	0,0.93,0.07
NA19314	1|1	2	0,0,1
NA19316	1|1	2	0,0,1
NA19317	0|0	0	1,0,0
NA19318	1|1	2	0,0,1
NA19319	0|0	0.26	0.74,0.26,0
NA19321	1|0	0.9	0.1,0.9,0
NA19324	0|0	0	1,0,0
NA19328	1|0	1	0,1,0
NA19332	1|1	2	0,0,1
NA19334	1|1	2	0,0,1
NA19346	1|1	1.99	0,0.01,0.99
NA19347	1|1	2	0,0,1
NA19350	0|0	0	1,0,0
NA19360	0|0	0	1,0,0
NA19372	1|0	1	0,1,0
NA19374	1|0	1	0,1,0
NA19375	0|1	0.92	0.08,0.92,0
NA19376	0|1	1	0,1,0
NA19377	1|0	1	0,1,0
NA19379	1|1	2	0,0,1
NA19380	1|1	2	0,0,1
NA19384	1|0	1	0,1,0
NA19385	0|0	0	1,0,0
NA19390	0|1	1	0,1,0
NA19391	1|1	2	0,0,1
NA19393	1|0	1	0,1,0
NA19394	0|1	1	0,1,0
NA19397	0|1	1.01	0,0.99,0.01
NA19399	0|1	0.6	0.4,0.6,0
NA19403	1|0	1	0,1,0
NA19404	0|0	0	1,0,0
NA19428	0|1	1	0,1,0
NA19429	0|1	0.98	0.02,0.98,0
NA19430	1|0	1	0,1,0
NA19431	1|1	2	0,0,1
NA19434	1|1	2	0,0,1
NA19435	1|0	1	0,1,0
NA19436	1|0	1	0,1,0
NA19437	0|1	1	0,1,0
NA19438	1|1	2	0,0,1
NA19439	1|0	1	0,1,0
NA19440	0|1	1	0,1,0
NA19443	0|0	0	1,0,0
NA19445	1|0	1	0,1,0
NA19446	0|0	0.02	0.98,0.02,0
NA19448	1|1	1.97	0,0.03,0.97
NA19449	1|0	1	0,1,0
NA19451	1|0	1	0,1,0
NA19452	1|1	2	0,0,1
NA19455	1|1	2	0,0,1
NA19456	1|0	1	0,1,0
NA19457	1|0	1	0,1,0
NA19462	1|1	2	0,0,1
NA19463	0|1	1	0,1,0
NA19466	1|1	2	0,0,1
NA19467	1|1	2	0,0,1
NA19468	1|0	1	0,1,0
NA19472	0|1	1	0,1,0
NA19473	1|0	1	0,1,0
NA19474	0|0	0	1,0,0
