NA18498	0|1	0,1,0
NA18502	1|1	9.99974e-07,0.00199797,0.998001
NA18505	1|1	0,0.00599998,0.994
NA18507	1|1	0,0,1
NA18508	0|0	0.944,0.056,0
NA18517	1|1	0,0,1
NA18519	0|1	0.186,0.814,0
NA18867	1|1	0,0,1
NA18870	1|0	0,0.973,0.027
NA18910	0|1	0.2249,0.5672,0.2079
NA19092	1|1	0,0.048,0.952
NA19098	0|1	0.000998987,0.998002,0.000999
NA19099	0|0	0.758,0.242,0
NA19102	1|0	0,0.956,0.044
NA19108	1|0	0.00870401,0.511592,0.479704
NA19118	1|0	0.018,0.982,0
NA19119	0|0	0.997,0.003,0
NA19129	0|1	0.009,0.991,0
NA19130	1|0	0.140718,0.857564,0.001718
NA19141	1|1	0.000113999,0.114772,0.885114
NA19146	0|1	0.000997987,0.997004,0.001998
NA19150	1|0	0.00300002,0.997,0
NA19152	1|1	0,0,1
NA19160	0|1	0,1,0
NA19171	1|0	0,1,0
NA19189	0|1	0,0.999,0.001
NA19204	1|0	0.314,0.686,0
NA19206	1|1	0,0.00400001,0.996
NA19207	1|1	0.000285002,0.0974301,0.902285
NA19209	0|0	1,0,0
NA19213	0|1	0.00199997,0.998,0
NA19240	0|0	0.966033,0.033934,3.3e-05
