NA18498	0|0	0	1,0,0
NA18502	1|1	2	0,0,1
NA18505	0|1	1	0,1,0
NA18507	1|1	2	0,0,1
NA18508	1|0	1	0,1,0
NA18517	0|1	1	0,1,0
NA18519	1|1	2	0,0,1
NA18858	1|1	2	0,0,1
NA18861	0|1	1	0,1,0
NA18867	1|0	1	0,1,0
NA18870	1|0	1	0,1,0
NA18910	1|1	2	0,0,1
NA18912	1|1	2	0,0,1
NA19093	0|1	1	0,1,0
NA19098	1|1	2	0,0,1
NA19099	1|0	1	0,1,0
NA19102	0|0	0	1,0,0
NA19108	0|1	1	0,1,0
NA19116	1|1	2	0,0,1
NA19118	1|0	1	0,1,0
NA19119	1|1	2	0,0,1
NA19129	0|0	0	1,0,0
NA19130	0|1	1	0,1,0
NA19131	0|1	1	0,1,0
NA19138	0|0	0	1,0,0
NA19141	0|1	1	0,1,0
NA19143	1|1	2	0,0,1
NA19144	1|1	2	0,0,1
NA19146	0|1	1	0,1,0
NA19152	1|1	2	0,0,1
NA19153	1|1	2	0,0,1
NA19159	0|1	1	0,1,0
NA19160	1|1	2	0,0,1
NA19171	1|1	2	0,0,1
NA19189	0|1	1	0,1,0
NA19200	1|0	1	0,1,0
NA19201	1|0	1	0,1,0
NA19204	0|0	0	1,0,0
NA19206	1|0	1	0,1,0
NA19207	0|1	1	0,1,0
NA19209	1|0	1.04	0,0.96,0.04
NA19210	1|1	2	0,0,1
NA19213	1|0	1	0,1,0
NA19222	0|0	0	1,0,0
NA19223	1|1	2	0,0,1
NA19240	0|1	1	0,1,0
