NA18498	0	0	1,0
NA18500	0	0	1,0
NA18501	0	0	1,0
NA18502	1|0	1	0,1,0
NA18503	1	1	0,1
NA18504	0	0	1,0
NA18505	1|1	2	0,0,1
NA18506	0	0	1,0
NA18507	0	0	1,0
NA18508	1|0	1	0,1,0
NA18515	0	0	1,0
NA18516	0	0	1,0
NA18517	0|0	0	1,0,0
NA18519	0	0	1,0
NA18521	1	1	0,1
NA18522	1	1	0,1
NA18523	1|0	1	0,1,0
NA18852	0|1	1	0,1,0
NA18853	0	0	1,0
NA18854	0	0	1,0
NA18855	0|0	0	1,0,0
NA18856	1	1	0,1
NA18857	0	0	1,0
NA18858	0|0	0	1,0,0
NA18859	1	1	0,1
NA18860	0	0	1,0
NA18861	0|0	0.15	0.85,0.15,0
NA18862	0	0	1,0
NA18863	0	0	1,0
NA18867	0|0	0	1,0,0
NA18870	1|0	0.61	0.39,0.61,0
NA18871	0	0	1,0
NA18872	0	0	1,0
NA18910	0	0	1,0
NA18912	0|1	1	0,1,0
NA18913	1	1	0,1
NA18914	1	1	0,1
NA19027	0	0	1,0
NA19028	1	1	0,1
NA19031	0	0	1,0
NA19035	0	0	1,0
NA19036	0|0	0	1,0,0
NA19038	1|1	2	0,0,1
NA19041	0	0	1,0
NA19092	0	0	1,0
NA19093	0|0	0	1,0,0
NA19094	0|0	0	1,0,0
NA19098	0	0	1,0
NA19099	0|0	0	1,0,0
NA19100	0|0	0	1,0,0
NA19101	1	1	0,1
NA19102	0|0	0	1,0,0
NA19103	0	0	1,0
NA19108	0|0	0.4	0.6,0.4,0
NA19116	0|0	0	1,0,0
NA19118	0|1	1	0,1,0
NA19119	0	0	1,0
NA19120	0	0	1,0
NA19127	0|1	1	0,1,0
NA19128	1	1	0,1
NA19129	1|1	2	0,0,1
NA19130	0	0	1,0
NA19131	0|1	1	0,1,0
NA19132	0|0	0	1,0,0
NA19137	1|1	2	0,0,1
NA19138	1	1	0,1
NA19139	1	1	0,1
NA19140	1|0	0.95	0.05,0.95,0
NA19141	1	1	0,1
NA19142	0	0	1,0
NA19143	0|0	0	1,0,0
NA19144	1	1	0,1
NA19145	0	0	1,0
NA19146	1	0.8	0.2,0.8
NA19150	0	0	1,0
NA19152	0|1	1	0,1,0
NA19153	1	1	0,1
NA19154	0	0	1,0
NA19159	0|0	0	1,0,0
NA19160	0	0	1,0
NA19161	0	0	1,0
NA19171	1	1	0,1
NA19172	0|0	0	1,0,0
NA19173	0	0	1,0
NA19189	0	0	1,0
NA19200	0	0	1,0
NA19201	1|0	1	0,1,0
NA19202	0|0	0	1,0,0
NA19203	0	0	1,0
NA19204	0|0	0	1,0,0
NA19205	0	0	1,0
NA19206	1|1	2	0,0,1
NA19207	1	1	0,1
NA19208	1	1	0,1
NA19209	0|0	0	1,0,0
NA19210	0	0	1,0
NA19211	0	0	1,0
NA19213	0	0	1,0
NA19221	0|1	1	0,1,0
NA19222	1|1	2	0,0,1
NA19223	0	0	1,0
NA19238	1|0	1	0,1,0
NA19239	0	0	1,0
NA19240	1|0	1	0,1,0
NA19307	1	1	0,1
NA19308	1	1	0,1
NA19309	0	0	1,0
NA19310	0|0	0	1,0,0
NA19314	0|0	0.2	0.8,0.2,0
NA19315	0|0	0	1,0,0
NA19316	1|0	1	0,1,0
NA19317	0	0	1,0
NA19319	0	0	1,0
NA19321	1|1	2	0,0,1
NA19324	0|0	0	1,0,0
NA19327	0|0	0	1,0,0
NA19328	1|1	2	0,0,1
NA19332	1|1	2	0,0,1
NA19334	1	1	0,1
NA19346	0	0	1,0
NA19347	1	1	0,1
NA19350	0	0	1,0
NA19360	0	0	1,0
NA19372	0	0	1,0
NA19374	0	0	1,0
NA19375	0	0	1,0
NA19376	0	0	1,0
NA19377	0|0	0	1,0,0
NA19379	0|1	1	0,1,0
NA19380	0	0	1,0
NA19384	1	1	0,1
NA19385	0	0	1,0
NA19390	0|0	0	1,0,0
NA19391	0|0	0	1,0,0
NA19393	0	0	1,0
NA19394	0	0	1,0
NA19397	0	0	1,0
NA19399	1|0	1	0,1,0
NA19403	1|1	2	0,0,1
NA19404	0|1	1	0,1,0
NA19428	0	0	1,0
NA19429	0	0	1,0
NA19430	0	0	1,0
NA19431	0|0	0.39	0.61,0.39,0
NA19434	1|0	1	0,1,0
NA19435	0|0	0	1,0,0
NA19436	0|0	0	1,0,0
NA19437	0|0	0	1,0,0
NA19438	1|0	1	0,1,0
NA19439	1|0	1	0,1,0
NA19440	0|0	0	1,0,0
NA19443	0	0	1,0
NA19445	1|0	0.98	0.02,0.98,0
NA19446	0|0	0	1,0,0
NA19448	1	1	0,1
NA19449	0|0	0	1,0,0
NA19451	1	1	0,1
NA19452	0	0.21	0.79,0.21
NA19455	0	0	1,0
NA19456	0|1	1	0,1,0
NA19457	0|1	1	0,1,0
NA19462	0|0	0	1,0,0
NA19463	0|1	1	0,1,0
NA19466	0	0	1,0
NA19467	0|1	1	0,1,0
NA19468	0|1	0.67	0.33,0.67,0
NA19471	1|1	2	0,0,1
NA19472	0|0	0	1,0,0
NA19473	0|0	0	1,0,0
NA19474	1|0	0.76	0.24,0.76,0
