NA06985	1|1	2	0,0,1
NA06994	0|1	1	0,1,0
NA07000	0|1	1	0,1,0
NA07048	0|1	1	0,1,0
NA07056	1|1	2	0,0,1
NA07348	1|0	1	0,1,0
NA07357	0|0	0	1,0,0
NA10847	1|0	1	0,1,0
NA10851	0|0	0	1,0,0
NA11829	1|0	1	0,1,0
NA11830	0|1	1	0,1,0
NA11831	1|0	1	0,1,0
NA11832	0|0	0	1,0,0
NA11840	0|1	1	0,1,0
NA11881	1|1	2	0,0,1
NA11992	1|0	1	0,1,0
NA11994	1|1	2	0,0,1
NA11995	1|1	2	0,0,1
NA12003	0|0	0	1,0,0
NA12004	0|1	1	0,1,0
NA12005	1|1	2	0,0,1
NA12006	1|1	2	0,0,1
NA12043	0|1	1	0,1,0
NA12044	1|1	2	0,0,1
NA12144	1|1	2	0,0,1
NA12154	0|1	1	0,1,0
NA12155	0|1	1	0,1,0
NA12156	0|0	0	1,0,0
NA12234	0|1	1	0,1,0
NA12249	0|0	0	1,0,0
NA12716	0|0	0	1,0,0
NA12717	0|0	0	1,0,0
NA12750	1|1	2	0,0,1
NA12751	0|1	1	0,1,0
NA12760	1|0	1	0,1,0
NA12761	1|1	2	0,0,1
NA12762	0|0	0	1,0,0
NA12763	0|1	1	0,1,0
NA12812	1|1	2	0,0,1
NA12813	0|1	1	0,1,0
NA12814	0|0	0	1,0,0
NA12815	1|1	2	0,0,1
NA12872	0|1	1.07	0,0.93,0.07
NA12873	1|0	1	0,1,0
NA12874	0|1	0.69	0.31,0.69,0
NA12878	0|0	0	1,0,0
NA20502	0|0	0	1,0,0
NA20504	1|0	1	0,1,0
NA20505	0|1	1	0,1,0
NA20506	1|0	1	0,1,0
NA20508	0|0	0	1,0,0
NA20509	1|0	1.47	0,0.53,0.47
NA20510	1|0	1	0,1,0
NA20512	0|0	0	1,0,0
NA20515	0|1	1	0,1,0
NA20516	1|1	2	0,0,1
NA20517	1|1	2	0,0,1
NA20518	1|1	2	0,0,1
NA20519	0|0	0.05	0.95,0.05,0
NA20520	1|1	2	0,0,1
NA20521	1|0	1	0,1,0
NA20522	1|0	1	0,1,0
NA20524	0|1	1	0,1,0
NA20525	1|0	1	0,1,0
NA20527	0|1	1	0,1,0
NA20528	1|0	1	0,1,0
NA20529	0|1	1	0,1,0
NA20530	0|1	1	0,1,0
NA20531	1|1	2	0,0,1
NA20534	0|0	0.38	0.62,0.38,0
NA20535	0|1	0.9	0.1,0.9,0
NA20538	1|0	1	0,1,0
NA20539	0|0	0.41	0.59,0.41,0
NA20540	0|1	1.01	0,0.99,0.01
NA20541	1|0	1	0,1,0
NA20542	0|1	1	0,1,0
NA20543	1|1	2	0,0,1
NA20544	0|0	0	1,0,0
NA20581	1|0	1	0,1,0
NA20582	0|1	1	0,1,0
NA20585	1|1	2	0,0,1
NA20586	1|0	1	0,1,0
NA20588	0|0	0	1,0,0
NA20589	1|1	2	0,0,1
NA20752	0|0	0	1,0,0
NA20753	1|1	2	0,0,1
NA20754	0|1	1	0,1,0
NA20755	1|1	2	0,0,1
NA20756	1|1	1.92	0,0.08,0.92
NA20757	0|1	1	0,1,0
NA20758	0|0	0	1,0,0
NA20759	0|0	0.16	0.84,0.16,0
NA20760	0|0	0	1,0,0
NA20761	1|0	1	0,1,0
NA20765	1|0	1	0,1,0
NA20766	1|0	1	0,1,0
NA20768	0|0	0	1,0,0
NA20769	1|0	1	0,1,0
NA20770	1|1	2	0,0,1
NA20771	1|1	2	0,0,1
NA20772	1|0	1	0,1,0
NA20773	0|0	0.08	0.92,0.08,0
NA20774	0|1	1	0,1,0
NA20775	0|0	0	1,0,0
NA20778	1|1	1.96	0,0.04,0.96
NA20783	0|1	1	0,1,0
NA20785	1|0	1	0,1,0
NA20786	1|0	1	0,1,0
NA20787	0|0	0	1,0,0
NA20790	1|1	2	0,0,1
NA20792	0|0	0.1	0.9,0.1,0
NA20795	1|1	2	0,0,1
NA20796	1|0	1	0,1,0
NA20797	0|0	0	1,0,0
NA20798	0|1	1	0,1,0
NA20799	1|1	2	0,0,1
NA20800	0|0	0	1,0,0
NA20801	1|1	2	0,0,1
NA20802	0|0	0	1,0,0
NA20803	0|0	0	1,0,0
NA20804	1|1	2	0,0,1
NA20805	1|0	1	0,1,0
NA20806	1|1	2	0,0,1
NA20807	1|1	2	0,0,1
NA20808	1|0	1	0,1,0
NA20809	0|1	1	0,1,0
NA20810	1|0	1	0,1,0
NA20811	1|1	2	0,0,1
NA20812	1|1	1.87	0,0.13,0.87
NA20813	0|0	0	1,0,0
NA20815	1|0	1	0,1,0
NA20818	1|0	1	0,1,0
NA20819	0|0	0	1,0,0
NA20826	0|1	1.2	0,0.8,0.2
NA20828	1|1	2	0,0,1
