NA18498	1|1	0.000406002,0.0641881,0.935406
NA18502	1|1	0,0.016,0.984
NA18507	0|0	1,0,0
NA18508	1|0	0.000999987,0.999,0
NA18517	1|0	0.226546,0.771908,0.001546
NA18519	0|0	0.722,0.278,0
NA18861	0|1	0.014985,0.98403,0.000985
NA18867	0|0	1,0,0
NA18870	1|1	0,0.00400001,0.996
NA18910	1|1	7.49999e-05,0.01985,0.980075
NA18912	0|1	0,0.999,0.001
NA19092	1|1	0,0,1
NA19093	1|0	0,1,0
NA19098	1|0	0.00796802,0.988064,0.003968
NA19099	0|0	0.997002,0.002996,2e-06
NA19102	0|0	0.982032,0.017936,3.2e-05
NA19108	0|0	0.581251,0.417498,0.001251
NA19116	1|1	0.000964999,0.19607,0.802965
NA19118	0|0	0.999,0.001,0
NA19119	0|0	0.999,0.001,0
NA19129	0|0	0.986013,0.013974,1.3e-05
NA19130	1|1	0.005796,0.328408,0.665796
NA19131	0|0	1,0,0
NA19137	0|0	1,0,0
NA19141	0|0	0.998,0.002,0
NA19143	0|0	0.991,0.009,0
NA19146	1|0	0,1,0
NA19150	0|0	1,0,0
NA19152	0|0	1,0,0
NA19159	1|1	0,0.017,0.983
NA19160	0|0	0.997,0.003,0
NA19171	0|0	0.764,0.236,0
NA19172	1|1	0,0.026,0.974
NA19189	0|1	0.00199997,0.998,0
NA19200	0|0	0.999,0.001,0
NA19201	0|0	0.508,0.492,0
NA19204	1|0	0,0.547,0.453
NA19206	0|0	0.994,0.006,0
NA19207	0|0	0.575424,0.424152,0.000424
NA19209	0|0	1,0,0
NA19213	0|0	0.999,0.001,0
NA19223	0|0	1,0,0
NA19240	0|1	0.499,0.501,0
NA06985	1|1	0.000124,0.034752,0.965124
NA06994	0|0	0.948595,0.05081,0.000595
NA07000	0|0	0.893,0.107,0
NA07048	0|1	0.005,0.995,0
NA07056	0|0	0.596,0.404,0
NA07357	0|1	0,1,0
NA10847	0|0	0.929138,0.070724,0.000138
NA10851	0|0	0.992,0.008,0
NA11829	0|0	0.984,0.016,0
NA11830	0|0	0.994005,0.00599,5e-06
NA11831	0|1	0.078,0.922,0
NA11832	0|0	0.999,0.001,0
NA11840	1|0	0.011726,0.531548,0.456726
NA11881	0|0	0.919,0.081,0
NA11992	0|1	0.017982,0.981036,0.000982
NA11994	0|1	0.031,0.969,0
NA12003	1|0	0.019,0.981,0
NA12004	0|1	0.012,0.988,0
NA12005	1|1	0,0.014,0.986
NA12006	0|1	0.00599398,0.993012,0.000994
NA12043	0|0	0.99,0.01,0
NA12044	1|0	0.011,0.989,0
NA12144	0|1	0.018,0.982,0
NA12154	0|1	0.00300002,0.997,0
NA12155	1|0	0.00400001,0.996,0
NA12156	0|1	0.014985,0.98403,0.000985
NA12234	0|0	0.997002,0.002996,2e-06
NA12716	0|0	0.995,0.005,0
NA12717	0|1	0.010934,0.983132,0.005934
NA12751	1|0	0.130857,0.720286,0.148857
NA12760	1|0	0.012684,0.894632,0.092684
NA12761	1|0	0,0.999,0.001
NA12762	1|0	0.086913,0.912174,0.000913
NA12763	1|0	0.000997987,0.997004,0.001998
NA12812	0|0	1,0,0
NA12813	0|1	0.023,0.977,0
NA12814	0|0	0.999,0.001,0
NA12815	0|1	0.081918,0.917164,0.000918
NA12872	1|1	3.99996e-06,0.004992,0.995004
NA12873	1|1	0,0.221,0.779
NA12874	0|1	0.01462,0.72176,0.26362
NA18526	0|1	0.44,0.56,0
NA18532	1|1	1.20001e-05,0.00697603,0.993012
NA18537	0|0	0.997002,0.002996,2e-06
NA18547	0|0	1,0,0
NA18550	0|1	0.00358401,0.892832,0.103584
NA18555	0|0	1,0,0
NA18562	0|1	0.199,0.801,0
NA18563	1|0	0,1,0
NA18566	1|1	5.99996e-06,0.004988,0.995006
NA18572	1|1	3.60001e-05,0.012928,0.987036
NA18582	1|1	0.000168001,0.030664,0.969168
NA18603	0|1	0.008199,0.903602,0.088199
NA18605	0|0	0.997,0.003,0
NA18606	1|1	1.19998e-05,0.00797596,0.992012
NA18621	1|0	0.00400001,0.996,0
NA18622	0|0	0.999,0.001,0
NA18628	1|1	0,0.00400001,0.996
NA18632	0|1	0.000997987,0.997004,0.001998
NA18636	1|1	0,0.019,0.981
NA18647	0|0	0.995006,0.004988,6e-06
NA18942	0|1	0.244,0.756,0
NA18943	0|1	0.00074499,0.74451,0.254745
NA18945	0|0	0.999,0.001,0
NA18947	0|1	0.00300002,0.997,0
NA18949	0|0	0.998,0.002,0
NA18951	0|0	1,0,0
NA18952	1|0	0.00700003,0.993,0
NA18953	0|0	0.995006,0.004988,6e-06
NA18956	0|0	1,0,0
NA18964	0|0	0.998,0.002,0
NA18965	0|0	0.999,0.001,0
NA18970	0|0	1,0,0
NA18973	1|0	0.00199997,0.998,0
NA18974	0|0	0.998001,0.001998,1e-06
NA18977	0|0	0.998,0.002,0
NA18987	0|0	0.998,0.002,0
NA18990	0|0	0.999,0.001,0
NA18994	0|0	0.993006,0.006988,6e-06
NA18995	0|0	1,0,0
NA19000	0|0	1,0,0
NA19003	1|0	0.00700003,0.993,0
NA19010	1|0	0.016,0.984,0
