NA18498	0|0	1,0,0
NA18500	0|0	1,0,0
NA18501	0|0	0.996004,0.003992,4e-06
NA18502	0|0	1,0,0
NA18503	1|1	3.9999e-06,0.00399195,0.996004
NA18504	0|0	1,0,0
NA18505	1|1	0,0.011,0.989
NA18506	1|1	9.99974e-07,0.00199797,0.998001
NA18507	0|0	1,0,0
NA18508	0|1	0,1,0
NA18515	0|0	1,0,0
NA18516	0|0	1,0,0
NA18517	0|1	0.028,0.972,0
NA18519	1|1	0,0,1
NA18521	1|1	9.00013e-06,0.00598204,0.994009
NA18522	1|1	0,0,1
NA18523	1|1	0,0,1
NA18852	0|1	0,1,0
NA18853	1|1	2.5e-05,0.00994999,0.990025
NA18854	1|1	0,0,1
NA18855	1|0	0.005,0.995,0
NA18856	0|0	1,0,0
NA18857	0|0	1,0,0
NA18858	0|0	0.999,0.001,0
NA18859	1|1	0,0,1
NA18860	0|0	1,0,0
NA18861	0|0	1,0,0
NA18862	0|0	1,0,0
NA18863	0|0	1,0,0
NA18867	1|0	0,1,0
NA18870	1|1	5.99996e-06,0.004988,0.995006
NA18871	1|1	9.99974e-07,0.00199797,0.998001
NA18872	1|1	0,0,1
NA18910	0|0	1,0,0
NA18912	0|1	0,1,0
NA18913	1|1	0,0,1
NA18914	1|1	0,0,1
NA19027	1|1	9.99974e-07,0.00199797,0.998001
NA19028	0|0	1,0,0
NA19031	0|0	1,0,0
NA19035	0|0	1,0,0
NA19036	1|0	0.00196597,0.981068,0.016966
NA19038	0|0	0.995,0.005,0
NA19041	0|0	1,0,0
NA19092	0|0	1,0,0
NA19093	0|1	0,1,0
NA19094	1|0	0.00300002,0.997,0
NA19098	0|0	1,0,0
NA19099	0|0	0.999,0.001,0
NA19100	0|0	1,0,0
NA19101	0|0	1,0,0
NA19102	0|0	1,0,0
NA19103	0|0	1,0,0
NA19108	0|1	0,1,0
NA19116	1|0	0,1,0
NA19118	0|0	1,0,0
NA19119	0|0	1,0,0
NA19120	0|0	1,0,0
NA19127	1|1	1.99995e-06,0.00299596,0.997002
NA19128	1|1	9.99974e-07,0.00199797,0.998001
NA19129	1|1	0,0,1
NA19130	0|0	1,0,0
NA19131	1|0	0,1,0
NA19132	0|0	1,0,0
NA19137	0|0	1,0,0
NA19138	0|0	0.692224,0.279552,0.028224
NA19139	0|0	1,0,0
NA19140	0|0	1,0,0
NA19141	1|1	9.99974e-07,0.00199797,0.998001
NA19142	0|0	1,0,0
NA19143	1|1	0,0,1
NA19144	0|0	1,0,0
NA19145	1|1	0,0,1
NA19146	0|0	1,0,0
NA19150	1|1	0,0,1
NA19152	0|0	0.999,0.001,0
NA19153	1|1	0,0,1
NA19154	0|0	1,0,0
NA19159	0|0	1,0,0
NA19160	0|0	1,0,0
NA19161	0|0	1,0,0
NA19171	0|0	1,0,0
NA19172	1|1	0,0.00300002,0.997
NA19173	1|1	0,0,1
NA19189	1|1	0,0,1
NA19200	1|1	0,0,1
NA19201	0|0	1,0,0
NA19202	1|0	0,1,0
NA19203	1|1	9.00013e-06,0.00598204,0.994009
NA19204	1|0	0,1,0
NA19205	0|0	1,0,0
NA19206	0|1	0,1,0
NA19207	0|0	1,0,0
NA19208	1|1	0,0,1
NA19209	0|0	1,0,0
NA19210	1|1	9.99974e-07,0.00199797,0.998001
NA19211	0|0	0.988036,0.011928,3.6e-05
NA19213	1|1	2.5e-05,0.00994999,0.990025
NA19221	0|0	1,0,0
NA19222	0|1	0,1,0
NA19223	0|0	1,0,0
NA19238	1|1	0,0,1
NA19239	0|0	0.990025,0.00995,2.5e-05
NA19240	1|0	0,1,0
NA19307	0|0	0.998001,0.001998,1e-06
NA19308	0|0	1,0,0
NA19309	0|0	1,0,0
NA19310	0|1	0,1,0
NA19314	1|0	0,1,0
NA19315	1|0	0.00199997,0.998,0
NA19316	0|0	1,0,0
NA19317	0|0	1,0,0
NA19319	0|0	1,0,0
NA19321	1|1	0,0.00400001,0.996
NA19324	0|0	1,0,0
NA19327	0|0	0.966064,0.033872,6.4e-05
NA19328	1|0	0.00300002,0.997,0
NA19332	0|0	0.998,0.002,0
NA19334	1|1	0,0,1
NA19346	0|0	1,0,0
NA19347	0|0	1,0,0
NA19350	1|1	0,0,1
NA19360	0|0	1,0,0
NA19372	0|0	1,0,0
NA19374	0|0	1,0,0
NA19375	0|0	1,0,0
NA19376	0|0	1,0,0
NA19377	1|0	0,0.999,0.001
NA19379	0|1	0,1,0
NA19380	0|0	1,0,0
NA19384	0|0	1,0,0
NA19385	0|0	1,0,0
NA19390	0|1	0,1,0
NA19391	0|1	0,1,0
NA19393	0|0	1,0,0
NA19394	0|0	1,0,0
NA19397	1|1	9.99974e-07,0.00199797,0.998001
NA19399	0|0	1,0,0
NA19403	1|0	0,1,0
NA19404	0|0	1,0,0
NA19428	0|0	0.998001,0.001998,1e-06
NA19429	0|0	1,0,0
NA19430	0|0	1,0,0
NA19431	1|0	0.000993987,0.993012,0.005994
NA19434	1|1	0.000728001,0.052544,0.946728
NA19435	1|0	0.00599998,0.994,0
NA19436	0|0	1,0,0
NA19437	0|1	0.143,0.857,0
NA19439	0|0	1,0,0
NA19440	0|0	1,0,0
NA19443	0|0	1,0,0
NA19445	0|0	1,0,0
NA19446	0|0	1,0,0
NA19448	0|0	0.998001,0.001998,1e-06
NA19449	0|1	0,1,0
NA19451	1|1	0,0,1
NA19452	0|0	0.998001,0.001998,1e-06
NA19455	0|0	1,0,0
NA19456	0|1	0,1,0
NA19457	0|1	0.000999987,0.999,0
NA19462	0|1	0,0.542,0.458
NA19463	0|0	1,0,0
NA19466	0|0	1,0,0
NA19467	0|0	1,0,0
NA19468	0|0	0.998,0.002,0
NA19471	0|1	0,1,0
NA19472	0|0	1,0,0
NA19473	0|0	1,0,0
NA19474	0|0	0.998001,0.001998,1e-06
