NA06985	0|0	0	1,0,0
NA06991	0|0	0.05	0.95,0.05,0
NA06993	0	0	1,0
NA06994	0	0	1,0
NA07000	0|0	0	1,0,0
NA07019	1|1	2	0,0,1
NA07022	1	0.98	0.02,0.98
NA07029	0	0	1,0
NA07034	0	0	1,0
NA07048	1	1	0,1
NA07055	1|0	1	0,1,0
NA07056	1|1	2	0,0,1
NA07345	1|0	1	0,1,0
NA07348	0|0	0	1,0,0
NA07357	0	0	1,0
NA10830	1	1	0,1
NA10831	0|0	0.01	0.99,0.01,0
NA10835	0	0	1,0
NA10838	0	0	1,0
NA10839	1|0	1	0,1,0
NA10846	0	0	1,0
NA10847	0|0	0	1,0,0
NA10851	0	0	1,0
NA10854	0|0	0.01	0.99,0.01,0
NA10855	0|1	1	0,1,0
NA10856	0	0	1,0
NA10857	1	1	0,1
NA10859	0|0	0	1,0,0
NA10860	0	0	1,0
NA10861	1|0	1	0,1,0
NA10863	0|0	0	1,0,0
NA11829	0	0	1,0
NA11830	0|0	0	1,0,0
NA11831	1	1	0,1
NA11832	0|0	0	1,0,0
NA11839	0	0	1,0
NA11840	0|1	1	0,1,0
NA11881	0	0	1,0
NA11882	0|0	0	1,0,0
NA11992	1	1	0,1
NA11993	1|0	1	0,1,0
NA11994	1	1	0,1
NA11995	1|0	1	0,1,0
NA12003	1	1	0,1
NA12004	0|1	1	0,1,0
NA12005	0	0	1,0
NA12006	1|1	2	0,0,1
NA12043	1	1	0,1
NA12044	1|0	1	0,1,0
NA12056	0	0	1,0
NA12057	0|0	0	1,0,0
NA12144	0	0	1,0
NA12145	0|0	0	1,0,0
NA12146	0	0	1,0
NA12154	1	1	0,1
NA12155	0	0	1,0
NA12156	1|0	1	0,1,0
NA12234	0|1	1	0,1,0
NA12236	1|0	1	0,1,0
NA12239	0|1	1	0,1,0
NA12248	0	0	1,0
NA12249	1|0	1	0,1,0
NA12264	0	0	1,0
NA12707	0	0	1,0
NA12716	0	0	1,0
NA12717	0|0	0.01	0.99,0.01,0
NA12740	1|0	1.02	0,0.98,0.02
NA12750	0	0	1,0
NA12751	1|1	2	0,0,1
NA12752	1	1	0,1
NA12753	0|1	1	0,1,0
NA12760	0	0	1,0
NA12761	1|1	2	0,0,1
NA12762	1	1	0,1
NA12763	0|1	0.83	0.17,0.83,0
NA12801	1	1	0,1
NA12802	0|0	0	1,0,0
NA12812	0	0	1,0
NA12813	0|0	0	1,0,0
NA12814	0	0	1,0
NA12815	0|0	0	1,0,0
NA12864	0	0	1,0
NA12865	0|0	0	1,0,0
NA12872	0	0	1,0
NA12873	0|0	0	1,0,0
NA12874	0	0	1,0
NA12875	1|0	1	0,1,0
NA12878	1|0	1	0,1,0
NA12891	1	1	0,1
NA12892	1|0	1	0,1,0
NA20502	1|0	1	0,1,0
NA20504	0|0	0	1,0,0
NA20505	0|1	1	0,1,0
NA20506	0|0	0	1,0,0
NA20508	0|0	0	1,0,0
NA20509	1	1	0,1
NA20510	0	0.03	0.97,0.03
NA20512	0	0	1,0
NA20515	0	0	1,0
NA20516	1	1	0,1
NA20517	0|0	0	1,0,0
NA20518	1	0.97	0.03,0.97
NA20519	1	0.55	0.45,0.55
NA20520	0	0	1,0
NA20521	1	1	0,1
NA20522	0|0	0	1,0,0
NA20524	0	0	1,0
NA20525	1	1	0,1
NA20527	0	0	1,0
NA20528	0	0	1,0
NA20529	1|0	1	0,1,0
NA20530	1|1	1.98	0,0.02,0.98
NA20531	1|1	2	0,0,1
NA20534	0	0	1,0
NA20535	0|1	0.98	0.02,0.98,0
NA20538	0	0.01	0.99,0.01
NA20539	0	0	1,0
NA20540	0|1	1	0,1,0
NA20541	1|0	1	0,1,0
NA20542	0|0	0	1,0,0
NA20543	1	1	0,1
NA20544	0	0	1,0
NA20581	0	0	1,0
NA20582	0|0	0	1,0,0
NA20585	1|0	1	0,1,0
NA20586	0	0	1,0
NA20588	0	0	1,0
NA20589	1|0	1	0,1,0
NA20752	1	0.58	0.42,0.58
NA20753	0|1	1	0,1,0
NA20754	1	1	0,1
NA20755	1	1	0,1
NA20756	1|1	2	0,0,1
NA20757	0|0	0	1,0,0
NA20758	0	0.33	0.67,0.33
NA20759	0	0	1,0
NA20760	0|0	0.1	0.9,0.1,0
NA20761	0|1	1.07	0,0.93,0.07
NA20765	0	0	1,0
NA20766	1|0	1	0,1,0
NA20768	1|0	1	0,1,0
NA20769	1|1	2	0,0,1
NA20770	0	0	1,0
NA20771	1|0	1	0,1,0
NA20772	0|1	1	0,1,0
NA20773	0|1	1	0,1,0
NA20774	0|0	0	1,0,0
NA20778	0	0	1,0
NA20783	0	0	1,0
NA20785	0	0	1,0
NA20786	0|0	0	1,0,0
NA20787	0	0	1,0
NA20790	0|1	1.03	0,0.97,0.03
NA20792	0	0	1,0
NA20795	0|0	0	1,0,0
NA20796	0	0	1,0
NA20797	0|0	0	1,0,0
NA20798	0	0	1,0
NA20799	0|0	0	1,0,0
NA20800	1|0	1.01	0,0.99,0.01
NA20801	1	1	0,1
NA20802	1|0	1	0,1,0
NA20803	0	0	1,0
NA20804	1|1	2	0,0,1
NA20805	0	0	1,0
NA20806	0	0.02	0.98,0.02
NA20807	0|1	1	0,1,0
NA20808	1|0	1	0,1,0
NA20809	1	1	0,1
NA20810	1	1	0,1
NA20811	0	0.03	0.97,0.03
NA20812	1	1	0,1
NA20813	0|0	0	1,0,0
NA20815	0	0	1,0
NA20818	1|1	1.99	0,0.01,0.99
NA20819	0|1	1.01	0,0.99,0.01
NA20826	1|1	2	0,0,1
NA20828	1|0	1	0,1,0
