NA18526	0|1	0,1,0
NA18537	1|0	0.00199997,0.998,0
NA18550	1|0	0.023,0.977,0
NA18555	1|1	0,0,1
NA18562	0|0	1,0,0
NA18563	1|1	9.99974e-07,0.00199797,0.998001
NA18582	0|0	1,0,0
NA18603	0|0	1,0,0
NA18606	0|0	1,0,0
NA18621	0|0	1,0,0
NA18622	0|0	1,0,0
NA18628	0|1	0,1,0
NA18632	0|0	1,0,0
NA18636	1|1	0.073984,0.396032,0.529984
NA18647	0|0	1,0,0
NA18942	1|0	0.00599998,0.994,0
NA18945	1|1	0,0,1
NA18947	1|0	0.159,0.841,0
NA18951	1|0	0,1,0
NA18952	0|0	1,0,0
NA18953	1|1	0,0,1
NA18965	0|0	1,0,0
NA18970	0|0	1,0,0
NA18977	1|1	3.59998e-05,0.011928,0.988036
NA18987	1|1	0,0.418,0.582
NA18990	0|0	1,0,0
NA18995	0|0	1,0,0
NA19003	0|1	0,0.999,0.001
NA19010	1|1	0,0,1
