NA18498	0|0	1,0,0
NA18502	0|0	1,0,0
NA18505	0|0	1,0,0
NA18507	0|0	0.251001,0.499998,0.249001
NA18508	0|1	0,1,0
NA18517	1|0	0,1,0
NA18519	0|0	1,0,0
NA18867	0|0	0.997,0.003,0
NA18870	0|1	0,1,0
NA18910	0|0	1,0,0
NA19092	0|0	0.815409,0.175182,0.009409
NA19098	0|0	1,0,0
NA19099	0|1	0,1,0
NA19102	0|1	0.000999987,0.999,0
NA19108	1|0	0.03,0.97,0
NA19118	0|1	0,0.999,0.001
NA19119	0|0	0.797449,0.191102,0.011449
NA19129	1|0	0,0.767,0.233
NA19130	1|1	0,0,1
NA19141	0|0	1,0,0
NA19146	0|0	1,0,0
NA19150	0|0	1,0,0
NA19152	1|0	0,1,0
NA19160	1|1	0,0,1
NA19171	0|0	1,0,0
NA19189	0|0	1,0,0
NA19204	1|0	0,1,0
NA19206	1|0	0,1,0
NA19207	1|1	0,0,1
NA19209	0|1	0.00800002,0.992,0
NA19213	0|0	1,0,0
NA19240	1|1	0,0.00800002,0.992
