NA18498	1|0	1.15	0.15,0.55,0.3
NA18502	1|1	2	0,0,1
NA18507	0|0	0	1,0,0
NA18508	1|0	1	0,1,0
NA18517	1|0	0.94	0.06,0.94,0
NA18519	0|0	0.36	0.64,0.36,0
NA18861	0|1	0.66	0.34,0.66,0
NA18867	0|0	0.03	0.97,0.03,0
NA18870	1|1	2	0,0,1
NA18910	0|1	1.1	0,0.9,0.1
NA18912	0|1	1	0,1,0
NA19092	1|0	1.09	0.01,0.89,0.1
NA19093	1|0	0.99	0.01,0.99,0
NA19098	1|0	0.62	0.38,0.62,0
NA19099	0|0	0	1,0,0
NA19102	0|0	0	1,0,0
NA19108	0|0	0.41	0.59,0.41,0
NA19116	0|1	1	0,1,0
NA19118	0|0	0.03	0.97,0.03,0
NA19119	0|1	1.02	0,0.98,0.02
NA19129	0|0	0	1,0,0
NA19130	0|1	1	0,1,0
NA19131	1|0	1	0,1,0
NA19137	0|0	0	1,0,0
NA19141	0|0	0	1,0,0
NA19143	0|0	0	1,0,0
NA19146	0|0	0.42	0.58,0.42,0
NA19150	0|0	0	1,0,0
NA19152	0|0	0	1,0,0
NA19159	1|0	1	0.02,0.95,0.02
NA19160	0|0	0	1,0,0
NA19171	0|0	0	1,0,0
NA19172	1|1	2	0,0,1
NA19189	0|1	0.78	0.22,0.78,0
NA19200	0|0	0	1,0,0
NA19201	0|0	0.13	0.87,0.13,0
NA19204	1|1	1.79	0,0.21,0.79
NA19206	0|0	0	1,0,0
NA19207	1|0	1	0,1,0
NA19209	0|0	0	1,0,0
NA19213	0|0	0	1,0,0
NA19223	0|0	0	1,0,0
NA19240	0|1	1	0,1,0
NA06985	1|1	2	0,0,1
NA06994	0|0	0	1,0,0
NA07000	1|0	1	0,1,0
NA07048	0|1	0.99	0.01,0.99,0
NA07056	0|0	0.05	0.95,0.05,0
NA07357	0|1	0.98	0.02,0.98,0
NA10847	0|0	0	1,0,0
NA10851	0|0	0	1,0,0
NA11829	0|0	0.04	0.96,0.04,0
NA11830	0|0	0	1,0,0
NA11831	0|1	1	0,1,0
NA11832	0|0	0	1,0,0
NA11840	1|1	2	0,0,1
NA11881	0|0	0	1,0,0
NA11992	0|1	1	0,1,0
NA11994	0|1	1.01	0,0.99,0.01
NA12003	1|1	1.65	0,0.35,0.65
NA12004	0|1	1	0,1,0
NA12005	1|1	2	0,0,1
NA12006	0|1	1	0,1,0
NA12043	0|0	0.29	0.71,0.29,0
NA12044	1|0	1.12	0.02,0.84,0.14
NA12144	0|1	1.01	0,0.99,0.01
NA12154	0|1	1	0,1,0
NA12155	1|0	1.06	0.02,0.89,0.09
NA12156	0|1	1	0,1,0
NA12234	0|0	0.45	0.55,0.45,0
NA12716	0|0	0	1,0,0
NA12717	1|1	1.73	0,0.27,0.73
NA12751	1|0	0.99	0.01,0.99,0
NA12760	1|0	1.37	0,0.63,0.37
NA12761	1|0	1.29	0.01,0.68,0.3
NA12762	1|1	1.68	0,0.32,0.68
NA12763	0|1	0.93	0.08,0.9,0.01
NA12812	0|0	0	1,0,0
NA12813	0|1	1.21	0,0.79,0.21
NA12814	0|0	0	1,0,0
NA12815	1|1	2	0,0,1
NA12872	1|1	2	0,0,1
NA12873	1|1	1.62	0,0.38,0.62
NA12874	0|1	1.05	0,0.95,0.05
NA12878	0|1	1	0,1,0
NA20502	1|0	1	0,1,0
NA20504	1|1	2	0,0,1
NA20505	0|0	0	1,0,0
NA20506	0|0	0	1,0,0
NA20508	1|0	1.02	0,0.98,0.02
NA20509	0|1	1	0,1,0
NA20512	1|1	2	0,0,1
NA20515	1|1	1.59	0,0.41,0.59
NA20516	0|1	1.15	0.06,0.72,0.21
NA20517	1|0	1	0,1,0
NA20518	0|0	0.29	0.71,0.29,0
NA20519	1|0	1	0,1,0
NA20520	0|1	1	0,1,0
NA20521	0|1	0.94	0.06,0.94,0
NA20522	0|0	0.02	0.98,0.02,0
NA20527	1|1	2	0,0,1
NA20534	1|1	1.98	0,0.02,0.98
NA20535	0|1	1	0,1,0
NA20538	1|1	2	0,0,1
NA20539	1|0	1.01	0,0.99,0.01
NA20540	1|1	1.99	0,0.01,0.99
NA20541	0|0	0	1,0,0
NA20542	1|0	1.13	0.12,0.64,0.25
NA20543	0|0	0.56	0.52,0.4,0.08
NA20544	1|0	1.08	0,0.92,0.08
NA20581	1|1	2	0,0,1
NA20582	1|1	2	0,0,1
NA20585	1|0	1.01	0,0.99,0.01
NA20589	0|0	0.36	0.64,0.36,0
NA20752	1|1	2	0,0,1
NA20753	1|1	2	0,0,1
NA20754	1|1	1.85	0,0.15,0.85
NA20755	1|1	2	0,0,1
NA20756	1|1	2	0,0,1
NA20757	1|1	2	0,0,1
NA20758	1|1	1.83	0,0.17,0.83
NA20759	1|1	1.89	0,0.11,0.89
NA20760	1|1	2	0,0,1
NA20761	1|0	1	0,1,0
NA20765	0|0	0	1,0,0
NA20766	1|0	1	0,1,0
NA20768	0|1	1	0,1,0
NA20769	1|1	2	0,0,1
NA20770	0|1	1.39	0,0.61,0.39
NA20771	0|0	0.08	0.92,0.08,0
NA20772	1|1	2	0,0,1
NA20775	1|0	1.12	0,0.88,0.12
NA20778	1|1	2	0,0,1
NA20783	1|1	2	0,0,1
NA20786	1|0	1.07	0,0.93,0.07
NA20790	1|1	1.98	0,0.02,0.98
NA20796	0|0	0.41	0.64,0.32,0.04
NA20797	1|1	2	0,0,1
NA20799	0|0	0.13	0.87,0.13,0
NA20800	1|0	1	0,1,0
NA20801	1|1	2	0,0,1
NA20802	0|1	1	0,1,0
NA20803	1|1	2	0,0,1
NA20804	1|1	2	0,0,1
NA20807	1|1	2	0,0,1
NA20808	1|1	2	0,0,1
NA20813	1|1	2	0,0,1
NA20818	1|1	2	0,0,1
NA20819	1|0	1	0,1,0
NA20826	1|0	0.91	0.09,0.91,0
NA20828	1|1	1.8	0,0.2,0.8
NA18526	1|0	0.9	0.1,0.9,0
NA18532	1|1	2	0,0,1
NA18537	0|0	0	1,0,0
NA18547	0|0	0.1	0.9,0.1,0
NA18550	0|0	0.53	0.51,0.46,0.04
NA18555	0|0	0	1,0,0
NA18562	1|1	1.52	0.01,0.45,0.54
NA18563	1|0	1.12	0,0.88,0.12
NA18566	1|1	2	0,0,1
NA18572	0|1	1.09	0,0.91,0.09
NA18582	1|1	2	0,0,1
NA18603	0|1	1.37	0.01,0.62,0.37
NA18605	0|0	0.43	0.57,0.43,0
NA18606	1|1	2	0,0,1
NA18621	1|0	1.04	0,0.96,0.04
NA18622	0|0	0	1,0,0
NA18628	1|1	2	0,0,1
NA18632	1|1	2	0,0,1
NA18636	1|1	1.98	0,0.02,0.98
NA18647	0|0	0.08	0.92,0.08,0
NA18942	0|1	0.71	0.31,0.68,0.02
NA18943	0|1	1.16	0.01,0.82,0.17
NA18945	0|0	0	1,0,0
NA18947	0|1	1	0,1,0
NA18949	0|0	0	1,0,0
NA18951	0|0	0	1,0,0
NA18952	1|0	1	0,1,0
NA18953	0|0	0	1,0,0
NA18956	0|0	0.04	0.96,0.04,0
NA18964	0|0	0	1,0,0
NA18965	0|0	0	1,0,0
NA18970	0|0	0	1,0,0
NA18973	0|0	0	1,0,0
NA18974	0|0	0.01	0.99,0.01,0
NA18977	0|0	0.01	0.99,0.01,0
NA18987	0|0	0.09	0.91,0.09,0
NA18990	0|0	0	1,0,0
NA18994	0|0	0	1,0,0
NA18995	0|0	0	1,0,0
NA19000	0|0	0	1,0,0
NA19003	1|0	1	0,1,0
NA19010	1|0	1.09	0,0.91,0.09
