NA18498	0|1	0.00599998,0.994,0
NA18500	1|1	0,0,1
NA18501	0|1	0,0.999,0.001
NA18502	1|1	0,0.027,0.973
NA18503	1|0	0,1,0
NA18504	0|0	1,0,0
NA18505	0|1	0,0.995,0.005
NA18506	1|0	0,1,0
NA18507	0|0	1,0,0
NA18508	1|0	0,1,0
NA18515	1|0	0,1,0
NA18516	1|0	0,1,0
NA18517	0|1	0,1,0
NA18519	0|1	0,0.681,0.319
NA18521	0|0	1,0,0
NA18522	1|0	0,1,0
NA18523	0|0	1,0,0
NA18852	0|0	0.989,0.011,0
NA18853	0|0	1,0,0
NA18854	0|0	1,0,0
NA18855	1|0	0,1,0
NA18856	0|0	1,0,0
NA18857	0|0	1,0,0
NA18858	0|1	0.00400001,0.996,0
NA18859	1|1	0,0,1
NA18860	0|1	0,1,0
NA18861	0|1	0.00300002,0.997,0
NA18862	1|0	0,1,0
NA18863	1|1	0,0.00199997,0.998
NA18867	0|0	1,0,0
NA18870	0|1	0,1,0
NA18871	0|0	0.54,0.46,0
NA18872	0|0	1,0,0
NA18910	1|0	0,0.595,0.405
NA18912	0|1	0.000999987,0.999,0
NA18913	0|1	0.000999987,0.999,0
NA18914	0|0	1,0,0
NA19027	0|0	0.996,0.004,0
NA19028	0|1	0,0.999,0.001
NA19031	0|1	0.000999987,0.999,0
NA19035	0|1	0,1,0
NA19036	1|1	0,0.000999987,0.999
NA19038	0|0	0.692,0.308,0
NA19041	1|1	0.00909,0.22882,0.76209
NA19092	0|0	1,0,0
NA19093	0|0	1,0,0
NA19094	0|0	1,0,0
NA19099	0|0	1,0,0
NA19100	0|0	0.999,0.001,0
NA19101	0|1	0,1,0
NA19102	1|1	0,0.000999987,0.999
NA19103	1|1	0,0.000999987,0.999
NA19108	0|1	0.00131398,0.656372,0.342314
NA19116	0|0	0.814,0.186,0
NA19118	1|1	0.000410995,0.411178,0.588411
NA19119	1|1	0,0,1
NA19120	1|0	0,1,0
NA19127	1|0	0,0.998,0.002
NA19128	1|1	0,0.019,0.981
NA19129	1|1	0,0,1
NA19130	0|1	0.00400001,0.996,0
NA19131	1|1	0,0,1
NA19132	1|0	0,1,0
NA19137	1|1	0,0,1
NA19138	1|1	0,0.000999987,0.999
NA19139	1|1	0,0,1
NA19140	0|0	1,0,0
NA19141	1|0	0.00199997,0.998,0
NA19142	0|0	1,0,0
NA19143	1|1	0,0,1
NA19144	1|1	9.99974e-07,0.00199797,0.998001
NA19146	0|1	0,1,0
NA19150	1|0	0,0.999,0.001
NA19152	1|0	0,1,0
NA19153	1|1	0,0,1
NA19154	1|1	0,0,1
NA19159	1|1	0,0.00300002,0.997
NA19160	0|1	0,1,0
NA19161	1|1	0,0,1
NA19171	1|1	0,0.000999987,0.999
NA19172	1|0	0.452,0.548,0
NA19173	1|0	0,1,0
NA19189	1|1	0,0.00199997,0.998
NA19200	0|1	0.000999987,0.999,0
NA19201	1|1	0,0,1
NA19202	0|1	0,1,0
NA19203	0|1	0.009,0.991,0
NA19204	1|0	0,1,0
NA19205	0|0	1,0,0
NA19206	0|0	1,0,0
NA19207	1|1	0,0.00199997,0.998
NA19208	1|0	0,1,0
NA19209	0|1	0.00300002,0.997,0
NA19210	1|1	0,0,1
NA19211	0|1	0,1,0
NA19213	0|1	0,1,0
NA19221	0|1	0,1,0
NA19222	1|1	0,0,1
NA19223	0|0	0.995,0.005,0
NA19238	1|1	0,0.00700003,0.993
NA19239	1|1	0,0,1
NA19240	1|1	0,0,1
NA19307	0|1	0,1,0
NA19308	0|0	1,0,0
NA19309	1|0	0.00199997,0.998,0
NA19310	0|0	0.976135,0.02373,0.000135
NA19314	0|0	0.998,0.002,0
NA19315	0|1	0.432,0.568,0
NA19316	1|0	0,1,0
NA19317	0|0	1,0,0
NA19318	0|0	0.989,0.011,0
NA19319	0|1	0.055,0.945,0
NA19321	0|0	0.999,0.001,0
NA19324	0|1	0,0.919,0.081
NA19327	1|0	0,0.972,0.028
NA19328	1|1	0,0.00999999,0.99
NA19332	0|0	1,0,0
NA19334	1|0	0.000999987,0.999,0
NA19346	1|1	0.00292801,0.368144,0.628928
NA19347	0|1	0,0.998,0.002
NA19350	0|1	0.000999987,0.999,0
NA19360	0|0	1,0,0
NA19372	1|0	0,0.994,0.006
NA19374	0|0	0.933,0.067,0
NA19375	1|0	0,1,0
NA19376	1|0	0.000999987,0.999,0
NA19377	1|1	0,0.271,0.729
NA19379	1|0	0,1,0
NA19380	0|0	1,0,0
NA19383	1|1	5.99998e-05,0.01588,0.98406
NA19384	1|0	0.023976,0.975048,0.000976
NA19385	0|1	0.294,0.706,0
NA19390	0|0	1,0,0
NA19391	0|0	1,0,0
NA19393	0|1	0,1,0
NA19394	0|1	0.05302,0.91296,0.03402
NA19397	0|1	0.421,0.579,0
NA19399	1|1	0.146118,0.498764,0.355118
NA19403	1|1	6.99994e-06,0.00798602,0.992007
NA19404	1|1	0,0.00300002,0.997
NA19428	0|1	0.374,0.626,0
NA19430	1|0	0,1,0
NA19431	0|1	0,1,0
NA19434	1|0	0,1,0
NA19435	0|0	0.998,0.002,0
NA19436	1|0	0,0.999,0.001
NA19437	0|1	0,1,0
NA19438	0|0	0.998001,0.001998,1e-06
NA19439	0|0	0.83,0.17,0
NA19440	0|1	0,0.999,0.001
NA19443	0|1	0,0.612,0.388
NA19445	1|1	0,0,1
NA19446	0|1	0.014,0.986,0
NA19448	0|0	0.873,0.127,0
NA19449	0|1	0.04524,0.72352,0.23124
NA19451	0|0	1,0,0
NA19452	0|0	0.998,0.002,0
NA19455	0|0	1,0,0
NA19456	0|0	0.999,0.001,0
NA19457	1|1	0.004956,0.358088,0.636956
NA19462	1|1	0,0.00199997,0.998
NA19463	1|0	0.000999987,0.999,0
NA19466	1|0	0.00400001,0.996,0
NA19467	0|1	0,1,0
NA19468	0|0	1,0,0
NA19471	1|1	0,0.000999987,0.999
NA19472	1|0	0.000999987,0.999,0
NA19473	1|0	0,0.928,0.072
NA19474	0|0	0.998,0.002,0
NA06985	1|0	0.00300002,0.997,0
NA06991	0|1	0,1,0
NA06993	1|1	0,0.00199997,0.998
NA06994	1|1	1.59998e-05,0.016968,0.983016
NA07000	1|1	0,0.00599998,0.994
NA07019	1|1	0,0,1
NA07022	1|1	0,0.00599998,0.994
NA07029	1|1	0,0.00700003,0.993
NA07034	1|1	0,0,1
NA07048	1|0	0,1,0
NA07055	1|0	0.461,0.539,0
NA07056	1|0	0,0.998,0.002
NA07345	0|0	0.999,0.001,0
NA07348	0|0	1,0,0
NA07357	1|0	0,1,0
NA10830	1|0	0,0.994,0.006
NA10831	1|1	0,0.00199997,0.998
NA10835	0|1	0,1,0
NA10838	0|1	0,1,0
NA10839	0|1	0,0.906,0.094
NA10846	1|0	0,1,0
NA10847	1|1	0,0,1
NA10851	1|0	0,1,0
NA10854	1|0	0,1,0
NA10855	0|1	0,1,0
NA10856	1|1	0,0,1
NA10857	1|1	0,0,1
NA10859	0|0	0.998,0.002,0
NA10860	1|1	0,0,1
NA10861	1|1	0,0,1
NA10863	1|0	0,1,0
NA11829	1|1	0,0.005,0.995
NA11830	1|1	0,0,1
NA11831	1|1	0,0.000999987,0.999
NA11832	1|0	0.086,0.914,0
NA11839	1|0	0.094,0.906,0
NA11840	1|0	0.00196397,0.980072,0.017964
NA11881	0|1	0.000999987,0.999,0
NA11882	1|0	0,1,0
NA11992	1|0	0,1,0
NA11993	1|1	0,0.00300002,0.997
NA11994	1|0	0,1,0
NA11995	1|1	0,0.00300002,0.997
NA12003	0|1	0.005,0.995,0
NA12004	0|0	1,0,0
NA12005	0|0	0.994,0.006,0
NA12006	1|1	0,0,1
NA12043	1|1	0,0,1
NA12044	0|1	0,1,0
NA12056	0|1	0,1,0
NA12057	0|1	0,0.999,0.001
NA12144	1|0	0,1,0
NA12145	1|1	0,0,1
NA12146	1|1	0,0.00400001,0.996
NA12154	1|0	0.000999987,0.999,0
NA12155	0|1	0.00400001,0.996,0
NA12156	1|0	0,1,0
NA12234	0|1	0,1,0
NA12236	0|1	0,0.84,0.16
NA12239	0|1	0,1,0
NA12248	1|0	0,1,0
NA12249	0|1	0.000999987,0.999,0
NA12264	1|1	0,0.00800002,0.992
NA12707	0|0	1,0,0
NA12716	0|0	0.52,0.48,0
NA12717	0|0	0.996,0.004,0
NA12740	1|1	0,0.000999987,0.999
NA12750	1|1	0.000135998,0.136728,0.863136
NA12751	1|1	0,0.00199997,0.998
NA12752	1|1	0,0,1
NA12753	1|0	0,1,0
NA12760	0|1	0,0.999,0.001
NA12761	1|1	0,0.013,0.987
NA12762	1|1	0,0.00199997,0.998
NA12763	1|0	0,1,0
NA12801	0|0	1,0,0
NA12802	1|1	0,0.011,0.989
NA12812	1|0	0,1,0
NA12813	0|0	1,0,0
NA12814	1|1	0,0.151,0.849
NA12815	1|0	0.02997,0.96906,0.00097
NA12864	1|1	0,0,1
NA12865	1|0	0,1,0
NA12872	1|1	0,0,1
NA12873	1|1	0,0.243,0.757
NA12874	1|0	0,1,0
NA12875	1|1	0,0.00300002,0.997
NA12878	1|1	0,0,1
NA12891	1|1	0,0.00599998,0.994
NA12892	1|0	0,1,0
NA20502	1|0	0,0.999,0.001
NA20504	1|0	0,0.831,0.169
NA20505	1|0	0.21,0.79,0
NA20506	1|1	4.09995e-05,0.041918,0.958041
NA20508	1|1	0,0.015,0.985
NA20509	0|1	0,1,0
NA20510	1|0	0.012,0.988,0
NA20512	0|0	0.918,0.082,0
NA20515	1|0	0.112,0.888,0
NA20516	0|1	0.16626,0.81548,0.01826
NA20517	0|1	0.027944,0.970112,0.001944
NA20518	1|1	0,0.005,0.995
NA20519	0|0	0.97,0.03,0
NA20520	0|1	0.023,0.977,0
NA20521	1|1	0.01633,0.22434,0.75933
NA20522	1|1	2.10002e-05,0.00995805,0.990021
NA20524	1|1	0,0.000999987,0.999
NA20525	1|1	0,0,1
NA20527	0|1	0.060884,0.922232,0.016884
NA20528	1|0	0.018753,0.968494,0.012753
NA20529	0|1	0.000999987,0.999,0
NA20530	0|0	1,0,0
NA20531	1|1	0,0,1
NA20534	1|0	0.044,0.956,0
NA20535	0|1	0.000992987,0.992014,0.006993
NA20538	1|1	0,0,1
NA20539	0|0	0.984,0.016,0
NA20540	1|1	2.99998e-06,0.00399401,0.996003
NA20541	1|1	0,0.00199997,0.998
NA20542	1|0	0.025,0.975,0
NA20543	1|1	0,0.009,0.991
NA20544	0|1	0,1,0
NA20581	0|0	0.522,0.478,0
NA20582	0|1	0.000999987,0.999,0
NA20585	1|0	0,0.993,0.007
NA20586	1|0	0.109,0.891,0
NA20588	1|1	0.000909988,0.45518,0.54391
NA20589	0|1	0.00679703,0.964406,0.028797
NA20752	1|1	0,0.009,0.991
NA20753	0|0	0.986048,0.013904,4.8e-05
NA20754	0|1	0.105,0.895,0
NA20755	0|1	0,1,0
NA20756	0|0	1,0,0
NA20757	0|1	0.00199997,0.998,0
NA20758	1|1	0,0.00800002,0.992
NA20759	1|0	0.000999987,0.999,0
NA20760	0|1	0.010978,0.987044,0.001978
NA20761	1|0	0,1,0
NA20765	1|0	0.000998987,0.998002,0.000999
NA20766	0|1	0.000997987,0.997004,0.001998
NA20768	1|0	0.005,0.995,0
NA20769	0|1	0.016,0.984,0
NA20770	0|1	0.00300002,0.997,0
NA20771	1|1	0,0.467,0.533
NA20772	1|0	0.00700003,0.993,0
NA20773	1|1	0,0.034,0.966
NA20774	1|1	0.00247799,0.414044,0.583478
NA20775	0|0	0.935,0.065,0
NA20778	0|0	0.908,0.092,0
NA20783	1|1	0,0.053,0.947
NA20785	1|1	0,0.000999987,0.999
NA20786	0|1	0.000999987,0.999,0
NA20787	1|1	1.19998e-05,0.00797596,0.992012
NA20790	1|0	0,0.992,0.008
NA20792	0|0	1,0,0
NA20795	1|1	0,0.005,0.995
NA20796	0|1	0,1,0
NA20797	1|0	0.149,0.851,0
NA20798	1|1	0.124658,0.461684,0.413658
NA20799	1|0	0.000999987,0.999,0
NA20800	1|1	0,0.41,0.59
NA20801	1|0	0.00150798,0.752984,0.245508
NA20802	1|1	0,0.000999987,0.999
NA20803	1|0	0.00300002,0.997,0
NA20804	0|1	0.000999987,0.999,0
NA20805	0|1	0.00300002,0.997,0
NA20806	1|1	0,0.00700003,0.993
NA20807	1|1	0.003146,0.140708,0.856146
NA20808	1|1	0,0,1
NA20809	0|0	0.994,0.006,0
NA20810	0|1	0.000995987,0.995008,0.003996
NA20811	0|0	1,0,0
NA20812	0|1	0,0.994,0.006
NA20813	1|1	0,0.177,0.823
NA20815	1|1	0,0,1
NA20818	1|1	0,0,1
NA20819	0|0	0.999,0.001,0
NA20826	0|1	0.000999987,0.999,0
NA20828	1|1	0,0,1
NA18532	0|1	0,0.699,0.301
NA18537	1|1	0,0.023,0.977
NA18542	1|1	0,0.000999987,0.999
NA18545	0|0	0.536924,0.462152,0.000924
NA18547	0|1	0,0.798,0.202
NA18550	0|1	0.045,0.955,0
NA18552	1|1	0.01632,0.22336,0.76032
NA18555	1|0	0.419,0.581,0
NA18558	0|0	1,0,0
NA18561	0|0	1,0,0
NA18562	1|1	0.005434,0.258132,0.736434
NA18563	1|1	0,0.000999987,0.999
NA18564	1|0	0.000986987,0.986026,0.012987
NA18566	0|1	0.000998987,0.998002,0.000999
NA18570	1|1	0.003198,0.252604,0.744198
NA18571	0|0	0.966,0.034,0
NA18572	1|0	0.015,0.985,0
NA18573	0|0	1,0,0
NA18577	1|1	0.000148,0.040704,0.959148
NA18579	0|0	0.976023,0.023954,2.3e-05
NA18582	0|1	0.000999987,0.999,0
NA18592	0|0	0.89,0.11,0
NA18593	1|0	0.00199997,0.998,0
NA18603	1|0	0.00699303,0.992014,0.000993
NA18605	1|0	0,1,0
NA18608	0|0	1,0,0
NA18609	1|0	0.00300002,0.997,0
NA18611	0|0	1,0,0
NA18612	1|1	5.99996e-06,0.004988,0.995006
NA18620	1|1	4.8e-05,0.013904,0.986048
NA18621	0|0	0.632,0.368,0
NA18622	0|1	0,1,0
NA18623	0|0	0.975,0.025,0
NA18624	1|0	0,1,0
NA18632	0|0	0.807,0.193,0
NA18633	0|1	0.49,0.51,0
NA18635	0|0	0.98,0.02,0
NA18636	0|1	0,0.999,0.001
NA18637	0|0	0.87665,0.1217,0.00165
NA18940	0|1	0.00800002,0.992,0
NA18942	0|1	0,1,0
NA18943	0|0	0.971,0.029,0
NA18944	1|1	0,0.00300002,0.997
NA18945	0|0	0.961,0.039,0
NA18947	1|0	0.00170798,0.852584,0.145708
NA18948	1|0	0.000999987,0.999,0
NA18949	1|0	0,0.993,0.007
NA18951	0|0	0.87,0.13,0
NA18952	1|1	0,0,1
NA18953	1|1	0.000119001,0.023762,0.976119
NA18956	1|1	0,0.00199997,0.998
NA18959	1|1	0.00253,0.12794,0.86953
NA18960	1|0	0.005,0.995,0
NA18961	0|0	0.759,0.241,0
NA18964	0|1	0.011,0.989,0
NA18965	1|1	0.000912006,0.305176,0.693912
NA18966	1|1	3.99996e-06,0.004992,0.995004
NA18967	1|1	0,0.016,0.984
NA18968	1|1	0.00012,0.02576,0.97412
NA18969	0|0	1,0,0
NA18970	1|0	0,1,0
NA18971	0|0	0.96,0.04,0
NA18972	0|1	0.00299702,0.996006,0.000997
NA18973	0|0	0.528203,0.467594,0.004203
NA18974	0|1	0,1,0
NA18975	0|0	0.986013,0.013974,1.3e-05
NA18976	0|1	0,0.781,0.219
NA18978	0|0	1,0,0
NA18980	0|1	0.333,0.667,0
NA18981	0|0	1,0,0
NA18987	0|1	0.013,0.987,0
NA18990	0|0	1,0,0
NA18991	0|1	0.292,0.708,0
NA18992	0|1	0.00199797,0.997004,0.000998
NA18994	0|1	0.011913,0.622174,0.365913
NA18995	0|0	0.989,0.011,0
NA18997	1|1	0,0.000999987,0.999
NA18998	0|0	0.964,0.036,0
NA18999	1|1	1.19998e-05,0.00797596,0.992012
NA19000	0|1	0.186,0.814,0
NA19003	1|0	0.00300002,0.997,0
NA19005	1|1	0,0,1
NA19007	0|1	0.043,0.957,0
NA19012	1|1	0,0.011,0.989
