NA06985	1|0	0.00300002,0.997,0
NA06991	0|1	0,1,0
NA06993	1|1	0,0.00199997,0.998
NA06994	1|1	1.59998e-05,0.016968,0.983016
NA07000	1|1	0,0.00599998,0.994
NA07019	1|1	0,0,1
NA07022	1|1	0,0.00599998,0.994
NA07029	1|1	0,0.00700003,0.993
NA07034	1|1	0,0,1
NA07048	1|0	0,1,0
NA07055	1|0	0.461,0.539,0
NA07056	1|0	0,0.998,0.002
NA07345	0|0	0.999,0.001,0
NA07348	0|0	1,0,0
NA07357	1|0	0,1,0
NA10830	1|0	0,0.994,0.006
NA10831	1|1	0,0.00199997,0.998
NA10835	0|1	0,1,0
NA10838	0|1	0,1,0
NA10839	0|1	0,0.906,0.094
NA10846	1|0	0,1,0
NA10847	1|1	0,0,1
NA10851	1|0	0,1,0
NA10854	1|0	0,1,0
NA10855	0|1	0,1,0
NA10856	1|1	0,0,1
NA10857	1|1	0,0,1
NA10859	0|0	0.998,0.002,0
NA10860	1|1	0,0,1
NA10861	1|1	0,0,1
NA10863	1|0	0,1,0
NA11829	1|1	0,0.005,0.995
NA11830	1|1	0,0,1
NA11831	1|1	0,0.000999987,0.999
NA11832	1|0	0.086,0.914,0
NA11839	1|0	0.094,0.906,0
NA11840	1|0	0.00196397,0.980072,0.017964
NA11881	0|1	0.000999987,0.999,0
NA11882	1|0	0,1,0
NA11992	1|0	0,1,0
NA11993	1|1	0,0.00300002,0.997
NA11994	1|0	0,1,0
NA11995	1|1	0,0.00300002,0.997
NA12003	0|1	0.005,0.995,0
NA12004	0|0	1,0,0
NA12005	0|0	0.994,0.006,0
NA12006	1|1	0,0,1
NA12043	1|1	0,0,1
NA12044	0|1	0,1,0
NA12056	0|1	0,1,0
NA12057	0|1	0,0.999,0.001
NA12144	1|0	0,1,0
NA12145	1|1	0,0,1
NA12146	1|1	0,0.00400001,0.996
NA12154	1|0	0.000999987,0.999,0
NA12155	0|1	0.00400001,0.996,0
NA12156	1|0	0,1,0
NA12234	0|1	0,1,0
NA12236	0|1	0,0.84,0.16
NA12239	0|1	0,1,0
NA12248	1|0	0,1,0
NA12249	0|1	0.000999987,0.999,0
NA12264	1|1	0,0.00800002,0.992
NA12707	0|0	1,0,0
NA12716	0|0	0.52,0.48,0
NA12717	0|0	0.996,0.004,0
NA12740	1|1	0,0.000999987,0.999
NA12750	1|1	0.000135998,0.136728,0.863136
NA12751	1|1	0,0.00199997,0.998
NA12752	1|1	0,0,1
NA12753	1|0	0,1,0
NA12760	0|1	0,0.999,0.001
NA12761	1|1	0,0.013,0.987
NA12762	1|1	0,0.00199997,0.998
NA12763	1|0	0,1,0
NA12801	0|0	1,0,0
NA12802	1|1	0,0.011,0.989
NA12812	1|0	0,1,0
NA12813	0|0	1,0,0
NA12814	1|1	0,0.151,0.849
NA12815	1|0	0.02997,0.96906,0.00097
NA12864	1|1	0,0,1
NA12865	1|0	0,1,0
NA12872	1|1	0,0,1
NA12873	1|1	0,0.243,0.757
NA12874	1|0	0,1,0
NA12875	1|1	0,0.00300002,0.997
NA12878	1|1	0,0,1
NA12891	1|1	0,0.00599998,0.994
NA12892	1|0	0,1,0
NA20502	1|0	0,0.999,0.001
NA20504	1|0	0,0.831,0.169
NA20505	1|0	0.21,0.79,0
NA20506	1|1	4.09995e-05,0.041918,0.958041
NA20508	1|1	0,0.015,0.985
NA20509	0|1	0,1,0
NA20510	1|0	0.012,0.988,0
NA20512	0|0	0.918,0.082,0
NA20515	1|0	0.112,0.888,0
NA20516	0|1	0.16626,0.81548,0.01826
NA20517	0|1	0.027944,0.970112,0.001944
NA20518	1|1	0,0.005,0.995
NA20519	0|0	0.97,0.03,0
NA20520	0|1	0.023,0.977,0
NA20521	1|1	0.01633,0.22434,0.75933
NA20522	1|1	2.10002e-05,0.00995805,0.990021
NA20524	1|1	0,0.000999987,0.999
NA20525	1|1	0,0,1
NA20527	0|1	0.060884,0.922232,0.016884
NA20528	1|0	0.018753,0.968494,0.012753
NA20529	0|1	0.000999987,0.999,0
NA20530	0|0	1,0,0
NA20531	1|1	0,0,1
NA20534	1|0	0.044,0.956,0
NA20535	0|1	0.000992987,0.992014,0.006993
NA20538	1|1	0,0,1
NA20539	0|0	0.984,0.016,0
NA20540	1|1	2.99998e-06,0.00399401,0.996003
NA20541	1|1	0,0.00199997,0.998
NA20542	1|0	0.025,0.975,0
NA20543	1|1	0,0.009,0.991
NA20544	0|1	0,1,0
NA20581	0|0	0.522,0.478,0
NA20582	0|1	0.000999987,0.999,0
NA20585	1|0	0,0.993,0.007
NA20586	1|0	0.109,0.891,0
NA20588	1|1	0.000909988,0.45518,0.54391
NA20589	0|1	0.00679703,0.964406,0.028797
NA20752	1|1	0,0.009,0.991
NA20753	0|0	0.986048,0.013904,4.8e-05
NA20754	0|1	0.105,0.895,0
NA20755	0|1	0,1,0
NA20756	0|0	1,0,0
NA20757	0|1	0.00199997,0.998,0
NA20758	1|1	0,0.00800002,0.992
NA20759	1|0	0.000999987,0.999,0
NA20760	0|1	0.010978,0.987044,0.001978
NA20761	1|0	0,1,0
NA20765	1|0	0.000998987,0.998002,0.000999
NA20766	0|1	0.000997987,0.997004,0.001998
NA20768	1|0	0.005,0.995,0
NA20769	0|1	0.016,0.984,0
NA20770	0|1	0.00300002,0.997,0
NA20771	1|1	0,0.467,0.533
NA20772	1|0	0.00700003,0.993,0
NA20773	1|1	0,0.034,0.966
NA20774	1|1	0.00247799,0.414044,0.583478
NA20775	0|0	0.935,0.065,0
NA20778	0|0	0.908,0.092,0
NA20783	1|1	0,0.053,0.947
NA20785	1|1	0,0.000999987,0.999
NA20786	0|1	0.000999987,0.999,0
NA20787	1|1	1.19998e-05,0.00797596,0.992012
NA20790	1|0	0,0.992,0.008
NA20792	0|0	1,0,0
NA20795	1|1	0,0.005,0.995
NA20796	0|1	0,1,0
NA20797	1|0	0.149,0.851,0
NA20798	1|1	0.124658,0.461684,0.413658
NA20799	1|0	0.000999987,0.999,0
NA20800	1|1	0,0.41,0.59
NA20801	1|0	0.00150798,0.752984,0.245508
NA20802	1|1	0,0.000999987,0.999
NA20803	1|0	0.00300002,0.997,0
NA20804	0|1	0.000999987,0.999,0
NA20805	0|1	0.00300002,0.997,0
NA20806	1|1	0,0.00700003,0.993
NA20807	1|1	0.003146,0.140708,0.856146
NA20808	1|1	0,0,1
NA20809	0|0	0.994,0.006,0
NA20810	0|1	0.000995987,0.995008,0.003996
NA20811	0|0	1,0,0
NA20812	0|1	0,0.994,0.006
NA20813	1|1	0,0.177,0.823
NA20815	1|1	0,0,1
NA20818	1|1	0,0,1
NA20819	0|0	0.999,0.001,0
NA20826	0|1	0.000999987,0.999,0
NA20828	1|1	0,0,1
