NA18498	1	1	0,1
NA18502	1|0	1	0,1,0
NA18505	0|1	1	0,1,0
NA18507	1	1	0,1
NA18508	1|1	1.88	0,0.12,0.88
NA18517	1|1	1.81	0,0.19,0.81
NA18519	1	1	0,1
NA18867	1|0	1	0,1,0
NA18870	1|1	2	0,0,1
NA18910	0	0.45	0.55,0.45
NA19092	1	1	0,1
NA19098	1	1	0,1
NA19099	1|1	1.57	0,0.43,0.57
NA19102	1|1	1.96	0,0.04,0.96
NA19108	0|1	0.76	0.24,0.75,0.01
NA19118	0|0	0	1,0,0
NA19119	1	0.99	0.01,0.99
NA19129	0|0	0	1,0,0
NA19130	1	1	0,1
NA19141	1	0.01	0.01,0.02
NA19146	1	1	0,1
NA19150	1	1	0,1
NA19152	1|0	1.32	0,0.68,0.32
NA19160	0	0	1,0
NA19171	0	0	1,0
NA19189	1	0	0.01,0
NA19204	0|1	1	0,1,0
NA19206	1|1	2	0,0,1
NA19207	1	1	0,1
NA19209	0|1	1	0,1,0
NA19213	1	1	0,1
NA19240	0|1	1	0,1,0
