NA11829	0|0	0	1,0,0
NA11831	0|1	1	0,1,0
NA11832	1|1	2	0,0,1
NA11840	1|1	2	0,0,1
NA11881	0|1	1	0,1,0
NA11994	0|0	0.4	0.6,0.4,0
NA11995	1|1	2	0,0,1
NA12004	1|1	1.44	0.07,0.43,0.5
NA12005	1|1	1.95	0,0.05,0.95
NA12043	1|1	1.91	0,0.09,0.91
NA12044	1|0	1	0,1,0
NA12144	0|0	0	1,0,0
NA12154	0|0	0.14	0.86,0.14,0
NA12155	1|1	2	0,0,1
NA12156	1|0	1	0,1,0
NA12234	0|1	1.48	0,0.52,0.48
NA12717	0|1	1.06	0,0.94,0.06
NA12750	1|1	2	0,0,1
NA12760	0|0	0	1,0,0
NA12761	0|0	0	1,0,0
NA12762	1|0	1.11	0,0.89,0.11
NA12763	0|0	0	1,0,0
NA12812	1|1	1.8	0,0.2,0.8
NA12813	0|0	0.48	0.52,0.48,0
NA12814	0|0	0	1,0,0
NA12815	1|1	1.91	0,0.09,0.91
NA12872	0|1	1	0,1,0
NA12873	0|0	0	1,0,0
NA12874	0|1	1	0,1,0
NA12878	0|0	0.01	0.99,0.01,0
