NA18498	1	1	0,1
NA18502	1|0	1	0,1,0
NA18505	1|0	0.68	0.32,0.68,0
NA18507	1	0.98	0.02,0.98
NA18508	1|1	2	0,0,1
NA18517	1|1	1.94	0,0.06,0.94
NA18519	1	1	0,1
NA18867	1|0	1	0,1,0
NA18870	1|1	2	0,0,1
NA18910	1	1	0,1
NA19092	1	1	0,1
NA19098	1	1	0,1
NA19099	1|1	2	0,0,1
NA19102	1|1	1.71	0,0.29,0.71
NA19108	0|1	1	0,1,0
NA19118	0|0	0	1,0,0
NA19119	1	0.51	0.49,0.51
NA19129	0|0	0	1,0,0
NA19130	1	1	0,1
NA19141	1	0.05	0.01,0.06
NA19146	1	1	0,1
NA19150	1	1	0,1
NA19152	0|1	1.48	0,0.52,0.48
NA19160	0	0	1,0
NA19171	0	0	1,0
NA19189	1	0	0.01,0
NA19204	1|0	1	0,1,0
NA19206	1|1	1.66	0,0.34,0.66
NA19207	1	1	0,1
NA19209	0|1	1	0,1,0
NA19213	1	1	0,1
NA19240	1|0	1	0,1,0
NA11829	0	0	1,0
NA11830	1|0	1	0,1,0
NA11831	0	0	1,0
NA11832	0|0	0	1,0,0
NA11840	0|0	0	1,0,0
NA11881	0	0	1,0
NA11994	0	0	1,0
NA11995	0|0	0	1,0,0
NA12004	0|0	0	1,0,0
NA12005	1	1	0,1
NA12043	0	0	1,0
NA12044	0|0	0	1,0,0
NA12144	0	0	1,0
NA12154	0	0	1,0
NA12155	0	0	1,0
NA12156	0|1	1	0,1,0
NA12234	0|1	1	0,1,0
NA12717	0|0	0	1,0,0
NA12750	1	1	0,1
NA12760	0	0	1,0
NA12761	0|0	0	1,0,0
NA12762	0	0	1,0
NA12763	0|0	0	1,0,0
NA12812	0	0	1,0
NA12813	1|0	1	0,1,0
NA12814	1	1	0,1
NA12815	0|1	1	0,1,0
NA12872	1	1	0,1
NA12873	0|0	0	1,0,0
NA12874	1	1	0,1
NA12878	0|0	0	1,0,0
NA18526	1|1	2	0,0,1
NA18537	0|0	0.01	0.99,0.01,0
NA18550	0|0	0.03	0.97,0.03,0
NA18555	0|0	0	1,0,0
NA18562	0	0	1,0
NA18563	0	0	1,0
NA18582	1|0	1	0,1,0
NA18603	0	0	1,0
NA18606	0	0	1,0
NA18621	1	1	0,1
NA18622	1	1	0,1
NA18628	0|0	0	1,0,0
NA18632	0	0.04	0.96,0.04
NA18636	0	0.02	0.98,0.02
NA18647	0	0	1,0
NA18942	1|1	1.86	0,0.14,0.86
NA18945	0	0	1,0
NA18947	0|0	0	1,0,0
NA18951	1|0	1	0,1,0
NA18952	0	0	1,0
NA18953	0	0	1,0
NA18956	1|0	1	0,1,0
NA18965	1	1	0,1
NA18970	0	0	1,0
NA18973	0|1	1	0,1,0
NA18977	0	0	1,0
NA18987	1|0	1	0,1,0
NA18990	0	0	1,0
NA18995	1	1	0,1
NA19003	0|0	0	1,0,0
NA19010	0|0	0	1,0,0
