NA18498	1|0	1.15	0.15,0.55,0.3
NA18502	1|1	2	0,0,1
NA18507	0|0	0	1,0,0
NA18508	1|0	1	0,1,0
NA18517	1|0	0.94	0.06,0.94,0
NA18519	0|0	0.36	0.64,0.36,0
NA18861	0|1	0.66	0.34,0.66,0
NA18867	0|0	0.03	0.97,0.03,0
NA18870	1|1	2	0,0,1
NA18910	0|1	1.1	0,0.9,0.1
NA18912	0|1	1	0,1,0
NA19092	1|0	1.09	0.01,0.89,0.1
NA19093	1|0	0.99	0.01,0.99,0
NA19098	1|0	0.62	0.38,0.62,0
NA19099	0|0	0	1,0,0
NA19102	0|0	0	1,0,0
NA19108	0|0	0.41	0.59,0.41,0
NA19116	0|1	1	0,1,0
NA19118	0|0	0.03	0.97,0.03,0
NA19119	0|1	1.02	0,0.98,0.02
NA19129	0|0	0	1,0,0
NA19130	0|1	1	0,1,0
NA19131	1|0	1	0,1,0
NA19137	0|0	0	1,0,0
NA19141	0|0	0	1,0,0
NA19143	0|0	0	1,0,0
NA19146	0|0	0.42	0.58,0.42,0
NA19150	0|0	0	1,0,0
NA19152	0|0	0	1,0,0
NA19159	1|0	1	0.02,0.95,0.02
NA19160	0|0	0	1,0,0
NA19171	0|0	0	1,0,0
NA19172	1|1	2	0,0,1
NA19189	0|1	0.78	0.22,0.78,0
NA19200	0|0	0	1,0,0
NA19201	0|0	0.13	0.87,0.13,0
NA19204	1|1	1.79	0,0.21,0.79
NA19206	0|0	0	1,0,0
NA19207	1|0	1	0,1,0
NA19209	0|0	0	1,0,0
NA19213	0|0	0	1,0,0
NA19223	0|0	0	1,0,0
NA19240	0|1	1	0,1,0
