NA18526	1|0	0.9	0.1,0.9,0
NA18532	1|1	2	0,0,1
NA18537	0|0	0	1,0,0
NA18547	0|0	0.1	0.9,0.1,0
NA18550	0|0	0.53	0.51,0.46,0.04
NA18555	0|0	0	1,0,0
NA18562	1|1	1.52	0.01,0.45,0.54
NA18563	1|0	1.12	0,0.88,0.12
NA18566	1|1	2	0,0,1
NA18572	0|1	1.09	0,0.91,0.09
NA18582	1|1	2	0,0,1
NA18603	0|1	1.37	0.01,0.62,0.37
NA18605	0|0	0.43	0.57,0.43,0
NA18606	1|1	2	0,0,1
NA18621	1|0	1.04	0,0.96,0.04
NA18622	0|0	0	1,0,0
NA18628	1|1	2	0,0,1
NA18632	1|1	2	0,0,1
NA18636	1|1	1.98	0,0.02,0.98
NA18647	0|0	0.08	0.92,0.08,0
NA18942	0|1	0.71	0.31,0.68,0.02
NA18943	0|1	1.16	0.01,0.82,0.17
NA18945	0|0	0	1,0,0
NA18947	0|1	1	0,1,0
NA18949	0|0	0	1,0,0
NA18951	0|0	0	1,0,0
NA18952	1|0	1	0,1,0
NA18953	0|0	0	1,0,0
NA18956	0|0	0.04	0.96,0.04,0
NA18964	0|0	0	1,0,0
NA18965	0|0	0	1,0,0
NA18970	0|0	0	1,0,0
NA18973	0|0	0	1,0,0
NA18974	0|0	0.01	0.99,0.01,0
NA18977	0|0	0.01	0.99,0.01,0
NA18987	0|0	0.09	0.91,0.09,0
NA18990	0|0	0	1,0,0
NA18994	0|0	0	1,0,0
NA18995	0|0	0	1,0,0
NA19000	0|0	0	1,0,0
NA19003	1|0	1	0,1,0
NA19010	1|0	1.09	0,0.91,0.09
