NA18498	1	1	0,1
NA18502	1|0	1	0,1,0
NA18505	0|1	1	0,1,0
NA18507	1	1	0,1
NA18508	1|1	1.88	0,0.12,0.88
NA18517	1|1	1.81	0,0.19,0.81
NA18519	1	1	0,1
NA18867	1|0	1	0,1,0
NA18870	1|1	2	0,0,1
NA18910	0	0.45	0.55,0.45
NA19092	1	1	0,1
NA19098	1	1	0,1
NA19099	1|1	1.57	0,0.43,0.57
NA19102	1|1	1.96	0,0.04,0.96
NA19108	0|1	0.76	0.24,0.75,0.01
NA19118	0|0	0	1,0,0
NA19119	1	0.99	0.01,0.99
NA19129	0|0	0	1,0,0
NA19130	1	1	0,1
NA19141	1	0.01	0.01,0.02
NA19146	1	1	0,1
NA19150	1	1	0,1
NA19152	1|0	1.32	0,0.68,0.32
NA19160	0	0	1,0
NA19171	0	0	1,0
NA19189	1	0	0.01,0
NA19204	0|1	1	0,1,0
NA19206	1|1	2	0,0,1
NA19207	1	1	0,1
NA19209	0|1	1	0,1,0
NA19213	1	1	0,1
NA19240	0|1	1	0,1,0
NA11829	0	0	1,0
NA11830	1|0	1	0,1,0
NA11831	0	0	1,0
NA11832	0|0	0	1,0,0
NA11840	0|0	0	1,0,0
NA11881	0	0	1,0
NA11994	0	0	1,0
NA11995	0|0	0	1,0,0
NA12004	0|0	0	1,0,0
NA12005	1	1	0,1
NA12043	0	0	1,0
NA12044	0|0	0	1,0,0
NA12144	0	0	1,0
NA12154	0	0	1,0
NA12155	0	0	1,0
NA12156	0|1	1	0,1,0
NA12234	1|0	1	0,1,0
NA12717	0|0	0	1,0,0
NA12750	1	1	0,1
NA12760	0	0	1,0
NA12761	0|0	0	1,0,0
NA12762	0	0	1,0
NA12763	0|0	0	1,0,0
NA12812	0	0	1,0
NA12813	1|0	1	0,1,0
NA12814	1	1	0,1
NA12815	0|1	1	0,1,0
NA12872	1	1	0,1
NA12873	0|0	0	1,0,0
NA12874	1	1	0,1
NA12878	0|0	0	1,0,0
NA18526	1|1	2	0,0,1
NA18537	0|0	0	1,0,0
NA18550	0|0	0.16	0.84,0.16,0
NA18555	0|0	0	1,0,0
NA18562	0	0	1,0
NA18563	0	0	1,0
NA18582	0|1	1	0,1,0
NA18603	0	0	1,0
NA18606	0	0	1,0
NA18621	1	1	0,1
NA18622	1	1	0,1
NA18628	0|0	0	1,0,0
NA18632	0	0.04	0.96,0.04
NA18636	0	0	1,0
NA18647	0	0	1,0
NA18942	1|0	1	0,1,0
NA18945	0	0	1,0
NA18947	0|0	0	1,0,0
NA18951	1|0	1	0,1,0
NA18952	0	0	1,0
NA18953	0	0	1,0
NA18956	0|1	1	0,1,0
NA18965	1	1	0,1
NA18970	0	0	1,0
NA18973	1|0	1	0,1,0
NA18977	0	0	1,0
NA18987	1|0	1	0,1,0
NA18990	0	0	1,0
NA18995	1	1	0,1
NA19003	0|0	0	1,0,0
NA19010	0|0	0	1,0,0
