NA18498	1|1	2	0,0,1
NA18500	0|1	1	0,1,0
NA18501	0|1	1	0,1,0
NA18502	1|1	2	0,0,1
NA18503	1|1	2	0,0,1
NA18504	1|1	2	0,0,1
NA18505	1|1	2	0,0,1
NA18506	1|1	2	0,0,1
NA18507	1|1	2	0,0,1
NA18508	1|1	2	0,0,1
NA18515	1|1	2	0,0,1
NA18516	1|1	2	0,0,1
NA18517	1|1	2	0,0,1
NA18519	1|1	2	0,0,1
NA18521	1|1	2	0,0,1
NA18522	1|1	2	0,0,1
NA18523	1|1	2	0,0,1
NA18852	1|1	2	0,0,1
NA18853	1|1	2	0,0,1
NA18854	1|1	2	0,0,1
NA18855	1|1	2	0,0,1
NA18856	1|1	2	0,0,1
NA18857	1|1	2	0,0,1
NA18858	1|1	2	0,0,1
NA18859	1|1	2	0,0,1
NA18860	1|1	2	0,0,1
NA18861	1|1	2	0,0,1
NA18862	1|1	2	0,0,1
NA18863	1|1	2	0,0,1
NA18867	1|1	2	0,0,1
NA18870	1|1	2	0,0,1
NA18871	1|1	2	0,0,1
NA18872	1|1	2	0,0,1
NA18910	1|1	2	0,0,1
NA18912	1|1	2	0,0,1
NA18913	1|1	2	0,0,1
NA18914	1|1	2	0,0,1
NA19027	1|1	2	0,0,1
NA19028	1|1	2	0,0,1
NA19031	1|1	2	0,0,1
NA19035	1|1	2	0,0,1
NA19036	1|1	2	0,0,1
NA19038	1|1	2	0,0,1
NA19041	1|1	2	0,0,1
NA19092	1|1	2	0,0,1
NA19093	1|1	2	0,0,1
NA19094	1|1	2	0,0,1
NA19098	1|1	2	0,0,1
NA19099	1|1	2	0,0,1
NA19100	1|1	2	0,0,1
NA19101	1|1	2	0,0,1
NA19102	1|1	2	0,0,1
NA19103	1|1	2	0,0,1
NA19108	1|1	2	0,0,1
NA19116	1|1	2	0,0,1
NA19118	1|1	2	0,0,1
NA19119	1|1	2	0,0,1
NA19120	1|1	2	0,0,1
NA19127	1|1	2	0,0,1
NA19128	1|1	2	0,0,1
NA19129	1|1	2	0,0,1
NA19130	1|1	2	0,0,1
NA19131	1|1	2	0,0,1
NA19132	1|1	2	0,0,1
NA19137	1|1	2	0,0,1
NA19138	1|1	2	0,0,1
NA19139	1|1	2	0,0,1
NA19140	1|1	2	0,0,1
NA19141	1|1	2	0,0,1
NA19142	1|1	2	0,0,1
NA19143	1|1	2	0,0,1
NA19144	1|1	2	0,0,1
NA19145	1|1	2	0,0,1
NA19146	1|1	2	0,0,1
NA19150	1|1	2	0,0,1
NA19152	1|1	2	0,0,1
NA19153	1|1	2	0,0,1
NA19154	1|1	2	0,0,1
NA19159	1|1	2	0,0,1
NA19160	1|1	2	0,0,1
NA19161	1|1	2	0,0,1
NA19171	1|1	2	0,0,1
NA19172	1|1	2	0,0,1
NA19173	1|1	2	0,0,1
NA19189	1|1	2	0,0,1
NA19200	1|1	2	0,0,1
NA19201	1|1	2	0,0,1
NA19202	1|1	2	0,0,1
NA19203	1|1	2	0,0,1
NA19204	1|1	2	0,0,1
NA19205	1|1	2	0,0,1
NA19206	1|1	2	0,0,1
NA19207	1|1	2	0,0,1
NA19208	1|1	2	0,0,1
NA19209	1|1	2	0,0,1
NA19210	1|1	2	0,0,1
NA19211	1|1	2	0,0,1
NA19213	1|1	2	0,0,1
NA19221	1|1	2	0,0,1
NA19222	1|1	2	0,0,1
NA19223	1|1	2	0,0,1
NA19238	1|1	2	0,0,1
NA19239	1|1	2	0,0,1
NA19240	1|1	2	0,0,1
NA19307	1|1	2	0,0,1
NA19308	1|1	2	0,0,1
NA19309	1|1	2	0,0,1
NA19310	1|1	2	0,0,1
NA19314	1|1	2	0,0,1
NA19315	1|1	2	0,0,1
NA19316	1|1	2	0,0,1
NA19317	1|1	2	0,0,1
NA19318	1|1	2	0,0,1
NA19319	1|1	2	0,0,1
NA19321	1|1	2	0,0,1
NA19324	1|1	2	0,0,1
NA19327	1|1	2	0,0,1
NA19328	1|1	2	0,0,1
NA19332	1|1	2	0,0,1
NA19334	1|1	2	0,0,1
NA19346	1|1	2	0,0,1
NA19347	1|1	2	0,0,1
NA19350	1|1	2	0,0,1
NA19360	1|1	2	0,0,1
NA19372	1|1	2	0,0,1
NA19374	1|1	2	0,0,1
NA19375	1|1	2	0,0,1
NA19376	1|1	2	0,0,1
NA19377	1|1	2	0,0,1
NA19379	1|1	2	0,0,1
NA19380	1|1	2	0,0,1
NA19383	1|1	2	0,0,1
NA19384	1|1	2	0,0,1
NA19385	1|1	2	0,0,1
NA19390	1|1	2	0,0,1
NA19391	1|1	2	0,0,1
NA19393	1|1	2	0,0,1
NA19394	1|1	2	0,0,1
NA19397	1|1	2	0,0,1
NA19399	1|1	2	0,0,1
NA19403	1|1	2	0,0,1
NA19404	1|1	2	0,0,1
NA19428	1|1	2	0,0,1
NA19429	1|1	2	0,0,1
NA19430	1|1	2	0,0,1
NA19431	1|1	2	0,0,1
NA19434	1|1	2	0,0,1
NA19435	1|1	2	0,0,1
NA19436	1|1	2	0,0,1
NA19437	1|1	2	0,0,1
NA19438	1|1	2	0,0,1
NA19439	1|1	2	0,0,1
NA19440	1|1	2	0,0,1
NA19443	1|1	2	0,0,1
NA19445	1|1	2	0,0,1
NA19446	1|1	2	0,0,1
NA19448	1|1	2	0,0,1
NA19449	1|1	2	0,0,1
NA19451	1|1	2	0,0,1
NA19452	1|1	2	0,0,1
NA19455	1|1	2	0,0,1
NA19456	1|1	2	0,0,1
NA19457	1|1	2	0,0,1
NA19462	1|1	2	0,0,1
NA19463	1|1	2	0,0,1
NA19466	1|1	2	0,0,1
NA19467	1|1	2	0,0,1
NA19468	1|1	2	0,0,1
NA19471	1|1	2	0,0,1
NA19472	1|1	2	0,0,1
NA19473	1|1	2	0,0,1
NA19474	1|1	2	0,0,1
NA06985	1|0	1	0,1,0
NA06991	0|0	0	1,0,0
NA06993	0|1	1	0,1,0
NA06994	0|1	1	0,1,0
NA07000	0|1	1	0,1,0
NA07019	1|0	1	0,1,0
NA07022	0|1	1	0,1,0
NA07029	1|0	1	0,1,0
NA07034	1|1	2	0,0,1
NA07048	1|1	2	0,0,1
NA07055	1|1	2	0,0,1
NA07056	1|1	2	0,0,1
NA07345	0|1	1	0,1,0
NA07348	1|1	2	0,0,1
NA07357	1|1	2	0,0,1
NA10830	1|1	2	0,0,1
NA10831	1|1	2	0,0,1
NA10835	1|1	2	0,0,1
NA10838	1|1	2	0,0,1
NA10839	1|1	2	0,0,1
NA10846	0|1	1	0,1,0
NA10847	1|1	2	0,0,1
NA10851	1|1	2	0,0,1
NA10854	1|1	2	0,0,1
NA10855	0|1	1	0,1,0
NA10856	1|1	2	0,0,1
NA10857	1|0	1	0,1,0
NA10859	1|1	2	0,0,1
NA10860	1|1	2	0,0,1
NA10861	1|1	2	0,0,1
NA10863	0|1	1	0,1,0
NA11829	1|1	2	0,0,1
NA11830	1|1	2	0,0,1
NA11831	1|0	1	0,1,0
NA11832	1|1	2	0,0,1
NA11839	1|0	1	0,1,0
NA11840	1|1	2	0,0,1
NA11881	1|1	2	0,0,1
NA11882	1|1	2	0,0,1
NA11992	0|1	1	0,1,0
NA11993	1|1	2	0,0,1
NA11994	1|1	2	0,0,1
NA11995	1|1	2	0,0,1
NA12003	1|1	2	0,0,1
NA12004	1|1	2	0,0,1
NA12005	1|1	2	0,0,1
NA12006	1|1	2	0,0,1
NA12043	1|1	2	0,0,1
NA12044	0|1	1	0,1,0
NA12056	0|1	1	0,1,0
NA12057	1|1	2	0,0,1
NA12144	1|1	2	0,0,1
NA12145	1|0	1	0,1,0
NA12146	0|1	1	0,1,0
NA12154	1|1	2	0,0,1
NA12155	1|1	2	0,0,1
NA12156	1|1	2	0,0,1
NA12234	1|1	2	0,0,1
NA12236	1|1	2	0,0,1
NA12239	1|1	2	0,0,1
NA12248	1|1	2	0,0,1
NA12249	1|1	2	0,0,1
NA12264	1|0	1	0,1,0
NA12707	1|1	2	0,0,1
NA12716	1|0	1	0,1,0
NA12717	1|1	2	0,0,1
NA12740	1|1	2	0,0,1
NA12750	1|1	2	0,0,1
NA12751	1|1	2	0,0,1
NA12752	1|1	2	0,0,1
NA12753	1|1	2	0,0,1
NA12760	1|1	2	0,0,1
NA12761	1|1	2	0,0,1
NA12762	1|1	2	0,0,1
NA12763	1|1	2	0,0,1
NA12801	0|1	1	0,1,0
NA12802	1|0	1	0,1,0
NA12812	1|0	1	0,1,0
NA12813	1|1	2	0,0,1
NA12814	0|0	0	1,0,0
NA12815	1|1	2	0,0,1
NA12864	1|1	2	0,0,1
NA12865	1|1	2	0,0,1
NA12872	1|1	2	0,0,1
NA12873	1|1	2	0,0,1
NA12874	1|1	2	0,0,1
NA12875	1|1	2	0,0,1
NA12878	1|0	1	0,1,0
NA12891	1|0	1	0,1,0
NA12892	1|1	2	0,0,1
NA20502	1|1	2	0,0,1
NA20504	1|1	2	0,0,1
NA20505	0|0	0	1,0,0
NA20506	1|0	1	0,1,0
NA20508	1|1	2	0,0,1
NA20509	1|1	2	0,0,1
NA20510	1|1	2	0,0,1
NA20512	1|1	2	0,0,1
NA20515	1|1	2	0,0,1
NA20516	0|0	0	1,0,0
NA20517	1|1	2	0,0,1
NA20518	1|1	1.98	0,0.02,0.98
NA20519	1|0	1.42	0,0.58,0.42
NA20520	1|0	1	0,1,0
NA20521	1|1	2	0,0,1
NA20522	1|1	2	0,0,1
NA20524	1|1	2	0,0,1
NA20525	0|1	1	0,1,0
NA20527	1|1	2	0,0,1
NA20528	1|0	1	0,1,0
NA20529	1|0	1	0,1,0
NA20530	0|1	1	0,1,0
NA20531	1|1	2	0,0,1
NA20534	1|1	2	0,0,1
NA20535	1|1	2	0,0,1
NA20538	1|1	2	0,0,1
NA20539	1|1	2	0,0,1
NA20540	1|1	2	0,0,1
NA20541	1|1	2	0,0,1
NA20542	1|1	2	0,0,1
NA20543	1|1	2	0,0,1
NA20544	1|1	2	0,0,1
NA20581	1|1	2	0,0,1
NA20582	1|1	2	0,0,1
NA20585	1|1	2	0,0,1
NA20586	0|1	1	0,1,0
NA20588	1|0	1	0,1,0
NA20589	1|0	1	0,1,0
NA20752	1|0	1.34	0,0.66,0.34
NA20753	1|0	0.99	0.01,0.99,0
NA20754	1|1	2	0,0,1
NA20755	1|1	2	0,0,1
NA20756	1|1	2	0,0,1
NA20757	1|1	2	0,0,1
NA20758	1|1	2	0,0,1
NA20759	0|1	1.01	0,0.99,0.01
NA20760	1|1	2	0,0,1
NA20761	1|0	1	0,1,0
NA20765	1|1	2	0,0,1
NA20766	1|0	1	0,1,0
NA20768	0|0	0	1,0,0
NA20769	1|1	2	0,0,1
NA20770	0|1	1	0,1,0
NA20771	1|1	2	0,0,1
NA20772	1|1	2	0,0,1
NA20773	1|1	2	0,0,1
NA20774	1|1	2	0,0,1
NA20775	1|1	2	0,0,1
NA20778	0|1	1	0,1,0
NA20783	1|1	2	0,0,1
NA20785	1|1	2	0,0,1
NA20786	1|1	2	0,0,1
NA20787	1|1	2	0,0,1
NA20790	1|1	2	0,0,1
NA20792	1|0	1	0,1,0
NA20795	1|1	2	0,0,1
NA20796	1|1	2	0,0,1
NA20797	1|1	2	0,0,1
NA20798	1|1	2	0,0,1
NA20799	1|0	1.03	0,0.97,0.03
NA20800	1|1	2	0,0,1
NA20801	1|1	2	0,0,1
NA20802	1|1	2	0,0,1
NA20803	1|1	2	0,0,1
NA20804	1|1	2	0,0,1
NA20805	1|1	2	0,0,1
NA20806	1|1	2	0,0,1
NA20807	0|1	1	0,1,0
NA20808	1|1	2	0,0,1
NA20809	1|1	2	0,0,1
NA20810	1|0	1	0,1,0
NA20811	0|1	1.02	0,0.98,0.02
NA20812	1|1	2	0,0,1
NA20813	1|1	2	0,0,1
NA20815	1|0	1	0,1,0
NA20818	1|1	2	0,0,1
NA20819	1|1	2	0,0,1
NA20826	0|1	1	0,1,0
NA20828	1|1	2	0,0,1
NA18526	1|1	2	0,0,1
NA18532	1|1	2	0,0,1
NA18537	1|1	2	0,0,1
NA18542	1|1	2	0,0,1
NA18545	1|1	2	0,0,1
NA18547	1|1	2	0,0,1
NA18550	1|1	2	0,0,1
NA18552	1|1	2	0,0,1
NA18555	1|1	2	0,0,1
NA18558	1|1	2	0,0,1
NA18561	1|1	2	0,0,1
NA18562	1|1	2	0,0,1
NA18563	1|1	2	0,0,1
NA18564	1|1	2	0,0,1
NA18566	1|1	2	0,0,1
NA18570	1|1	2	0,0,1
NA18571	1|1	2	0,0,1
NA18572	1|1	2	0,0,1
NA18573	1|1	2	0,0,1
NA18577	1|1	2	0,0,1
NA18579	1|1	2	0,0,1
NA18582	1|1	2	0,0,1
NA18592	1|1	2	0,0,1
NA18593	1|1	2	0,0,1
NA18603	1|1	2	0,0,1
NA18605	1|1	2	0,0,1
NA18608	1|1	2	0,0,1
NA18609	1|1	2	0,0,1
NA18611	1|1	2	0,0,1
NA18612	1|1	2	0,0,1
NA18620	1|1	2	0,0,1
NA18621	1|1	2	0,0,1
NA18622	1|1	2	0,0,1
NA18623	1|1	2	0,0,1
NA18624	1|1	2	0,0,1
NA18632	1|1	2	0,0,1
NA18633	1|1	2	0,0,1
NA18635	1|1	2	0,0,1
NA18636	1|1	2	0,0,1
NA18637	1|1	2	0,0,1
NA18940	1|1	2	0,0,1
NA18942	1|1	2	0,0,1
NA18943	1|1	2	0,0,1
NA18944	1|1	2	0,0,1
NA18945	1|1	2	0,0,1
NA18947	1|1	2	0,0,1
NA18948	1|1	2	0,0,1
NA18949	1|1	2	0,0,1
NA18951	1|1	2	0,0,1
NA18952	1|1	2	0,0,1
NA18953	1|1	2	0,0,1
NA18956	1|1	2	0,0,1
NA18959	1|1	2	0,0,1
NA18960	1|1	2	0,0,1
NA18961	1|1	2	0,0,1
NA18964	1|1	2	0,0,1
NA18965	1|1	2	0,0,1
NA18966	1|1	2	0,0,1
NA18967	1|1	2	0,0,1
NA18968	1|1	2	0,0,1
NA18969	1|1	2	0,0,1
NA18970	1|1	2	0,0,1
NA18971	1|1	2	0,0,1
NA18972	1|1	2	0,0,1
NA18973	1|1	2	0,0,1
NA18974	1|1	2	0,0,1
NA18975	1|1	2	0,0,1
NA18976	1|1	2	0,0,1
NA18978	1|1	2	0,0,1
NA18980	1|1	2	0,0,1
NA18981	1|1	2	0,0,1
NA18987	1|1	2	0,0,1
NA18990	1|1	2	0,0,1
NA18991	1|1	2	0,0,1
NA18992	1|1	2	0,0,1
NA18994	1|1	2	0,0,1
NA18995	1|1	2	0,0,1
NA18997	1|1	2	0,0,1
NA18998	1|1	2	0,0,1
NA18999	1|1	2	0,0,1
NA19000	1|1	2	0,0,1
NA19003	1|1	2	0,0,1
NA19005	1|1	2	0,0,1
NA19007	1|1	2	0,0,1
NA19012	1|1	2	0,0,1
