NA11829	1|1	0,0.00199997,0.998
NA11830	1|0	0,0.997,0.003
NA11831	1|1	1.19999e-05,0.012976,0.987012
NA11832	1|1	0,0.00700003,0.993
NA11840	1|1	0,0.005,0.995
NA11881	1|1	0,0.00800002,0.992
NA11994	1|1	0,0.00300002,0.997
NA11995	1|1	0,0.00199997,0.998
NA12004	1|0	0.040959,0.958082,0.000959
NA12005	1|1	0,0.013,0.987
NA12043	0|1	0.00999999,0.99,0
NA12044	1|0	0,1,0
NA12144	0|0	1,0,0
NA12154	1|1	0,0,1
NA12155	0|1	0,0.997,0.003
NA12156	1|1	0,0,1
NA12234	1|1	0,0,1
NA12717	1|0	0,0.997,0.003
NA12750	1|1	0,0.00199997,0.998
NA12760	1|0	0.00699303,0.992014,0.000993
NA12761	1|0	0.00688803,0.977224,0.015888
NA12762	0|1	0,0.999,0.001
NA12763	1|1	0,0.009,0.991
NA12812	1|1	0,0.00599998,0.994
NA12813	1|1	0,0,1
NA12814	1|1	0,0,1
NA12815	0|0	0.999,0.001,0
NA12872	1|1	3.99996e-06,0.004992,0.995004
NA12873	0|1	0.004995,0.99401,0.000995
NA12874	1|0	0,1,0
NA12878	0|1	0.00300002,0.997,0
