NA18532	1|0	1	0,1,0
NA18537	1|1	2	0,0,1
NA18542	1|1	2	0,0,1
NA18545	0|1	0.7	0.3,0.7,0
NA18547	0|1	1.04	0,0.96,0.04
NA18550	1|0	1	0,1,0
NA18552	0|0	0.27	0.74,0.24,0.02
NA18555	0|0	0.42	0.58,0.42,0
NA18558	0|0	0	1,0,0
NA18561	0|0	0	1,0,0
NA18562	0|1	1.02	0.02,0.94,0.04
NA18563	1|1	1.98	0,0.02,0.98
NA18564	1|1	1.79	0.01,0.2,0.79
NA18566	0|0	0.47	0.54,0.46,0
NA18570	1|1	1.93	0,0.07,0.93
NA18571	1|0	1.2	0.09,0.63,0.28
NA18572	1|0	1	0,1,0
NA18573	0|1	0.92	0.08,0.92,0
NA18577	1|0	1	0,1,0
NA18579	1|0	0.96	0.04,0.96,0
NA18582	0|1	0.75	0.26,0.74,0
NA18592	1|0	1.07	0,0.92,0.08
NA18593	1|0	1.08	0,0.92,0.08
NA18603	0|1	1.01	0,0.99,0.01
NA18605	0|0	0.35	0.65,0.35,0
NA18608	0|0	0	1,0,0
NA18609	1|0	1	0,1,0
NA18611	0|0	0.11	0.89,0.11,0
NA18612	1|1	1.79	0,0.21,0.79
NA18620	1|1	1.96	0,0.04,0.96
NA18621	0|0	0.43	0.6,0.38,0.02
NA18622	1|0	1	0,1,0
NA18623	0|0	0.01	0.99,0.01,0
NA18624	1|0	0.91	0.09,0.91,0
NA18632	0|0	0.09	0.91,0.09,0
NA18633	0|1	0.78	0.22,0.78,0
NA18635	0|0	0.16	0.84,0.16,0
NA18636	1|0	1.01	0,0.99,0.01
NA18637	1|0	1.04	0,0.96,0.04
NA18940	0|1	1	0,1,0
NA18942	1|0	1	0,1,0
NA18943	0|0	0	1,0,0
NA18944	1|1	2	0,0,1
NA18945	1|0	0.67	0.34,0.65,0.01
NA18947	0|1	1	0,1,0
NA18948	0|1	1.38	0,0.62,0.38
NA18949	1|0	1	0,1,0
NA18951	0|0	0	1,0,0
NA18952	0|1	1	0,1,0
NA18953	1|1	2	0,0,1
NA18956	1|1	1.98	0,0.02,0.98
NA18959	1|1	1.81	0,0.19,0.81
NA18960	1|0	0.98	0.03,0.97,0
NA18961	0|1	0.76	0.24,0.76,0
NA18964	1|1	1.63	0,0.37,0.63
NA18965	0|1	1	0,1,0
NA18966	1|1	2	0,0,1
NA18967	1|1	1.83	0,0.17,0.83
NA18968	1|1	1.77	0,0.23,0.77
NA18969	0|0	0	1,0,0
NA18970	1|0	1	0,1,0
NA18971	1|0	0.67	0.33,0.66,0.01
NA18972	1|1	1.99	0,0.01,0.99
NA18973	0|0	0.11	0.89,0.11,0
NA18974	0|0	0	1,0,0
NA18975	0|0	0.12	0.88,0.12,0
NA18976	0|1	1.49	0,0.51,0.49
NA18978	0|0	0	1,0,0
NA18980	0|0	0.11	0.89,0.11,0
NA18981	0|0	0.25	0.76,0.23,0.01
NA18987	1|0	0.5	0.5,0.5,0
NA18990	0|0	0.01	0.99,0.01,0
NA18991	0|1	0.61	0.39,0.61,0
NA18992	1|0	1.09	0,0.91,0.09
NA18994	1|1	1.82	0,0.17,0.83
NA18995	0|1	0.98	0.02,0.98,0
NA18997	1|1	2	0,0,1
NA18998	1|0	0.79	0.21,0.79,0
NA18999	1|1	1.97	0,0.03,0.97
NA19000	0|1	0.99	0.01,0.99,0
NA19003	0|1	1.04	0.03,0.89,0.08
NA19005	1|1	2	0,0,1
NA19007	0|0	0.22	0.78,0.22,0
NA19012	1|1	2	0,0,1
