NA18498	1|0	1.12	0,0.88,0.12
NA18500	1|1	1.99	0,0.01,0.99
NA18501	0|1	1	0,1,0
NA18502	0|1	1.18	0,0.82,0.18
NA18503	1|1	2	0,0,1
NA18504	1|0	0.92	0.08,0.92,0
NA18505	0|0	0.07	0.93,0.07,0
NA18506	0|1	1	0,1,0
NA18507	0|0	0	1,0,0
NA18508	0|1	1	0,1,0
NA18515	1|0	1	0,1,0
NA18516	1|0	1	0,1,0
NA18517	0|1	0.65	0.35,0.65,0
NA18519	1|1	1.96	0,0.04,0.96
NA18521	0|0	0	1,0,0
NA18522	1|0	1	0,1,0
NA18523	0|0	0	1,0,0
NA18852	0|0	0	1,0,0
NA18853	0|0	0.08	0.92,0.08,0
NA18854	0|0	0	1,0,0
NA18855	0|1	1	0,1,0
NA18856	0|0	0	1,0,0
NA18857	0|0	0	1,0,0
NA18858	1|0	0.96	0.04,0.96,0
NA18859	1|1	2	0,0,1
NA18860	0|1	1	0,1,0
NA18861	1|0	0.99	0.01,0.99,0
NA18862	1|0	1	0,1,0
NA18863	1|0	1.5	0,0.5,0.5
NA18867	0|0	0	1,0,0
NA18870	1|0	1	0,1,0
NA18871	0|0	0.49	0.51,0.49,0
NA18872	0|0	0.03	0.97,0.03,0
NA18910	1|0	1.25	0,0.75,0.25
NA18912	0|1	1	0,1,0
NA18913	1|0	1	0,1,0
NA18914	0|0	0	1,0,0
NA19027	1|0	1	0,1,0
NA19028	1|1	1.66	0,0.34,0.66
NA19031	0|1	1	0,1,0
NA19035	1|0	1.01	0,0.99,0.01
NA19036	1|1	2	0,0,1
NA19038	1|0	0.71	0.29,0.71,0
NA19041	0|1	0.96	0.04,0.96,0
NA19092	0|0	0	1,0,0
NA19093	0|0	0	1,0,0
NA19094	0|0	0	1,0,0
NA19099	0|0	0.04	0.96,0.04,0
NA19100	0|0	0	1,0,0
NA19101	1|0	1.45	0,0.55,0.45
NA19102	1|1	2	0,0,1
NA19103	1|1	2	0,0,1
NA19108	1|1	2	0,0,1
NA19116	0|0	0.44	0.56,0.44,0
NA19118	0|1	1.06	0.19,0.56,0.25
NA19119	1|1	2	0,0,1
NA19120	1|0	1	0,1,0
NA19127	0|1	1	0,1,0
NA19128	1|1	2	0,0,1
NA19129	1|1	2	0,0,1
NA19130	1|0	1	0,1,0
NA19131	1|1	1.95	0,0.05,0.95
NA19132	1|0	1	0,1,0
NA19137	1|1	2	0,0,1
NA19138	1|1	2	0,0,1
NA19139	1|1	2	0,0,1
NA19140	0|0	0	1,0,0
NA19141	1|0	1	0,1,0
NA19142	0|0	0	1,0,0
NA19143	1|1	2	0,0,1
NA19144	1|1	2	0,0,1
NA19146	0|0	0	1,0,0
NA19150	1|0	1.02	0,0.98,0.02
NA19152	0|1	1	0,1,0
NA19153	1|1	2	0,0,1
NA19154	1|1	2	0,0,1
NA19159	1|0	1.31	0,0.69,0.31
NA19160	1|0	1	0,1,0
NA19161	1|1	2	0,0,1
NA19171	1|1	2	0,0,1
NA19172	1|0	1	0,1,0
NA19173	0|1	1	0,1,0
NA19189	1|1	1.93	0,0.07,0.93
NA19200	1|0	1.02	0,0.98,0.02
NA19201	1|1	2	0,0,1
NA19202	1|0	1	0,1,0
NA19203	0|0	0.05	0.95,0.05,0
NA19204	1|0	1	0,1,0
NA19205	0|0	0	1,0,0
NA19206	0|0	0	1,0,0
NA19207	1|1	2	0,0,1
NA19208	1|0	1	0,1,0
NA19209	1|0	0.91	0.09,0.91,0
NA19210	1|1	2	0,0,1
NA19211	1|0	1	0,1,0
NA19213	1|0	1	0,1,0
NA19221	1|0	1	0,1,0
NA19222	1|1	2	0,0,1
NA19223	0|0	0.09	0.91,0.09,0
NA19238	1|1	1.91	0,0.09,0.91
NA19239	1|1	2	0,0,1
NA19240	1|1	2	0,0,1
NA19307	0|1	1	0,1,0
NA19308	0|0	0	1,0,0
NA19309	1|1	1.6	0,0.4,0.6
NA19310	0|0	0	1,0,0
NA19314	0|0	0.02	0.98,0.02,0
NA19315	0|0	0.01	0.99,0.01,0
NA19316	0|1	1.17	0.01,0.81,0.18
NA19317	0|0	0	1,0,0
NA19318	1|1	1.68	0.01,0.29,0.7
NA19319	0|1	1	0,1,0
NA19321	0|0	0	1,0,0
NA19324	0|1	1	0,1,0
NA19327	1|0	1.03	0,0.97,0.03
NA19328	1|1	1.93	0,0.07,0.93
NA19332	0|0	0	1,0,0
NA19334	0|0	0.29	0.71,0.28,0.01
NA19346	0|1	0.85	0.15,0.85,0
NA19347	1|0	1	0,1,0
NA19350	1|0	1	0,1,0
NA19360	0|0	0	1,0,0
NA19372	0|1	1	0,1,0
NA19374	0|0	0	1,0,0
NA19375	1|0	1	0,1,0
NA19376	1|0	1	0,1,0
NA19377	1|1	1.59	0,0.41,0.59
NA19379	1|0	0.87	0.13,0.87,0
NA19380	0|0	0	1,0,0
NA19383	1|0	1.13	0.18,0.52,0.3
NA19384	0|0	0	1,0,0
NA19385	0|1	0.53	0.47,0.53,0
NA19390	0|0	0	1,0,0
NA19391	0|0	0.12	0.88,0.11,0.01
NA19393	0|1	0.94	0.06,0.94,0
NA19394	1|0	0.99	0.01,0.99,0
NA19397	0|1	0.93	0.07,0.93,0
NA19399	1|1	1.42	0.08,0.42,0.5
NA19403	1|1	1.89	0,0.11,0.89
NA19404	0|1	1	0,1,0
NA19428	0|1	0.98	0.02,0.98,0
NA19430	0|1	1.01	0,0.99,0.01
NA19431	0|1	1	0,1,0
NA19434	0|1	1	0,1,0
NA19435	0|0	0	1,0,0
NA19436	0|0	0	1,0,0
NA19437	0|1	1	0,1,0
NA19438	0|0	0	1,0,0
NA19439	0|0	0.4	0.6,0.4,0
NA19440	0|0	0	1,0,0
NA19443	0|1	1.29	0,0.71,0.29
NA19445	1|1	2	0,0,1
NA19446	1|0	1	0,1,0
NA19448	0|0	0.17	0.83,0.17,0
NA19449	0|1	1.14	0.18,0.5,0.32
NA19451	0|0	0	1,0,0
NA19452	0|0	0.4	0.6,0.4,0
NA19455	0|0	0	1,0,0
NA19456	0|0	0	1,0,0
NA19457	0|1	1	0,1,0
NA19462	1|1	2	0,0,1
NA19463	1|0	1	0,1,0
NA19466	1|0	1	0,1,0
NA19467	0|0	0	1,0,0
NA19468	0|0	0	1,0,0
NA19471	1|1	2	0,0,1
NA19472	0|1	1	0,1,0
NA19473	0|1	1	0,1,0
NA19474	0|0	0	1,0,0
NA06985	1|0	1	0,1,0
NA06991	0|1	1	0,1,0
NA06993	1|1	2	0,0,1
NA06994	1|1	1.95	0,0.05,0.95
NA07000	1|0	1	0,1,0
NA07019	1|1	2	0,0,1
NA07022	1|1	2	0,0,1
NA07029	1|0	1	0,1,0
NA07034	1|1	1.99	0,0.01,0.99
NA07048	1|0	1	0,1,0
NA07055	1|0	0.79	0.21,0.79,0
NA07056	0|1	0.94	0.06,0.94,0
NA07345	0|0	0.01	0.99,0.01,0
NA07348	0|0	0	1,0,0
NA07357	0|1	1	0,1,0
NA10830	0|1	1	0,1,0
NA10831	1|1	2	0,0,1
NA10835	0|1	1	0,1,0
NA10838	1|0	1	0,1,0
NA10839	1|0	1	0,1,0
NA10846	0|1	1	0,1,0
NA10847	1|1	2	0,0,1
NA10851	1|0	1	0,1,0
NA10854	1|0	1	0,1,0
NA10855	0|1	1	0,1,0
NA10856	1|1	2	0,0,1
NA10857	1|1	2	0,0,1
NA10859	0|0	0	1,0,0
NA10860	1|1	2	0,0,1
NA10861	1|1	2	0,0,1
NA10863	0|1	1	0,1,0
NA11829	1|1	1.96	0,0.04,0.96
NA11830	1|1	1.99	0,0.01,0.99
NA11831	1|1	1.59	0,0.41,0.59
NA11832	1|0	0.95	0.05,0.95,0
NA11839	0|1	0.85	0.15,0.85,0
NA11840	1|1	2	0,0,1
NA11881	0|1	1	0,1,0
NA11882	0|1	1	0,1,0
NA11992	1|0	1	0,1,0
NA11993	1|1	2	0,0,1
NA11994	1|0	1	0,1,0
NA11995	1|1	1.99	0,0.01,0.99
NA12003	1|0	1	0,1,0
NA12004	0|0	0	1,0,0
NA12005	0|0	0	1,0,0
NA12006	1|1	2	0,0,1
NA12043	1|1	2	0,0,1
NA12044	0|1	1	0,1,0
NA12056	0|1	1	0,1,0
NA12057	0|1	1	0,1,0
NA12144	0|1	1	0,1,0
NA12145	1|1	2	0,0,1
NA12146	1|1	2	0,0,1
NA12154	0|1	1	0,1,0
NA12155	0|1	1.17	0,0.83,0.17
NA12156	1|0	1	0,1,0
NA12234	1|0	1	0,1,0
NA12236	0|1	1.26	0,0.74,0.26
NA12239	1|1	1.8	0.01,0.19,0.8
NA12248	0|1	1	0,1,0
NA12249	0|1	0.98	0.02,0.98,0
NA12264	1|1	1.97	0,0.03,0.97
NA12707	0|0	0.02	0.98,0.02,0
NA12716	0|1	1.12	0,0.88,0.12
NA12717	0|0	0.29	0.71,0.29,0
NA12740	0|1	1.22	0,0.78,0.22
NA12750	1|1	1.93	0,0.07,0.93
NA12751	1|1	2	0,0,1
NA12752	1|1	2	0,0,1
NA12753	1|0	1	0,1,0
NA12760	1|0	1	0,1,0
NA12761	1|1	1.9	0,0.1,0.9
NA12762	1|1	1.99	0,0.01,0.99
NA12763	0|1	1	0,1,0
NA12801	0|0	0	1,0,0
NA12802	1|1	1.99	0,0.01,0.99
NA12812	0|0	0.28	0.72,0.28,0
NA12813	0|0	0	1,0,0
NA12814	1|1	1.78	0.01,0.2,0.79
NA12815	1|0	1	0,1,0
NA12864	1|1	2	0,0,1
NA12865	0|1	1	0,1,0
NA12872	1|1	2	0,0,1
NA12873	1|1	2	0,0,1
NA12874	0|1	1	0,1,0
NA12875	1|1	2	0,0,1
NA12878	1|1	2	0,0,1
NA12891	1|1	1.98	0,0.02,0.98
NA12892	1|0	1	0,1,0
NA20502	1|0	1	0,1,0
NA20504	1|0	1	0,1,0
NA20505	1|0	1	0,1,0
NA20506	1|1	1.99	0,0.01,0.99
NA20508	1|1	2	0,0,1
NA20509	0|1	1	0,1,0
NA20510	0|1	1	0,1,0
NA20512	0|0	0	1,0,0
NA20515	0|1	1	0,1,0
NA20516	1|0	0.78	0.22,0.78,0
NA20517	0|0	0.01	0.99,0.01,0
NA20518	1|1	2	0,0,1
NA20519	0|0	0.49	0.55,0.41,0.04
NA20520	0|0	0	1,0,0
NA20521	1|1	1.93	0,0.07,0.93
NA20522	1|1	1.93	0,0.07,0.93
NA20524	1|1	2	0,0,1
NA20525	1|1	2	0,0,1
NA20527	0|1	1	0,1,0
NA20528	0|1	1	0,1,0
NA20529	0|1	1	0,1,0
NA20530	0|0	0	1,0,0
NA20531	1|1	2	0,0,1
NA20534	1|0	1	0,1,0
NA20535	0|1	1.13	0.04,0.78,0.18
NA20538	0|1	1	0,1,0
NA20539	0|0	0	1,0,0
NA20540	1|1	1.93	0,0.07,0.93
NA20541	1|1	2	0,0,1
NA20542	1|0	0.95	0.05,0.95,0
NA20543	1|1	2	0,0,1
NA20544	1|1	1.97	0,0.03,0.97
NA20581	1|0	1	0,1,0
NA20582	1|0	1	0,1,0
NA20585	1|0	0.93	0.07,0.93,0
NA20586	0|1	1	0,1,0
NA20588	0|1	1.39	0.03,0.56,0.41
NA20589	1|0	1	0,1,0
NA20752	1|1	2	0,0,1
NA20753	1|0	1	0,1,0
NA20754	0|0	0.03	0.97,0.03,0
NA20755	0|1	0.95	0.05,0.95,0
NA20756	0|0	0	1,0,0
NA20757	1|0	0.99	0.01,0.99,0
NA20758	1|1	2	0,0,1
NA20759	1|0	1	0,1,0
NA20760	1|0	1	0,1,0
NA20761	1|0	1	0,1,0
NA20765	0|0	0.47	0.53,0.47,0
NA20766	1|0	1	0,1,0
NA20768	1|0	1.11	0,0.89,0.11
NA20769	1|0	0.92	0.08,0.92,0
NA20770	1|0	1	0,1,0
NA20771	0|1	1	0,1,0
NA20772	0|1	0.95	0.05,0.95,0
NA20773	1|1	2	0,0,1
NA20774	1|1	1.73	0,0.27,0.73
NA20775	0|0	0.15	0.85,0.15,0
NA20778	0|0	0.12	0.88,0.12,0
NA20783	1|1	2	0,0,1
NA20785	1|1	1.93	0,0.07,0.93
NA20786	1|0	0.94	0.06,0.94,0
NA20787	1|1	2	0,0,1
NA20790	1|1	2	0,0,1
NA20792	0|0	0.12	0.88,0.12,0
NA20795	1|0	1.38	0.01,0.6,0.39
NA20796	0|1	1	0,1,0
NA20797	1|0	1	0,1,0
NA20798	1|1	2	0,0,1
NA20799	0|1	1	0,1,0
NA20800	1|1	1.76	0,0.24,0.76
NA20801	1|0	1	0,1,0
NA20802	1|1	2	0,0,1
NA20803	0|1	1	0,1,0
NA20804	1|1	2	0,0,1
NA20805	1|0	1	0,1,0
NA20806	1|1	2	0,0,1
NA20807	1|1	1.73	0,0.27,0.73
NA20808	1|1	2	0,0,1
NA20809	0|0	0	1,0,0
NA20810	0|1	1	0,1,0
NA20811	0|0	0	1,0,0
NA20812	1|0	1	0,1,0
NA20813	1|1	1.96	0,0.04,0.96
NA20815	1|1	2	0,0,1
NA20818	1|1	2	0,0,1
NA20819	0|0	0	1,0,0
NA20826	1|0	1	0,1,0
NA20828	1|1	2	0,0,1
NA18532	1|0	1	0,1,0
NA18537	1|1	2	0,0,1
NA18542	1|1	2	0,0,1
NA18545	0|1	0.7	0.3,0.7,0
NA18547	0|1	1.04	0,0.96,0.04
NA18550	1|0	1	0,1,0
NA18552	0|0	0.27	0.74,0.24,0.02
NA18555	0|0	0.42	0.58,0.42,0
NA18558	0|0	0	1,0,0
NA18561	0|0	0	1,0,0
NA18562	0|1	1.02	0.02,0.94,0.04
NA18563	1|1	1.98	0,0.02,0.98
NA18564	1|1	1.79	0.01,0.2,0.79
NA18566	0|0	0.47	0.54,0.46,0
NA18570	1|1	1.93	0,0.07,0.93
NA18571	1|0	1.2	0.09,0.63,0.28
NA18572	1|0	1	0,1,0
NA18573	0|1	0.92	0.08,0.92,0
NA18577	1|0	1	0,1,0
NA18579	1|0	0.96	0.04,0.96,0
NA18582	0|1	0.75	0.26,0.74,0
NA18592	1|0	1.07	0,0.92,0.08
NA18593	1|0	1.08	0,0.92,0.08
NA18603	0|1	1.01	0,0.99,0.01
NA18605	0|0	0.35	0.65,0.35,0
NA18608	0|0	0	1,0,0
NA18609	1|0	1	0,1,0
NA18611	0|0	0.11	0.89,0.11,0
NA18612	1|1	1.79	0,0.21,0.79
NA18620	1|1	1.96	0,0.04,0.96
NA18621	0|0	0.43	0.6,0.38,0.02
NA18622	1|0	1	0,1,0
NA18623	0|0	0.01	0.99,0.01,0
NA18624	1|0	0.91	0.09,0.91,0
NA18632	0|0	0.09	0.91,0.09,0
NA18633	0|1	0.78	0.22,0.78,0
NA18635	0|0	0.16	0.84,0.16,0
NA18636	1|0	1.01	0,0.99,0.01
NA18637	1|0	1.04	0,0.96,0.04
NA18940	0|1	1	0,1,0
NA18942	1|0	1	0,1,0
NA18943	0|0	0	1,0,0
NA18944	1|1	2	0,0,1
NA18945	1|0	0.67	0.34,0.65,0.01
NA18947	0|1	1	0,1,0
NA18948	0|1	1.38	0,0.62,0.38
NA18949	1|0	1	0,1,0
NA18951	0|0	0	1,0,0
NA18952	0|1	1	0,1,0
NA18953	1|1	2	0,0,1
NA18956	1|1	1.98	0,0.02,0.98
NA18959	1|1	1.81	0,0.19,0.81
NA18960	1|0	0.98	0.03,0.97,0
NA18961	0|1	0.76	0.24,0.76,0
NA18964	1|1	1.63	0,0.37,0.63
NA18965	0|1	1	0,1,0
NA18966	1|1	2	0,0,1
NA18967	1|1	1.83	0,0.17,0.83
NA18968	1|1	1.77	0,0.23,0.77
NA18969	0|0	0	1,0,0
NA18970	1|0	1	0,1,0
NA18971	1|0	0.67	0.33,0.66,0.01
NA18972	1|1	1.99	0,0.01,0.99
NA18973	0|0	0.11	0.89,0.11,0
NA18974	0|0	0	1,0,0
NA18975	0|0	0.12	0.88,0.12,0
NA18976	0|1	1.49	0,0.51,0.49
NA18978	0|0	0	1,0,0
NA18980	0|0	0.11	0.89,0.11,0
NA18981	0|0	0.25	0.76,0.23,0.01
NA18987	1|0	0.5	0.5,0.5,0
NA18990	0|0	0.01	0.99,0.01,0
NA18991	0|1	0.61	0.39,0.61,0
NA18992	1|0	1.09	0,0.91,0.09
NA18994	1|1	1.82	0,0.17,0.83
NA18995	0|1	0.98	0.02,0.98,0
NA18997	1|1	2	0,0,1
NA18998	1|0	0.79	0.21,0.79,0
NA18999	1|1	1.97	0,0.03,0.97
NA19000	0|1	0.99	0.01,0.99,0
NA19003	0|1	1.04	0.03,0.89,0.08
NA19005	1|1	2	0,0,1
NA19007	0|0	0.22	0.78,0.22,0
NA19012	1|1	2	0,0,1
