NA18498	0|0	0.64	0.44,0.47,0.09
NA18502	1|0	1	0,1,0
NA18505	1|0	1	0,1,0
NA18507	1|1	2	0,0,1
NA18508	1|1	1.65	0,0.35,0.65
NA18517	1|0	1.05	0,0.95,0.05
NA18519	0|0	0	1,0,0
NA18867	1|0	1	0,1,0
NA18870	1|1	1.98	0,0.02,0.98
NA18910	1|0	0.98	0.14,0.74,0.12
NA19092	1|1	2	0,0,1
NA19098	0|0	0	1,0,0
NA19099	1|1	2	0,0,1
NA19102	0|1	1.41	0,0.59,0.41
NA19108	0|1	1	0,1,0
NA19118	0|0	0	1,0,0
NA19119	0|0	0.41	0.63,0.33,0.04
NA19129	0|0	0.1	0.9,0.1,0
NA19130	0|0	0	1,0,0
NA19141	1|0	1.05	0.02,0.92,0.06
NA19146	1|1	2	0,0,1
NA19150	0|0	0	1,0,0
NA19152	1|1	2	0,0,1
NA19160	0|0	0	1,0,0
NA19171	0|0	0	1,0,0
NA19189	1|1	2	0,0,1
NA19204	1|1	2	0,0,1
NA19206	1|0	1	0,1,0
NA19207	0|0	0	1,0,0
NA19209	0|1	1.01	0,0.99,0.01
NA19213	0|0	0	1,0,0
NA19240	1|1	1.98	0,0.02,0.98
