NA18526	1|1	7.20002e-05,0.016856,0.983072
NA18537	0|1	0.021,0.979,0
NA18550	0|0	0.999,0.001,0
NA18555	1|0	0.00399201,0.994016,0.001992
NA18562	0|1	0,0.653,0.347
NA18563	0|0	1,0,0
NA18582	0|1	0.00599998,0.994,0
NA18603	1|1	0,0,1
NA18606	0|0	0.627732,0.367536,0.004732
NA18621	0|0	0.998,0.002,0
NA18622	0|0	0.891,0.109,0
NA18628	0|1	0.258,0.742,0
NA18632	0|0	0.997,0.003,0
NA18636	0|1	0.03,0.97,0
NA18647	0|0	0.822,0.178,0
NA18942	0|0	0.986,0.014,0
NA18945	1|0	0.000999987,0.999,0
NA18947	0|0	0.986024,0.013952,2.4e-05
NA18951	0|1	0.000999987,0.999,0
NA18952	1|1	0,0.00400001,0.996
NA18953	1|0	0.379,0.621,0
NA18956	0|0	0.999,0.001,0
NA18965	1|0	0.295,0.705,0
NA18970	1|0	0.00599998,0.994,0
NA18973	0|1	0.000999987,0.999,0
NA18977	1|0	0.011908,0.905184,0.082908
NA18987	0|1	0.00199997,0.998,0
NA18990	1|0	0,0.515,0.485
NA18995	1|1	0,0,1
NA19003	0|1	0.00199997,0.998,0
NA19010	0|0	0.898,0.102,0
