NA18526	1|0	0.00400001,0.996,0
NA18532	1|1	0,0.011,0.989
NA18537	0|0	0.999,0.001,0
NA18542	0|0	0.685,0.315,0
NA18545	1|0	0.00199797,0.997004,0.000998
NA18547	0|0	0.999,0.001,0
NA18550	1|0	0.000999987,0.999,0
NA18552	1|0	0.013787,0.800426,0.185787
NA18555	1|1	0,0.023,0.977
NA18558	0|0	0.997,0.003,0
NA18561	0|1	0.016,0.984,0
NA18563	0|1	0.00300002,0.997,0
NA18564	1|0	0.00198397,0.990032,0.007984
NA18566	1|1	0,0.00599998,0.994
NA18570	1|0	0,1,0
NA18571	0|0	0.934,0.066,0
NA18572	0|0	1,0,0
NA18573	1|0	0,1,0
NA18577	0|0	1,0,0
NA18579	0|0	1,0,0
NA18582	0|0	1,0,0
NA18592	1|0	0,0.999,0.001
NA18593	0|0	1,0,0
NA18603	0|0	1,0,0
NA18605	1|1	0,0.00700003,0.993
NA18606	0|0	0.998,0.002,0
NA18608	1|0	0.000999987,0.999,0
NA18609	0|0	1,0,0
NA18611	0|0	0.999,0.001,0
NA18612	0|1	0.038,0.962,0
NA18620	1|0	0.021934,0.975132,0.002934
NA18621	1|1	9.29988e-05,0.093814,0.906093
NA18622	1|0	0.00399601,0.995008,0.000996
NA18623	0|0	1,0,0
NA18624	1|1	0.000144,0.029712,0.970144
NA18628	1|1	9.99986e-06,0.00697997,0.99301
NA18632	1|0	0.00999999,0.99,0
NA18633	1|1	9.99986e-06,0.01098,0.98901
NA18635	1|0	0.000842989,0.842314,0.156843
NA18636	1|0	0.00199797,0.997004,0.000998
NA18637	0|1	0.00599398,0.993012,0.000994
NA18647	0|0	0.999,0.001,0
NA18940	0|1	0,1,0
NA18942	0|0	1,0,0
NA18943	0|1	0.005,0.995,0
NA18944	0|0	1,0,0
NA18945	0|0	1,0,0
NA18947	0|1	0.021,0.979,0
NA18948	0|1	0.038,0.962,0
NA18949	0|0	1,0,0
NA18951	0|1	0,0.999,0.001
NA18952	0|0	0.999,0.001,0
NA18953	1|1	0.000209997,0.10658,0.89321
NA18956	0|1	0.00599998,0.994,0
NA18959	0|0	1,0,0
NA18960	1|0	0,1,0
NA18961	0|0	0.999,0.001,0
NA18964	1|1	0,0.064,0.936
NA18965	1|0	0,1,0
NA18966	0|0	1,0,0
NA18967	0|0	0.999,0.001,0
NA18968	0|1	0,1,0
NA18969	1|0	0,1,0
NA18970	0|1	0.00199997,0.998,0
NA18971	1|1	0,0,1
NA18972	1|0	0.00199997,0.998,0
NA18973	0|0	0.616,0.384,0
NA18974	0|0	0.999,0.001,0
NA18975	1|0	0.023,0.977,0
NA18976	0|0	1,0,0
NA18977	0|1	0,1,0
NA18978	1|1	0,0.014,0.986
NA18980	1|0	0.000999987,0.999,0
NA18981	1|0	0.00599998,0.994,0
NA18987	0|0	0.997002,0.002996,2e-06
NA18990	0|1	0,1,0
NA18991	0|1	0.000990987,0.990018,0.008991
NA18992	0|0	1,0,0
NA18994	0|0	1,0,0
NA18995	1|1	5.59993e-05,0.056888,0.943056
NA18997	0|1	0.00999999,0.99,0
NA18998	0|0	1,0,0
NA18999	0|0	0.991008,0.008984,8e-06
NA19000	0|1	0.00198997,0.99302,0.00499
NA19003	0|1	0.00299702,0.996006,0.000997
NA19005	1|1	0,0.00400001,0.996
NA19007	0|1	0.00199797,0.997004,0.000998
NA19010	0|0	0.994,0.006,0
NA19012	0|1	0,1,0
