NA18498	1|0	0.00596998,0.98906,0.00497
NA18500	1|0	0,1,0
NA18501	0|0	1,0,0
NA18502	1|1	0,0,1
NA18503	1|0	0,1,0
NA18504	0|0	0.999,0.001,0
NA18505	1|0	0,0.983,0.017
NA18506	1|1	0,0,1
NA18507	1|0	0.00299702,0.996006,0.000997
NA18508	1|1	0,0.000999987,0.999
NA18515	0|1	0,1,0
NA18516	1|1	4.99993e-06,0.00598998,0.994005
NA18517	1|0	0.00800002,0.992,0
NA18519	0|0	0.991018,0.008964,1.8e-05
NA18521	1|1	0,0,1
NA18522	1|1	0,0.042,0.958
NA18523	0|1	0,1,0
NA18852	1|0	0,1,0
NA18853	1|1	0,0,1
NA18854	1|1	0,0,1
NA18855	0|0	0.594,0.406,0
NA18856	1|1	0,0.00300002,0.997
NA18857	0|1	0,1,0
NA18858	1|1	0,0.011,0.989
NA18859	1|1	0,0,1
NA18860	1|1	0,0,1
NA18861	1|1	0,0,1
NA18862	0|1	0.00599998,0.994,0
NA18863	1|0	0.00199997,0.998,0
NA18867	0|1	0.081,0.919,0
NA18870	1|0	0,0.987,0.013
NA18871	1|1	0,0.005,0.995
NA18872	1|1	0,0,1
NA18910	1|1	3.9999e-06,0.00399195,0.996004
NA18912	1|0	0.00199997,0.998,0
NA18913	1|1	0,0,1
NA18914	1|1	0,0,1
NA19027	1|1	0,0.00400001,0.996
NA19028	1|0	0.00300002,0.997,0
NA19031	1|1	0,0,1
NA19035	0|1	0,0.732,0.268
NA19036	0|0	1,0,0
NA19038	0|0	0.997,0.003,0
NA19041	0|0	0.996003,0.003994,3e-06
NA19092	1|0	0,0.99,0.01
NA19093	0|0	1,0,0
NA19094	0|1	0.00907999,0.89984,0.09108
NA19098	1|1	0,0.00400001,0.996
NA19099	1|1	0,0.00700003,0.993
NA19100	1|1	0,0.00199997,0.998
NA19101	1|1	4e-05,0.01292,0.98704
NA19102	1|1	0,0.00199997,0.998
NA19103	1|1	0,0,1
NA19108	1|0	0.000999987,0.999,0
NA19116	0|0	1,0,0
NA19118	1|0	0,1,0
NA19119	1|1	0,0.00199997,0.998
NA19120	1|0	0.00400001,0.996,0
NA19127	0|0	0.999,0.001,0
NA19128	0|1	0,1,0
NA19129	0|1	0.000999987,0.999,0
NA19130	0|1	0,1,0
NA19131	0|0	0.995,0.005,0
NA19132	1|0	0,1,0
NA19137	0|1	0,1,0
NA19138	1|0	0.103,0.897,0
NA19139	0|0	1,0,0
NA19140	0|1	0.000986987,0.986026,0.012987
NA19141	0|0	1,0,0
NA19142	0|0	0.999,0.001,0
NA19143	0|0	0.994,0.006,0
NA19144	0|0	1,0,0
NA19145	0|0	1,0,0
NA19146	0|0	0.978057,0.021886,5.7e-05
NA19150	0|1	0.00300002,0.997,0
NA19152	0|1	0,1,0
NA19153	0|0	0.993,0.007,0
NA19154	0|1	0,1,0
NA19159	1|1	0,0.000999987,0.999
NA19160	0|1	0.00700003,0.993,0
NA19161	1|0	0.000999987,0.999,0
NA19171	1|1	0,0,1
NA19172	1|0	0.000999987,0.999,0
NA19173	1|1	0,0.00199997,0.998
NA19189	0|1	0,1,0
NA19200	0|0	1,0,0
NA19201	0|0	1,0,0
NA19202	0|0	0.98,0.02,0
NA19203	0|1	0.004985,0.99203,0.002985
NA19204	1|1	0,0.049,0.951
NA19205	1|1	0,0.009,0.991
NA19206	0|0	1,0,0
NA19207	0|1	0,0.999,0.001
NA19208	0|1	0,1,0
NA19209	0|1	0,1,0
NA19210	1|1	0,0.005,0.995
NA19211	0|1	0,1,0
NA19213	1|1	9.00013e-06,0.00598204,0.994009
NA19221	1|0	0,1,0
NA19222	0|0	1,0,0
NA19223	1|1	0,0.00300002,0.997
NA19238	1|1	0,0.00300002,0.997
NA19239	1|1	0,0.00700003,0.993
NA19240	1|1	0,0,1
NA19307	0|1	0,1,0
NA19308	0|0	0.966033,0.033934,3.3e-05
NA19309	1|1	0,0,1
NA19310	1|0	0,1,0
NA19314	1|1	0,0,1
NA19315	1|0	0,0.998,0.002
NA19316	0|1	0.009,0.991,0
NA19317	0|0	0.999,0.001,0
NA19318	0|0	0.982,0.018,0
NA19319	1|0	0.00199997,0.998,0
NA19321	1|0	0.00299402,0.995012,0.001994
NA19324	1|1	0,0.005,0.995
NA19327	0|0	0.970081,0.029838,8.1e-05
NA19328	1|0	0.00598198,0.991036,0.002982
NA19332	1|1	0,0.00599998,0.994
NA19334	0|1	0.00199997,0.998,0
NA19346	1|0	0,0.999,0.001
NA19347	0|1	0.00199397,0.995012,0.002994
NA19350	1|1	0,0.00199997,0.998
NA19360	1|0	0.000999987,0.999,0
NA19372	1|1	0,0.034,0.966
NA19374	1|1	0,0,1
NA19375	1|1	1.19998e-05,0.00797596,0.992012
NA19376	0|0	1,0,0
NA19377	1|0	0.00800002,0.992,0
NA19379	0|1	0.00395601,0.985088,0.010956
NA19380	0|0	0.995006,0.004988,6e-06
NA19384	0|1	0,0.99,0.01
NA19385	0|0	0.989,0.011,0
NA19390	1|1	2.4e-05,0.00995199,0.990024
NA19391	0|1	0.00399601,0.995008,0.000996
NA19393	0|1	0.000999987,0.999,0
NA19394	1|1	0,0,1
NA19397	0|1	0,0.995,0.005
NA19399	0|0	1,0,0
NA19403	1|1	1.20001e-05,0.00697603,0.993012
NA19404	0|0	0.993006,0.006988,6e-06
NA19428	1|1	0,0.00300002,0.997
NA19429	0|0	0.99,0.01,0
NA19430	1|1	0,0.005,0.995
NA19431	0|0	0.999,0.001,0
NA19434	1|0	0.00698603,0.991028,0.001986
NA19435	0|1	0.00199997,0.998,0
NA19436	1|0	0.00399601,0.995008,0.000996
NA19437	1|1	2.70002e-05,0.011946,0.988027
NA19438	1|1	0,0,1
NA19439	1|0	0,0.997,0.003
NA19440	0|1	0,0.997,0.003
NA19443	1|1	1.99995e-06,0.00299596,0.997002
NA19445	0|0	0.991,0.009,0
NA19446	0|0	1,0,0
NA19448	0|0	1,0,0
NA19449	0|1	0.00198197,0.989036,0.008982
NA19451	1|1	0,0,1
NA19452	1|0	0,1,0
NA19455	1|0	0.00700003,0.993,0
NA19457	0|1	0.000687991,0.687624,0.311688
NA19462	1|1	0,0.011,0.989
NA19463	0|1	0.00399601,0.995008,0.000996
NA19466	0|1	0,0.999,0.001
NA19467	1|0	0,1,0
NA19468	1|1	0,0,1
NA19471	1|1	3.9999e-06,0.00399195,0.996004
NA19472	0|1	0,1,0
NA19473	0|1	0.000999987,0.999,0
NA19474	1|1	0,0.000999987,0.999
NA06985	0|0	1,0,0
NA06991	0|0	1,0,0
NA06993	0|0	1,0,0
NA06994	1|0	0,1,0
NA07000	0|0	1,0,0
NA07019	0|0	1,0,0
NA07022	0|0	0.999,0.001,0
NA07029	1|0	0,1,0
NA07034	0|0	1,0,0
NA07048	0|0	1,0,0
NA07055	0|0	0.999,0.001,0
NA07056	0|0	1,0,0
NA07345	0|0	1,0,0
NA07348	0|0	1,0,0
NA07357	0|0	1,0,0
NA10830	0|0	1,0,0
NA10831	0|0	1,0,0
NA10838	0|0	1,0,0
NA10839	1|0	0,1,0
NA10846	0|0	1,0,0
NA10847	1|0	0.00300002,0.997,0
NA10851	0|0	1,0,0
NA10854	1|0	0,1,0
NA10855	0|0	1,0,0
NA10857	1|0	0,1,0
NA10859	1|0	0,1,0
NA10860	0|0	0.999,0.001,0
NA10861	1|1	0,0,1
NA10863	0|1	0.00300002,0.997,0
NA11829	0|0	0.998001,0.001998,1e-06
NA11830	0|0	0.996,0.004,0
NA11831	0|0	1,0,0
NA11832	0|0	1,0,0
NA11839	0|0	0.999,0.001,0
NA11840	1|0	0,1,0
NA11881	0|1	0,1,0
NA11882	0|0	0.988,0.012,0
NA11992	0|0	1,0,0
NA11993	0|0	1,0,0
NA11994	0|1	0,1,0
NA11995	0|1	0,1,0
NA12003	0|0	1,0,0
NA12004	0|0	1,0,0
NA12005	0|0	1,0,0
NA12006	1|0	0,1,0
NA12043	0|0	1,0,0
NA12044	0|1	0,1,0
NA12056	0|0	1,0,0
NA12057	1|0	0,1,0
NA12144	0|0	0.996,0.004,0
NA12145	0|0	1,0,0
NA12146	0|0	1,0,0
NA12154	0|0	1,0,0
NA12155	0|0	1,0,0
NA12156	0|1	0.00300002,0.997,0
NA12234	1|1	9.99974e-07,0.00199797,0.998001
NA12239	1|0	0,1,0
NA12248	0|0	1,0,0
NA12264	1|0	0.000999987,0.999,0
NA12707	0|0	1,0,0
NA12716	0|0	1,0,0
NA12717	0|0	1,0,0
NA12740	0|0	1,0,0
NA12750	0|0	1,0,0
NA12751	0|0	0.788,0.212,0
NA12752	0|0	1,0,0
NA12753	0|0	1,0,0
NA12760	0|0	1,0,0
NA12761	0|0	1,0,0
NA12762	0|0	1,0,0
NA12763	0|1	0.015,0.985,0
NA12801	0|0	1,0,0
NA12802	0|0	1,0,0
NA12812	0|0	1,0,0
NA12813	0|0	1,0,0
NA12814	0|0	1,0,0
NA12815	0|1	0.00299402,0.995012,0.001994
NA12864	1|1	0,0.000999987,0.999
NA12865	1|0	0,1,0
NA12872	1|0	0,1,0
NA12873	0|1	0,1,0
NA12874	1|0	0,1,0
NA12878	1|0	0,1,0
NA12891	1|0	0,1,0
NA12892	0|0	1,0,0
NA20502	0|0	0.999,0.001,0
NA20504	0|0	0.89628,0.10144,0.00228
NA20505	0|0	1,0,0
NA20506	0|0	1,0,0
NA20508	0|0	1,0,0
NA20509	0|0	1,0,0
NA20510	0|0	0.971,0.029,0
NA20512	0|1	0,1,0
NA20515	0|0	1,0,0
NA20517	0|0	1,0,0
NA20518	0|0	1,0,0
NA20519	1|0	0,1,0
NA20520	1|0	0,1,0
NA20522	0|0	1,0,0
NA20524	0|1	0,0.999,0.001
NA20525	0|0	0.989,0.011,0
NA20527	0|0	0.526,0.474,0
NA20528	0|0	1,0,0
NA20529	0|1	0,1,0
NA20530	0|0	1,0,0
NA20531	1|0	0.000999987,0.999,0
NA20534	0|0	0.955,0.045,0
NA20535	0|1	0.000999987,0.999,0
NA20538	0|1	0.005,0.995,0
NA20539	0|0	1,0,0
NA20540	0|1	0.009,0.991,0
NA20541	0|1	0.00199997,0.998,0
NA20542	1|0	0.000999987,0.999,0
NA20543	0|0	0.999,0.001,0
NA20544	0|0	1,0,0
NA20581	0|0	0.736,0.264,0
NA20582	0|0	0.923,0.077,0
NA20585	0|0	0.716,0.284,0
NA20586	0|0	0.999,0.001,0
NA20588	0|0	1,0,0
NA20589	0|0	0.999,0.001,0
NA20752	0|0	1,0,0
NA20753	0|0	1,0,0
NA20754	0|0	1,0,0
NA20755	0|0	1,0,0
NA20756	0|0	1,0,0
NA20757	0|1	0.00199997,0.998,0
NA20758	0|0	1,0,0
NA20759	0|0	1,0,0
NA20760	0|1	0.00400001,0.996,0
NA20761	1|0	0,1,0
NA20765	0|0	1,0,0
NA20766	0|0	0.952,0.048,0
NA20768	0|1	0.00400001,0.996,0
NA20769	0|0	1,0,0
NA20770	0|0	1,0,0
NA20771	0|0	1,0,0
NA20772	0|0	1,0,0
NA20773	0|0	0.999,0.001,0
NA20774	1|0	0.00400001,0.996,0
NA20775	0|0	1,0,0
NA20778	1|1	0,0.00400001,0.996
NA20783	0|0	0.999,0.001,0
NA20785	0|0	1,0,0
NA20786	0|0	1,0,0
NA20787	1|0	0,1,0
NA20790	1|1	0,0.000999987,0.999
NA20792	1|0	0,1,0
NA20795	0|0	1,0,0
NA20796	0|0	1,0,0
NA20797	1|0	0.00199997,0.998,0
NA20798	0|0	1,0,0
NA20799	0|0	1,0,0
NA20800	0|0	0.999,0.001,0
NA20801	1|0	0.435,0.565,0
NA20802	0|0	1,0,0
NA20803	0|1	0.00300002,0.997,0
NA20804	0|0	1,0,0
NA20805	1|0	0,1,0
NA20806	1|0	0.00800002,0.992,0
NA20807	0|0	0.964,0.036,0
NA20808	0|0	1,0,0
NA20809	0|0	1,0,0
NA20810	0|1	0,1,0
NA20811	1|0	0,1,0
NA20812	0|0	1,0,0
NA20813	1|0	0,1,0
NA20815	0|0	1,0,0
NA20819	0|0	0.85,0.15,0
NA20826	0|1	0.00199997,0.998,0
NA20828	0|1	0.00199997,0.998,0
NA18526	1|0	0.00400001,0.996,0
NA18532	1|1	0,0.011,0.989
NA18537	0|0	0.999,0.001,0
NA18542	0|0	0.685,0.315,0
NA18545	1|0	0.00199797,0.997004,0.000998
NA18547	0|0	0.999,0.001,0
NA18550	1|0	0.000999987,0.999,0
NA18552	1|0	0.013787,0.800426,0.185787
NA18555	1|1	0,0.023,0.977
NA18558	0|0	0.997,0.003,0
NA18561	0|1	0.016,0.984,0
NA18563	0|1	0.00300002,0.997,0
NA18564	1|0	0.00198397,0.990032,0.007984
NA18566	1|1	0,0.00599998,0.994
NA18570	1|0	0,1,0
NA18571	0|0	0.934,0.066,0
NA18572	0|0	1,0,0
NA18573	1|0	0,1,0
NA18577	0|0	1,0,0
NA18579	0|0	1,0,0
NA18582	0|0	1,0,0
NA18592	1|0	0,0.999,0.001
NA18593	0|0	1,0,0
NA18603	0|0	1,0,0
NA18605	1|1	0,0.00700003,0.993
NA18606	0|0	0.998,0.002,0
NA18608	1|0	0.000999987,0.999,0
NA18609	0|0	1,0,0
NA18611	0|0	0.999,0.001,0
NA18612	0|1	0.038,0.962,0
NA18620	1|0	0.021934,0.975132,0.002934
NA18621	1|1	9.29988e-05,0.093814,0.906093
NA18622	1|0	0.00399601,0.995008,0.000996
NA18623	0|0	1,0,0
NA18624	1|1	0.000144,0.029712,0.970144
NA18628	1|1	9.99986e-06,0.00697997,0.99301
NA18632	1|0	0.00999999,0.99,0
NA18633	1|1	9.99986e-06,0.01098,0.98901
NA18635	1|0	0.000842989,0.842314,0.156843
NA18636	1|0	0.00199797,0.997004,0.000998
NA18637	0|1	0.00599398,0.993012,0.000994
NA18647	0|0	0.999,0.001,0
NA18940	0|1	0,1,0
NA18942	0|0	1,0,0
NA18943	0|1	0.005,0.995,0
NA18944	0|0	1,0,0
NA18945	0|0	1,0,0
NA18947	0|1	0.021,0.979,0
NA18948	0|1	0.038,0.962,0
NA18949	0|0	1,0,0
NA18951	0|1	0,0.999,0.001
NA18952	0|0	0.999,0.001,0
NA18953	1|1	0.000209997,0.10658,0.89321
NA18956	0|1	0.00599998,0.994,0
NA18959	0|0	1,0,0
NA18960	1|0	0,1,0
NA18961	0|0	0.999,0.001,0
NA18964	1|1	0,0.064,0.936
NA18965	1|0	0,1,0
NA18966	0|0	1,0,0
NA18967	0|0	0.999,0.001,0
NA18968	0|1	0,1,0
NA18969	1|0	0,1,0
NA18970	0|1	0.00199997,0.998,0
NA18971	1|1	0,0,1
NA18972	1|0	0.00199997,0.998,0
NA18973	0|0	0.616,0.384,0
NA18974	0|0	0.999,0.001,0
NA18975	1|0	0.023,0.977,0
NA18976	0|0	1,0,0
NA18977	0|1	0,1,0
NA18978	1|1	0,0.014,0.986
NA18980	1|0	0.000999987,0.999,0
NA18981	1|0	0.00599998,0.994,0
NA18987	0|0	0.997002,0.002996,2e-06
NA18990	0|1	0,1,0
NA18991	0|1	0.000990987,0.990018,0.008991
NA18992	0|0	1,0,0
NA18994	0|0	1,0,0
NA18995	1|1	5.59993e-05,0.056888,0.943056
NA18997	0|1	0.00999999,0.99,0
NA18998	0|0	1,0,0
NA18999	0|0	0.991008,0.008984,8e-06
NA19000	0|1	0.00198997,0.99302,0.00499
NA19003	0|1	0.00299702,0.996006,0.000997
NA19005	1|1	0,0.00400001,0.996
NA19007	0|1	0.00199797,0.997004,0.000998
NA19010	0|0	0.994,0.006,0
NA19012	0|1	0,1,0
