NA18498	1|1	2	0,0,1
NA18502	1|0	1	0,1,0
NA18505	0|0	0	1,0,0
NA18507	1|1	2	0,0,1
NA18508	0|1	1	0,1,0
NA18517	0|0	0	1,0,0
NA18519	1|1	2	0,0,1
NA18858	1|0	1	0,1,0
NA18861	1|1	2	0,0,1
NA18867	0|1	1	0,1,0
NA18870	1|0	1	0,1,0
NA18910	1|0	1	0,1,0
NA18912	1|0	1	0,1,0
NA19092	1|1	2	0,0,1
NA19093	1|1	2	0,0,1
NA19098	1|1	2	0,0,1
NA19099	0|0	0	1,0,0
NA19102	0|1	1	0,1,0
NA19108	1|1	2	0,0,1
NA19116	1|1	2	0,0,1
NA19118	1|0	1	0,1,0
NA19119	0|1	1	0,1,0
NA19129	1|0	1	0,1,0
NA19130	1|1	2	0,0,1
NA19131	1|1	2	0,0,1
NA19137	1|0	0.5	0.5,0.5,0
NA19138	0|1	1	0,1,0
NA19141	1|0	1	0,1,0
NA19143	1|0	1	0,1,0
NA19144	1|0	1	0,1,0
NA19146	0|1	1	0,1,0
NA19150	1|1	2	0,0,1
NA19152	0|1	1	0,1,0
NA19153	1|0	1	0,1,0
NA19159	1|1	2	0,0,1
NA19160	0|1	1	0,1,0
NA19171	0|0	0	1,0,0
NA19172	1|0	1	0,1,0
NA19189	1|1	1.87	0,0.13,0.87
NA19200	1|0	1	0,1,0
NA19201	1|0	1	0,1,0
NA19204	1|1	2	0,0,1
NA19206	0|1	1	0,1,0
NA19207	0|1	1	0,1,0
NA19209	1|1	2	0,0,1
NA19210	1|0	1	0,1,0
NA19213	0|1	1	0,1,0
NA19222	1|0	1	0,1,0
NA19223	1|0	1	0,1,0
NA19240	0|1	1	0,1,0
