NA11829	0|1	0.00300002,0.997,0
NA11830	0|1	0.00699303,0.992014,0.000993
NA11831	1|0	0,1,0
NA11832	0|0	1,0,0
NA11840	0|1	0.00300002,0.997,0
NA11881	0|0	1,0,0
NA11994	0|1	0,1,0
NA11995	0|0	1,0,0
NA12004	0|0	0.999,0.001,0
NA12005	0|0	1,0,0
NA12043	0|1	0.000999987,0.999,0
NA12044	1|0	0.000997987,0.997004,0.001998
NA12144	1|0	0,1,0
NA12154	1|0	0,1,0
NA12155	0|0	1,0,0
NA12156	0|1	0.004995,0.99401,0.000995
NA12234	0|0	0.997002,0.002996,2e-06
NA12717	0|0	1,0,0
NA12750	1|0	0.00199997,0.998,0
NA12760	0|0	1,0,0
NA12761	0|1	0.00700003,0.993,0
NA12762	0|0	0.994,0.006,0
NA12763	0|0	1,0,0
NA12812	0|0	1,0,0
NA12813	1|0	0.00199997,0.998,0
NA12814	1|0	0.000998987,0.998002,0.000999
NA12815	0|0	1,0,0
NA12872	0|1	0,1,0
NA12873	1|0	0.00199997,0.998,0
NA12874	1|0	0.00800002,0.992,0
NA12878	0|0	1,0,0
