NA18498	1|1	0,0.00300002,0.997
NA18500	1|1	0,0,1
NA18501	1|1	0,0.000999987,0.999
NA18502	1|1	0,0,1
NA18503	1|1	0,0.000999987,0.999
NA18504	1|1	0,0.00700003,0.993
NA18505	1|1	0,0.02,0.98
NA18506	1|1	0,0.00300002,0.997
NA18507	1|1	0,0.013,0.987
NA18508	1|1	5.99991e-06,0.00698797,0.993006
NA18515	1|1	0,0,1
NA18516	1|1	0,0.00199997,0.998
NA18517	1|1	0,0,1
NA18519	1|1	8.99989e-06,0.00998199,0.990009
NA18521	1|1	0,0,1
NA18522	1|1	0,0.00999999,0.99
NA18523	1|1	0,0,1
NA18852	1|1	0,0,1
NA18853	1|1	0,0.000999987,0.999
NA18854	1|1	0,0,1
NA18855	1|1	0,0,1
NA18856	1|1	0,0.000999987,0.999
NA18857	1|1	0,0.00300002,0.997
NA18858	1|1	0,0.037,0.963
NA18859	1|1	0,0.00199997,0.998
NA18860	1|1	0,0,1
NA18861	1|1	0,0.029,0.971
NA18862	1|1	0,0.018,0.982
NA18863	1|1	0,0,1
NA18867	1|1	0,0.011,0.989
NA18870	1|1	0,0,1
NA18871	1|1	0,0,1
NA18872	1|1	0,0,1
NA18910	1|1	1.20001e-05,0.00697603,0.993012
NA18912	1|1	0,0.00700003,0.993
NA18913	1|1	2.19997e-05,0.022956,0.977022
NA18914	1|1	0,0,1
NA19027	1|1	0,0.00300002,0.997
NA19028	1|1	0,0,1
NA19031	1|1	0,0.005,0.995
NA19035	1|1	0,0.009,0.991
NA19036	1|1	1.99995e-06,0.00299596,0.997002
NA19038	1|1	0,0.00300002,0.997
NA19041	1|1	4.99993e-06,0.00598998,0.994005
NA19092	1|1	0,0.00199997,0.998
NA19093	1|1	0,0,1
NA19094	1|1	0,0,1
NA19098	1|1	0,0,1
NA19099	1|1	0,0.00599998,0.994
NA19100	1|1	0,0,1
NA19101	1|1	0,0.00400001,0.996
NA19102	1|1	0,0.00999999,0.99
NA19103	1|1	0,0,1
NA19108	1|1	0,0.00199997,0.998
NA19116	1|1	0,0.00199997,0.998
NA19118	1|1	0,0.00599998,0.994
NA19119	1|1	0,0.00800002,0.992
NA19120	1|1	0,0,1
NA19127	1|1	0,0,1
NA19128	1|1	0,0.00199997,0.998
NA19129	1|1	0,0,1
NA19130	1|1	0,0.000999987,0.999
NA19131	1|1	0,0.000999987,0.999
NA19132	1|1	0,0.00400001,0.996
NA19137	1|1	0,0.025,0.975
NA19138	1|1	0,0.00700003,0.993
NA19139	1|1	0,0,1
NA19140	1|1	0,0,1
NA19141	1|1	0,0.005,0.995
NA19142	1|1	0,0.00300002,0.997
NA19143	1|1	0,0.00300002,0.997
NA19144	1|1	0,0,1
NA19145	1|1	0,0,1
NA19146	1|1	0,0.00300002,0.997
NA19150	1|1	0.000151998,0.077696,0.922152
NA19152	1|1	0,0.005,0.995
NA19153	1|1	0,0,1
NA19154	1|1	0,0,1
NA19159	1|1	2.99998e-06,0.00399401,0.996003
NA19160	1|1	0,0,1
NA19161	1|1	0,0,1
NA19171	1|1	0,0.000999987,0.999
NA19172	1|1	0,0.000999987,0.999
NA19173	1|1	0,0,1
NA19189	1|1	4.99993e-06,0.00598998,0.994005
NA19200	1|1	0,0.028,0.972
NA19201	1|1	0,0.00300002,0.997
NA19202	1|1	0,0,1
NA19203	1|1	0,0,1
NA19204	1|1	0,0,1
NA19205	1|1	0,0,1
NA19206	1|1	0,0,1
NA19207	1|1	0,0,1
NA19208	1|1	0,0,1
NA19209	1|1	0,0,1
NA19210	1|1	0,0.000999987,0.999
NA19211	1|1	0,0,1
NA19213	1|1	0,0.00599998,0.994
NA19221	1|1	0,0.00300002,0.997
NA19222	1|1	0,0,1
NA19223	1|1	0,0,1
NA19238	1|1	5.99991e-06,0.00698797,0.993006
NA19239	1|1	0,0.000999987,0.999
NA19240	1|1	0,0,1
NA19307	1|1	0,0.005,0.995
NA19308	1|1	0,0.00199997,0.998
NA19309	1|1	0,0.000999987,0.999
NA19310	1|1	0,0.000999987,0.999
NA19314	1|1	0,0,1
NA19315	1|1	0,0.03,0.97
NA19316	1|1	0,0,1
NA19317	1|1	0,0,1
NA19319	1|1	0,0.00599998,0.994
NA19321	1|1	0,0.00800002,0.992
NA19324	1|1	0,0,1
NA19327	1|1	0,0.00599998,0.994
NA19328	1|1	0,0.00599998,0.994
NA19332	1|1	0,0.00999999,0.99
NA19334	1|1	0,0.00300002,0.997
NA19346	1|1	0,0,1
NA19347	1|1	4e-05,0.01292,0.98704
NA19350	1|1	2.99998e-06,0.00399401,0.996003
NA19360	1|1	0,0,1
NA19372	1|1	0,0.00199997,0.998
NA19374	1|1	0,0,1
NA19375	1|1	0,0.000999987,0.999
NA19376	1|1	0,0.000999987,0.999
NA19377	1|1	0,0.00300002,0.997
NA19379	1|1	0,0.014,0.986
NA19380	1|1	0,0,1
NA19384	1|1	0,0,1
NA19385	1|1	0,0,1
NA19390	1|1	0,0,1
NA19391	1|1	0,0.00199997,0.998
NA19393	1|1	3.99996e-06,0.004992,0.995004
NA19394	1|1	0,0,1
NA19397	1|1	0,0,1
NA19399	1|1	0,0.00599998,0.994
NA19403	1|1	0,0,1
NA19404	1|1	1.79998e-05,0.018964,0.981018
NA19428	1|1	0,0.00400001,0.996
NA19429	1|1	0,0.000999987,0.999
NA19430	1|1	0,0.000999987,0.999
NA19431	1|1	0,0.00300002,0.997
NA19434	1|1	2.19997e-05,0.012956,0.987022
NA19435	1|1	0,0.00599998,0.994
NA19436	1|1	0,0,1
NA19437	1|1	0,0,1
NA19438	1|1	0,0.000999987,0.999
NA19439	1|1	0,0,1
NA19440	1|1	0,0,1
NA19443	1|1	2.39997e-05,0.013952,0.986024
NA19445	1|1	0,0,1
NA19446	1|1	0,0.00199997,0.998
NA19448	1|1	0,0.005,0.995
NA19449	1|1	0,0.00199997,0.998
NA19451	1|1	2.40002e-05,0.010952,0.989024
NA19452	1|1	0,0,1
NA19455	1|1	0,0.00300002,0.997
NA19456	1|1	0,0.000999987,0.999
NA19457	1|1	0,0.000999987,0.999
NA19462	1|1	7.00002e-05,0.01686,0.98307
NA19463	1|1	0,0,1
NA19466	1|1	0,0,1
NA19467	1|1	0,0,1
NA19468	1|1	0,0.00199997,0.998
NA19471	1|1	0,0,1
NA19472	1|1	0,0,1
NA19473	1|1	7.99991e-06,0.00598398,0.994008
NA19474	1|1	0,0,1
NA06985	1|1	0,0,1
NA06991	1|1	0,0,1
NA06993	1|1	0,0,1
NA06994	1|1	0,0.00400001,0.996
NA07000	1|1	0,0.00400001,0.996
NA07019	1|1	0,0,1
NA07022	1|1	0,0.00199997,0.998
NA07029	1|1	0,0.00199997,0.998
NA07034	1|1	0,0.00400001,0.996
NA07048	1|1	0,0,1
NA07055	1|1	0,0,1
NA07056	1|1	0,0,1
NA07345	1|1	0,0,1
NA07348	1|1	0,0,1
NA07357	1|1	0,0.00400001,0.996
NA10830	1|1	0,0.00199997,0.998
NA10831	1|0	0,1,0
NA10835	1|1	0,0,1
NA10838	1|1	0,0,1
NA10839	1|1	0,0,1
NA10846	1|1	0,0.000999987,0.999
NA10847	1|1	0,0,1
NA10851	1|1	0,0,1
NA10854	1|1	0,0,1
NA10855	1|1	0,0,1
NA10856	1|1	0,0,1
NA10857	1|1	0,0,1
NA10859	1|1	0,0,1
NA10860	1|1	0,0,1
NA10861	1|1	0,0,1
NA10863	1|1	0,0.000999987,0.999
NA11829	1|1	0,0,1
NA11830	1|1	0,0,1
NA11831	1|1	0,0,1
NA11832	1|1	0,0,1
NA11839	1|1	0,0.00599998,0.994
NA11840	1|1	0,0,1
NA11881	0|1	0,1,0
NA11882	1|1	0,0,1
NA11992	1|1	0,0.005,0.995
NA11993	0|1	0.000646992,0.646706,0.352647
NA11994	1|1	0,0.000999987,0.999
NA11995	1|1	0,0,1
NA12003	1|1	0,0,1
NA12004	1|1	0,0.00199997,0.998
NA12005	1|1	0,0.00199997,0.998
NA12006	1|1	0,0,1
NA12043	1|1	0,0.00599998,0.994
NA12044	1|1	0,0,1
NA12056	1|1	0,0.000999987,0.999
NA12057	1|1	0,0.028,0.972
NA12144	1|1	0,0,1
NA12145	1|1	0,0,1
NA12146	1|1	0,0.00599998,0.994
NA12154	1|1	0,0,1
NA12155	1|1	0,0.00700003,0.993
NA12156	1|0	0.00800002,0.992,0
NA12234	1|1	0,0,1
NA12236	1|1	0,0.00999999,0.99
NA12239	1|1	0,0.00199997,0.998
NA12248	1|1	0,0.013,0.987
NA12249	1|1	0,0,1
NA12264	1|1	0,0,1
NA12707	1|1	0,0,1
NA12716	1|1	0,0,1
NA12717	1|1	0,0.00400001,0.996
NA12740	1|1	0,0,1
NA12750	1|1	0,0.00599998,0.994
NA12751	1|1	0,0.00300002,0.997
NA12752	1|1	0,0.00300002,0.997
NA12753	1|1	0,0,1
NA12760	1|1	0,0.00599998,0.994
NA12761	1|1	0,0.000999987,0.999
NA12762	1|1	0,0,1
NA12763	1|1	0,0.012,0.988
NA12801	1|1	0,0,1
NA12802	1|1	0,0,1
NA12812	1|1	0,0,1
NA12813	1|1	0,0.00700003,0.993
NA12814	1|1	0,0.000999987,0.999
NA12815	1|1	0,0.000999987,0.999
NA12864	1|1	0,0.000999987,0.999
NA12865	1|1	0,0,1
NA12872	1|1	0,0.02,0.98
NA12873	1|1	0,0.00400001,0.996
NA12874	1|1	0,0,1
NA12875	1|1	0,0,1
NA12878	1|1	0,0,1
NA12891	1|1	0,0,1
NA12892	1|1	0,0,1
NA20502	1|1	4.99993e-06,0.00598998,0.994005
NA20504	1|1	0,0.00300002,0.997
NA20505	1|1	0,0.03,0.97
NA20506	1|1	0,0,1
NA20508	1|1	0.000168001,0.030664,0.969168
NA20509	1|1	1.50001e-05,0.00797002,0.992015
NA20510	1|1	0,0.00400001,0.996
NA20512	1|1	0,0.00199997,0.998
NA20515	1|1	0.000117,0.021766,0.978117
NA20516	1|1	6.19992e-05,0.032876,0.967062
NA20517	1|1	0,0.00199997,0.998
NA20518	1|1	0,0.00599998,0.994
NA20519	1|1	0,0.00199997,0.998
NA20520	1|1	9.99974e-07,0.00199797,0.998001
NA20521	1|1	0,0.00199997,0.998
NA20522	1|0	0.00199997,0.998,0
NA20524	1|1	0,0,1
NA20525	1|1	0,0.00199997,0.998
NA20527	1|0	0,0.997,0.003
NA20528	1|1	1.80001e-05,0.008964,0.991018
NA20529	1|1	0,0.017,0.983
NA20530	1|1	0,0.00199997,0.998
NA20531	1|1	0,0.000999987,0.999
NA20534	1|1	0,0.00599998,0.994
NA20535	1|1	0,0.00199997,0.998
NA20538	1|1	0,0.00199997,0.998
NA20539	0|1	0,0.999,0.001
NA20540	1|1	4.99993e-06,0.00598998,0.994005
NA20541	1|1	6.4e-05,0.019872,0.980064
NA20542	1|1	7.20002e-05,0.016856,0.983072
NA20543	1|1	2.09998e-05,0.021958,0.978021
NA20544	1|1	4.99993e-06,0.00598998,0.994005
NA20581	1|1	0,0.005,0.995
NA20582	1|1	0,0.00599998,0.994
NA20585	1|1	2.4e-05,0.00995199,0.990024
NA20586	1|1	0,0.00199997,0.998
NA20588	1|1	4.99993e-06,0.00598998,0.994005
NA20589	1|0	0.00397601,0.990048,0.005976
NA20752	1|1	0,0.000999987,0.999
NA20753	1|1	0,0.013,0.987
NA20754	1|1	2.99999e-05,0.01094,0.98903
NA20755	1|1	9.99974e-07,0.00199797,0.998001
NA20756	1|1	0,0,1
NA20757	1|1	0,0.00199997,0.998
NA20758	1|1	9.99974e-07,0.00199797,0.998001
NA20759	1|1	0,0,1
NA20760	0|1	0,0.997,0.003
NA20761	1|1	1.20001e-05,0.00697603,0.993012
NA20765	1|1	3.90003e-05,0.015922,0.984039
NA20766	1|1	0,0.023,0.977
NA20768	1|1	0,0.027,0.973
NA20769	1|1	0,0.00599998,0.994
NA20770	1|1	1.60001e-05,0.00796802,0.992016
NA20771	1|1	0,0.011,0.989
NA20772	1|1	0,0.00199997,0.998
NA20773	1|1	0,0.00400001,0.996
NA20774	1|1	4.99993e-06,0.00598998,0.994005
NA20778	1|1	3.99996e-06,0.004992,0.995004
NA20783	1|1	6.90005e-05,0.025862,0.974069
NA20785	1|1	3.50001e-05,0.01193,0.988035
NA20786	1|1	2.80002e-05,0.010944,0.989028
NA20787	1|1	0,0.00599998,0.994
NA20790	1|1	0.000162,0.026676,0.973162
NA20792	1|1	0,0.00300002,0.997
NA20795	1|1	0,0.000999987,0.999
NA20796	1|1	0,0.00599998,0.994
NA20797	1|1	0,0.00400001,0.996
NA20798	1|1	0,0.005,0.995
NA20799	1|1	3.20001e-05,0.011936,0.988032
NA20800	1|1	0,0,1
NA20801	1|0	0.00198197,0.989036,0.008982
NA20802	1|1	0,0.00700003,0.993
NA20803	1|1	0,0.00400001,0.996
NA20804	1|1	0,0.00300002,0.997
NA20805	1|0	0.00294002,0.97712,0.01994
NA20806	1|1	2.10002e-05,0.00995805,0.990021
NA20808	1|1	0.000252,0.036496,0.963252
NA20809	1|1	0,0,1
NA20810	1|1	0,0.00800002,0.992
NA20811	1|1	0,0,1
NA20812	1|1	0,0.00400001,0.996
NA20813	1|1	0,0.00800002,0.992
NA20815	1|1	0,0.000999987,0.999
NA20818	1|1	5.99991e-06,0.00698797,0.993006
NA20819	1|1	1.09998e-05,0.011978,0.988011
NA20826	1|1	0,0.000999987,0.999
NA20828	1|1	3.99996e-06,0.004992,0.995004
NA18526	1|1	0,0.013,0.987
NA18532	1|1	1.99995e-06,0.00299596,0.997002
NA18537	1|1	2.40002e-05,0.010952,0.989024
NA18542	1|1	3.99994e-05,0.02192,0.97804
NA18545	1|1	0,0,1
NA18547	1|1	0,0.00599998,0.994
NA18550	1|1	0,0.00300002,0.997
NA18552	1|1	1.80001e-05,0.008964,0.991018
NA18555	1|1	0,0.005,0.995
NA18558	1|1	0,0.000999987,0.999
NA18561	1|1	0,0.00400001,0.996
NA18562	1|1	0,0.00199997,0.998
NA18563	1|1	0,0.000999987,0.999
NA18564	1|1	0,0.000999987,0.999
NA18566	1|1	0,0.00199997,0.998
NA18570	1|1	0,0.044,0.956
NA18571	1|1	0,0.015,0.985
NA18572	1|1	3.19995e-05,0.0179359,0.982032
NA18573	1|1	0,0.00400001,0.996
NA18577	1|1	0,0,1
NA18579	1|1	0,0.00300002,0.997
NA18582	1|1	1.99995e-06,0.00299596,0.997002
NA18592	1|1	0,0.025,0.975
NA18593	1|1	4.99993e-06,0.00598998,0.994005
NA18603	1|1	2.80002e-05,0.010944,0.989028
NA18605	1|1	0,0.00400001,0.996
NA18608	1|1	1.99997e-05,0.02096,0.97902
NA18609	1|1	0,0.00300002,0.997
NA18611	1|1	1.50001e-05,0.00797002,0.992015
NA18612	1|1	0,0.014,0.986
NA18620	1|1	3.90003e-05,0.015922,0.984039
NA18621	1|1	0,0.000999987,0.999
NA18622	1|1	0,0.022,0.978
NA18623	1|1	0,0.005,0.995
NA18624	1|1	3.00002e-05,0.01294,0.98703
NA18632	1|1	0,0.015,0.985
NA18633	1|1	1.99995e-06,0.00299596,0.997002
NA18635	1|1	0.000378,0.050244,0.949378
NA18636	1|1	4.90004e-05,0.0139021,0.986049
NA18637	1|1	0,0.017,0.983
NA18940	1|1	0,0,1
NA18942	1|1	0,0.017,0.983
NA18943	1|1	0,0.005,0.995
NA18944	1|1	9.99974e-07,0.00199797,0.998001
NA18945	1|1	0.000204001,0.028592,0.971204
NA18947	1|1	1.09998e-05,0.011978,0.988011
NA18948	1|1	0,0.00400001,0.996
NA18949	1|1	0,0,1
NA18951	1|1	0,0.00199997,0.998
NA18952	1|1	7.50005e-05,0.02785,0.972075
NA18953	1|1	0,0.00199997,0.998
NA18956	1|1	3.99996e-06,0.004992,0.995004
NA18959	1|1	0,0,1
NA18960	1|1	5.99996e-06,0.004988,0.995006
NA18961	1|1	0,0.053,0.947
NA18964	1|1	0,0.000999987,0.999
NA18965	1|1	0,0.00400001,0.996
NA18966	1|1	0,0.000999987,0.999
NA18967	1|1	0,0.031,0.969
NA18968	1|1	0,0.009,0.991
NA18969	1|1	1.80001e-05,0.008964,0.991018
NA18970	1|1	0,0.00599998,0.994
NA18971	1|1	0.000144001,0.050712,0.949144
NA18972	1|1	0,0.011,0.989
NA18973	1|1	0,0.000999987,0.999
NA18974	1|1	0,0.014,0.986
NA18975	1|1	8.99989e-06,0.00998199,0.990009
NA18976	1|1	0,0,1
NA18978	1|1	0,0.012,0.988
NA18980	1|1	0.000399999,0.0402,0.9594
NA18981	1|1	0,0.013,0.987
NA18987	1|1	0,0.00300002,0.997
NA18990	1|1	0,0.009,0.991
NA18991	1|0	0.007911,0.872178,0.119911
NA18992	0|1	0,0.994,0.006
NA18994	1|1	0,0.000999987,0.999
NA18995	1|1	1.49998e-05,0.01597,0.984015
NA18997	1|1	0,0.00300002,0.997
NA18998	1|0	0,0.991,0.009
NA18999	1|1	0,0.009,0.991
NA19000	1|1	0,0.005,0.995
NA19003	1|1	0,0.009,0.991
NA19005	1|1	0,0.005,0.995
NA19007	1|1	0,0.00599998,0.994
NA19012	1|1	0,0.046,0.954
