NA18526	1|1	2	0,0,1
NA18532	1|1	2	0,0,1
NA18537	1|1	2	0,0,1
NA18542	1|1	2	0,0,1
NA18545	0|1	1	0,1,0
NA18547	1|0	1	0,1,0
NA18550	1|1	2	0,0,1
NA18552	1|0	1	0,1,0
NA18555	1|1	2	0,0,1
NA18558	1	0	0.01,0
NA18561	1	0	0.01,0
NA18562	1	0	0.01,0
NA18563	1	1	0,1
NA18564	1|1	2	0,0,1
NA18566	0|1	1	0,1,0
NA18570	1|1	2	0,0,1
NA18571	1|1	2	0,0,1
NA18572	1	0	0.01,0
NA18573	1|1	2	0,0,1
NA18577	1|1	2	0,0,1
NA18579	1|0	1	0,1,0
NA18582	0|0	0	1,0,0
NA18592	1|1	2	0,0,1
NA18593	1|1	2	0,0,1
NA18603	1	0.55	0.01,0.56
NA18605	1	0	0.01,0
NA18608	1	0	0.01,0
NA18609	1	0	0.01,0
NA18611	1	0	0.01,0
NA18612	1	0	0.01,0
NA18620	1	1	0,1
NA18621	1	0	0.01,0
NA18622	1	0	0.01,0
NA18623	1	0.6	0.01,0.6
NA18624	1	0	0.01,0
NA18632	1	0	0.01,0
NA18633	1	1	0,1
NA18635	1	0	0.01,0
NA18636	1	0	0.01,0
NA18637	1	0	0.01,0
NA18940	1	1	0,1
NA18942	1|1	2	0,0,1
NA18943	1	0.31	0.01,0.31
NA18944	1	0	0.01,0
NA18945	1	1	0,1
NA18947	1|0	1	0,1,0
NA18948	1	0	0.01,0
NA18949	0|1	1	0,1,0
NA18951	1|1	2	0,0,1
NA18952	1	1	0,1
NA18953	1	1	0,1
NA18956	1|1	2	0,0,1
NA18959	1	0	0.01,0
NA18960	1	1	0,1
NA18961	1	0	0.01,0
NA18964	1|1	2	0,0,1
NA18965	1	0	0.01,0
NA18966	1	1	0,1
NA18967	1	0	0.01,0
NA18968	0|1	1	0,1,0
NA18969	1|1	2	0,0,1
NA18970	1	0	0.01,0
NA18971	1	0	0.01,0
NA18972	1|0	1	0,1,0
NA18973	1|1	2	0,0,1
NA18974	1	0	0.01,0
NA18975	1|0	1	0,1,0
NA18976	1|0	1	0,1,0
NA18978	1|0	1	0,1,0
NA18980	1|1	2	0,0,1
NA18981	1|0	1	0,1,0
NA18987	0|1	1.3	0,0.7,0.3
NA18990	1	0.02	0.01,0.02
NA18991	0|1	1	0,1,0
NA18992	0|1	1	0,1,0
NA18994	1	1	0,1
NA18995	1	0	0.01,0
NA18997	1|0	1	0,1,0
NA18998	1|1	2	0,0,1
NA18999	1|1	2	0,0,1
NA19000	1	0	0.01,0
NA19003	1|0	1	0,1,0
NA19005	1	0	0.01,0
NA19007	1	0	0.01,0
NA19012	1	0	0.01,0
