NA18526	0|0	0	1,0,0
NA18537	0|0	0	1,0,0
NA18550	0|0	0.11	0.89,0.11,0
NA18555	0|0	0	1,0,0
NA18562	0|0	0	1,0,0
NA18563	0|0	0	1,0,0
NA18582	0|0	0	1,0,0
NA18603	0|0	0	1,0,0
NA18606	0|0	0.03	0.97,0.03,0
NA18621	0|0	0	1,0,0
NA18622	0|0	0	1,0,0
NA18628	0|0	0	1,0,0
NA18632	0|0	0.35	0.65,0.35,0
NA18636	0|0	0.02	0.98,0.02,0
NA18647	0|0	0	1,0,0
NA18942	1|0	1	0,1,0
NA18945	0|0	0	1,0,0
NA18947	0|0	0.02	0.98,0.02,0
NA18951	0|0	0	1,0,0
NA18952	0|0	0.01	0.99,0.01,0
NA18953	0|0	0.53	0.54,0.39,0.07
NA18965	0|0	0	1,0,0
NA18970	0|1	1	0,1,0
NA18973	0|0	0.07	0.93,0.07,0
NA18977	0|0	0.23	0.77,0.23,0
NA18987	0|0	0	1,0,0
NA18990	0|0	0	1,0,0
NA18995	1|0	1	0,1,0
NA19003	0|0	0	1,0,0
