NA18498	1|0	0.01641,0.54418,0.43941
NA18500	1|1	0,0.04,0.96
NA18501	0|1	0,1,0
NA18502	0|1	0,0.775,0.225
NA18503	1|1	1.99995e-06,0.00299596,0.997002
NA18504	1|0	0.126,0.874,0
NA18505	0|0	0.905186,0.094628,0.000186
NA18506	0|1	0,1,0
NA18507	0|0	0.997,0.003,0
NA18508	0|1	0,1,0
NA18515	1|0	0,1,0
NA18516	1|0	0,1,0
NA18517	0|1	0.265,0.735,0
NA18519	1|1	0.00341601,0.428168,0.568416
NA18521	0|0	1,0,0
NA18522	1|0	0,1,0
NA18523	0|0	1,0,0
NA18852	0|0	1,0,0
NA18853	0|0	0.883,0.117,0
NA18854	0|0	1,0,0
NA18855	0|1	0.000999987,0.999,0
NA18856	0|0	1,0,0
NA18857	0|0	0.999,0.001,0
NA18858	1|0	0.03,0.97,0
NA18859	1|1	0,0.000999987,0.999
NA18860	0|1	0,1,0
NA18861	1|0	0.00300002,0.997,0
NA18862	1|0	0,1,0
NA18863	1|1	0,0.00300002,0.997
NA18867	0|0	1,0,0
NA18870	1|0	0,1,0
NA18871	0|0	0.523,0.477,0
NA18872	0|0	0.878,0.122,0
NA18910	1|0	0.00075299,0.752494,0.246753
NA18912	0|1	0.000999987,0.999,0
NA18913	1|0	0.000999987,0.999,0
NA18914	0|0	1,0,0
NA19027	1|0	0,1,0
NA19028	0|1	0.000984987,0.98403,0.014985
NA19031	0|1	0.000996987,0.996006,0.002997
NA19035	1|0	0,1,0
NA19036	1|1	0,0.000999987,0.999
NA19038	1|0	0.28,0.72,0
NA19041	0|1	0,1,0
NA19092	0|0	1,0,0
NA19093	0|0	1,0,0
NA19094	0|0	1,0,0
NA19099	0|0	0.795,0.205,0
NA19100	0|0	1,0,0
NA19101	1|0	0,0.996,0.004
NA19102	1|1	0,0,1
NA19103	1|1	0,0.000999987,0.999
NA19108	1|1	0,0.156,0.844
NA19116	0|0	0.517,0.483,0
NA19118	0|0	0.941738,0.057524,0.000738
NA19119	1|1	0,0,1
NA19120	1|0	0,1,0
NA19127	0|1	0,1,0
NA19128	1|1	0,0.00800002,0.992
NA19129	1|1	0,0,1
NA19130	1|0	0,1,0
NA19131	1|1	0,0,1
NA19132	1|0	0,1,0
NA19137	1|1	0,0,1
NA19138	1|1	0,0,1
NA19139	1|1	0,0,1
NA19140	0|0	1,0,0
NA19141	1|0	0,1,0
NA19142	0|0	1,0,0
NA19143	1|1	0,0.000999987,0.999
NA19144	1|1	5.99996e-06,0.004988,0.995006
NA19146	0|0	1,0,0
NA19150	1|0	0,0.997,0.003
NA19152	0|1	0,1,0
NA19153	1|1	0,0.00199997,0.998
NA19154	1|1	0,0,1
NA19159	1|0	0,0.629,0.371
NA19160	1|0	0,1,0
NA19161	1|1	0,0,1
NA19171	1|1	0,0,1
NA19172	0|0	0.78,0.22,0
NA19173	0|1	0,1,0
NA19189	1|1	0,0.000999987,0.999
NA19200	1|0	0,1,0
NA19201	1|1	0,0,1
NA19202	1|0	0,1,0
NA19203	0|0	0.9,0.1,0
NA19204	1|0	0.00199997,0.998,0
NA19205	0|0	1,0,0
NA19206	0|0	1,0,0
NA19207	1|1	0,0.00199997,0.998
NA19208	1|0	0,1,0
NA19209	1|0	0.00599998,0.994,0
NA19210	1|1	0,0.000999987,0.999
NA19211	1|0	0,1,0
NA19213	1|0	0,1,0
NA19221	1|0	0,1,0
NA19222	1|1	0,0.00300002,0.997
NA19223	0|0	0.603,0.397,0
NA19238	1|1	0,0.02,0.98
NA19239	1|1	0,0.000999987,0.999
NA19240	1|1	0,0,1
NA19307	0|1	0,1,0
NA19308	0|0	1,0,0
NA19309	1|0	0,1,0
NA19310	0|0	0.992,0.008,0
NA19314	0|0	0.999,0.001,0
NA19315	0|0	1,0,0
NA19316	1|1	0,0.374,0.626
NA19317	0|0	0.995,0.005,0
NA19318	1|1	0.001488,0.076024,0.922488
NA19319	0|1	0.005,0.995,0
NA19321	0|0	0.976,0.024,0
NA19324	0|1	0,1,0
NA19327	1|0	0,0.999,0.001
NA19328	1|1	5.99998e-05,0.01588,0.98406
NA19332	0|0	1,0,0
NA19334	0|0	0.42054,0.48992,0.08954
NA19346	0|1	0.31693,0.54914,0.13393
NA19347	1|0	0,0.999,0.001
NA19350	1|0	0,1,0
NA19360	0|0	1,0,0
NA19372	0|1	0.00199997,0.998,0
NA19374	0|0	0.997002,0.002996,2e-06
NA19375	1|0	0,0.992,0.008
NA19376	1|0	0.00199997,0.998,0
NA19377	1|1	0.000551993,0.276896,0.722552
NA19379	1|0	0.000999987,0.999,0
NA19380	0|0	1,0,0
NA19383	1|0	0.274685,0.53663,0.188685
NA19384	0|0	0.998001,0.001998,1e-06
NA19385	0|1	0.221,0.779,0
NA19390	0|0	1,0,0
NA19391	0|0	0.975144,0.024712,0.000144
NA19393	0|1	0.18,0.82,0
NA19394	1|0	0.00299702,0.996006,0.000997
NA19397	0|1	0.059,0.941,0
NA19399	1|1	0.135024,0.484952,0.380024
NA19403	1|1	4.99993e-06,0.00598998,0.994005
NA19404	0|1	0,0.974,0.026
NA19428	0|1	0.202,0.798,0
NA19430	0|1	0.00199997,0.998,0
NA19431	0|1	0.000999987,0.999,0
NA19434	0|1	0.000999987,0.999,0
NA19435	0|0	0.996,0.004,0
NA19436	0|0	1,0,0
NA19437	0|1	0,1,0
NA19438	0|0	1,0,0
NA19439	0|0	0.649,0.351,0
NA19440	0|0	0.645,0.355,0
NA19443	1|1	0,0.367,0.633
NA19445	1|1	0,0,1
NA19446	1|0	0.016,0.984,0
NA19448	0|0	0.884,0.116,0
NA19449	0|1	0.173558,0.513884,0.312558
NA19451	0|0	1,0,0
NA19452	0|1	0,0.999,0.001
NA19455	0|0	1,0,0
NA19456	0|0	0.999,0.001,0
NA19457	0|1	0.011988,0.987024,0.000988
NA19462	1|1	0,0.000999987,0.999
NA19463	1|0	0.00400001,0.996,0
NA19466	1|0	0,1,0
NA19467	0|0	1,0,0
NA19468	0|0	1,0,0
NA19471	1|1	0,0.000999987,0.999
NA19472	0|1	0,1,0
NA19473	0|1	0.000999987,0.999,0
NA19474	0|0	1,0,0
NA06985	1|0	0.000999987,0.999,0
NA06991	0|1	0,1,0
NA06993	1|1	0,0.00199997,0.998
NA06994	1|1	0,0.015,0.985
NA07000	1|0	0.022,0.978,0
NA07019	1|1	0,0,1
NA07022	1|1	0,0.00199997,0.998
NA07029	1|0	0,1,0
NA07034	1|1	9.99974e-07,0.00199797,0.998001
NA07048	1|0	0,1,0
NA07055	1|0	0.287,0.713,0
NA07056	0|1	0.012,0.988,0
NA07345	0|0	1,0,0
NA07348	0|0	1,0,0
NA07357	0|1	0.000999987,0.999,0
NA10830	0|1	0,0.998,0.002
NA10831	1|1	0,0.00199997,0.998
NA10835	0|1	0,1,0
NA10838	1|0	0,1,0
NA10839	1|0	0.00400001,0.996,0
NA10846	0|1	0,1,0
NA10847	1|1	0,0,1
NA10851	1|0	0,1,0
NA10854	1|0	0.00599998,0.994,0
NA10855	0|1	0,1,0
NA10856	1|1	0,0,1
NA10857	1|1	0,0,1
NA10859	0|0	1,0,0
NA10860	1|1	0,0.00199997,0.998
NA10861	1|1	0,0,1
NA10863	0|1	0.00300002,0.997,0
NA11829	1|1	0,0.00599998,0.994
NA11830	1|1	0,0.151,0.849
NA11831	1|1	0.000339996,0.34032,0.65934
NA11832	1|0	0.023,0.977,0
NA11839	0|1	0.009,0.991,0
NA11840	1|1	0.025152,0.272696,0.702152
NA11881	0|1	0,1,0
NA11882	0|1	0,1,0
NA11992	1|0	0,1,0
NA11993	1|1	0,0.00400001,0.996
NA11994	1|0	0,1,0
NA11995	1|1	0,0.00199997,0.998
NA12003	1|0	0,1,0
NA12004	0|0	1,0,0
NA12005	0|0	0.993,0.007,0
NA12006	1|1	0,0.000999987,0.999
NA12043	1|1	0,0,1
NA12044	0|1	0,1,0
NA12056	0|1	0,1,0
NA12057	0|1	0,0.999,0.001
NA12144	0|1	0.00199997,0.998,0
NA12145	1|1	0,0.000999987,0.999
NA12146	1|1	0,0.00300002,0.997
NA12154	0|1	0.00299702,0.996006,0.000997
NA12155	0|1	0,1,0
NA12156	1|0	0.00199997,0.998,0
NA12234	1|0	0,1,0
NA12236	0|1	0.000730991,0.730538,0.268731
NA12239	1|0	0.00300002,0.997,0
NA12248	0|1	0,1,0
NA12249	0|1	0.015,0.985,0
NA12264	1|1	5.39993e-05,0.028892,0.971054
NA12707	0|0	0.999,0.001,0
NA12716	0|1	0.000999987,0.999,0
NA12717	0|0	0.689,0.311,0
NA12740	0|1	0,0.809,0.191
NA12750	1|1	0.000183998,0.093632,0.906184
NA12751	1|1	0,0.000999987,0.999
NA12752	1|1	0,0,1
NA12753	1|0	0,1,0
NA12760	1|0	0,1,0
NA12761	1|1	0,0.029,0.971
NA12762	1|1	0,0,1
NA12763	0|1	0.00300002,0.997,0
NA12801	0|0	1,0,0
NA12802	1|1	0,0.005,0.995
NA12812	0|1	0.00300002,0.997,0
NA12813	0|0	1,0,0
NA12814	1|1	0.000342002,0.116316,0.883342
NA12815	1|0	0,1,0
NA12864	1|1	0,0,1
NA12865	0|1	0,1,0
NA12872	1|1	1.19998e-05,0.00797596,0.992012
NA12873	1|1	0,0.204,0.796
NA12874	0|1	0,1,0
NA12875	1|1	0,0.00700003,0.993
NA12878	1|1	0,0,1
NA12891	1|1	0,0.00300002,0.997
NA12892	1|0	0,1,0
NA20502	1|0	0.000999987,0.999,0
NA20504	1|0	0.000999987,0.999,0
NA20505	1|0	0.015,0.985,0
NA20506	1|1	7.20005e-05,0.026856,0.973072
NA20508	1|1	0,0.00300002,0.997
NA20509	0|1	0.005,0.995,0
NA20510	0|1	0.018,0.982,0
NA20512	0|0	0.989018,0.010964,1.8e-05
NA20515	0|1	0,1,0
NA20516	1|0	0.054615,0.93877,0.006615
NA20517	0|0	0.905774,0.093452,0.000774
NA20518	1|1	0,0.00300002,0.997
NA20519	0|0	0.943,0.057,0
NA20520	0|0	0.997,0.003,0
NA20521	1|1	0,0.075,0.925
NA20522	1|1	0.002376,0.100248,0.897376
NA20524	1|1	0,0.00599998,0.994
NA20525	1|1	9.99974e-07,0.00199797,0.998001
NA20527	0|1	0,0.999,0.001
NA20528	0|1	0,1,0
NA20529	0|1	0.00300002,0.997,0
NA20530	0|0	1,0,0
NA20531	1|1	0,0,1
NA20534	1|0	0,1,0
NA20535	0|1	0.00299402,0.995012,0.001994
NA20538	0|1	0,0.999,0.001
NA20539	0|0	0.998,0.002,0
NA20540	1|1	3.30002e-05,0.013934,0.986033
NA20541	1|1	0,0,1
NA20542	1|0	0.031,0.969,0
NA20543	1|1	0,0.00599998,0.994
NA20544	1|1	0,0.015,0.985
NA20581	1|0	0.005,0.995,0
NA20582	1|0	0,0.999,0.001
NA20585	1|0	0.043,0.957,0
NA20586	0|1	0.148,0.852,0
NA20588	0|1	0.013823,0.596354,0.389823
NA20589	1|0	0.011988,0.987024,0.000988
NA20752	1|1	0,0.011,0.989
NA20753	0|0	0.97804,0.02192,4e-05
NA20754	0|0	0.769442,0.228116,0.002442
NA20755	0|0	0.925,0.075,0
NA20756	0|0	1,0,0
NA20757	1|0	0,0.997,0.003
NA20758	1|1	7.99991e-06,0.00598398,0.994008
NA20759	1|0	0.111,0.889,0
NA20760	1|0	0.00400001,0.996,0
NA20761	1|0	0,1,0
NA20765	0|1	0.00199997,0.998,0
NA20766	1|0	0.000989987,0.98902,0.00999
NA20768	1|0	0,0.882,0.118
NA20769	1|0	0.118,0.882,0
NA20770	1|0	0.00300002,0.997,0
NA20771	1|1	0,0.465,0.535
NA20772	0|1	0.00300002,0.997,0
NA20773	1|1	0,0.017,0.983
NA20774	1|1	0.000283996,0.284432,0.715284
NA20775	0|0	0.509978,0.489044,0.000978
NA20778	1|0	0.429,0.571,0
NA20783	1|1	0.000125,0.02975,0.970125
NA20785	1|1	0,0,1
NA20786	1|0	0.046,0.954,0
NA20787	1|1	4.99993e-06,0.00598998,0.994005
NA20790	1|1	0,0.016,0.984
NA20792	0|0	1,0,0
NA20795	1|1	0.000135,0.03173,0.968135
NA20796	0|1	0,1,0
NA20797	1|0	0.000999987,0.999,0
NA20798	1|1	0,0.005,0.995
NA20799	0|1	0.000999987,0.999,0
NA20800	1|0	0,0.753,0.247
NA20801	1|0	0.00599998,0.994,0
NA20802	1|1	5.99991e-06,0.00698797,0.993006
NA20803	0|1	0,1,0
NA20804	1|1	0,0.000999987,0.999
NA20805	1|0	0.00199997,0.998,0
NA20806	1|1	0,0.00700003,0.993
NA20807	1|1	0.000106999,0.107786,0.892107
NA20808	1|1	0,0,1
NA20809	0|0	1,0,0
NA20810	0|1	0,0.999,0.001
NA20811	0|0	1,0,0
NA20812	1|0	0,0.995,0.005
NA20813	1|1	0,0.00400001,0.996
NA20815	1|1	0,0.00300002,0.997
NA20818	1|1	0,0.00199997,0.998
NA20819	0|0	1,0,0
NA20826	1|0	0.000999987,0.999,0
NA20828	1|1	0,0,1
NA18532	1|0	0,1,0
NA18537	1|1	9e-05,0.02282,0.97709
NA18542	1|1	0,0.005,0.995
NA18545	0|1	0.221,0.779,0
NA18547	0|1	0,0.979,0.021
NA18550	1|0	0.012,0.988,0
NA18552	0|0	0.909178,0.090644,0.000178
NA18555	0|0	0.54351,0.45198,0.00451
NA18558	0|0	0.99,0.01,0
NA18561	0|0	1,0,0
NA18562	1|1	0.009996,0.365008,0.624996
NA18563	1|1	0,0.00400001,0.996
NA18564	1|1	0.000891006,0.298218,0.700891
NA18566	0|0	0.982017,0.017966,1.7e-05
NA18570	1|1	0.000148,0.040704,0.959148
NA18571	0|0	0.777084,0.210832,0.012084
NA18572	1|0	0.00700003,0.993,0
NA18573	0|1	0.44,0.56,0
NA18577	1|0	0.00300002,0.997,0
NA18579	0|0	0.608,0.392,0
NA18582	0|1	0.00300002,0.997,0
NA18592	1|0	0.05141,0.92018,0.02841
NA18593	1|0	0.013496,0.951008,0.035496
NA18603	0|1	0.00300002,0.997,0
NA18605	0|0	0.634,0.366,0
NA18608	0|0	1,0,0
NA18609	1|0	0.000999987,0.999,0
NA18611	0|0	0.883116,0.116768,0.000116
NA18612	1|1	0,0.074,0.926
NA18620	1|1	1.49998e-05,0.01597,0.984015
NA18621	0|0	0.664332,0.334336,0.001332
NA18622	1|0	0,1,0
NA18623	0|0	1,0,0
NA18624	0|0	0.794,0.206,0
NA18632	0|0	0.997002,0.002996,2e-06
NA18633	0|1	0.033,0.967,0
NA18635	0|0	0.966,0.034,0
NA18636	1|0	0,0.985,0.015
NA18637	1|0	0.00630003,0.8944,0.0993
NA18940	0|1	0.024,0.976,0
NA18942	1|0	0,1,0
NA18943	0|0	0.993,0.007,0
NA18944	1|1	0,0.00400001,0.996
NA18945	1|0	0.113,0.887,0
NA18947	0|1	0.005,0.995,0
NA18948	0|1	0,0.538,0.462
NA18949	1|0	0.00297302,0.988054,0.008973
NA18951	0|0	1,0,0
NA18952	1|1	0.000415995,0.416168,0.583416
NA18953	1|1	7.79998e-05,0.018844,0.981078
NA18956	1|1	0,0.027,0.973
NA18959	0|1	0.00143598,0.717128,0.281436
NA18960	1|0	0.023,0.977,0
NA18961	0|0	0.967,0.033,0
NA18964	1|1	3.00002e-05,0.01294,0.98703
NA18965	0|1	0,0.908,0.092
NA18966	1|1	1.99995e-06,0.00299596,0.997002
NA18967	1|1	3.49996e-05,0.03593,0.964035
NA18968	1|1	9.99974e-07,0.00199797,0.998001
NA18969	0|0	0.999,0.001,0
NA18970	1|0	0.017,0.983,0
NA18971	1|0	0.018,0.982,0
NA18972	1|1	0,0.02,0.98
NA18973	1|1	0.002619,0.294762,0.702619
NA18974	0|0	0.999,0.001,0
NA18975	0|0	0.977022,0.022956,2.2e-05
NA18976	0|1	0.007623,0.840754,0.151623
NA18978	0|0	1,0,0
NA18980	0|0	0.639,0.361,0
NA18981	0|1	0.049,0.951,0
NA18987	1|0	0.402,0.598,0
NA18990	0|0	1,0,0
NA18991	0|1	0.055,0.945,0
NA18992	1|0	0.000999987,0.999,0
NA18994	0|1	0.011,0.989,0
NA18995	0|1	0.000999987,0.999,0
NA18997	1|1	0,0.00300002,0.997
NA18998	1|0	0.078,0.922,0
NA18999	1|1	0,0.103,0.897
NA19000	0|1	0.027,0.973,0
NA19003	0|1	0.381618,0.617764,0.000618
NA19005	1|1	0,0,1
NA19007	0|1	0.344,0.656,0
NA19012	1|1	0,0,1
