NA18532	1|0	0,1,0
NA18537	1|1	9e-05,0.02282,0.97709
NA18542	1|1	0,0.005,0.995
NA18545	0|1	0.221,0.779,0
NA18547	0|1	0,0.979,0.021
NA18550	1|0	0.012,0.988,0
NA18552	0|0	0.909178,0.090644,0.000178
NA18555	0|0	0.54351,0.45198,0.00451
NA18558	0|0	0.99,0.01,0
NA18561	0|0	1,0,0
NA18562	1|1	0.009996,0.365008,0.624996
NA18563	1|1	0,0.00400001,0.996
NA18564	1|1	0.000891006,0.298218,0.700891
NA18566	0|0	0.982017,0.017966,1.7e-05
NA18570	1|1	0.000148,0.040704,0.959148
NA18571	0|0	0.777084,0.210832,0.012084
NA18572	1|0	0.00700003,0.993,0
NA18573	0|1	0.44,0.56,0
NA18577	1|0	0.00300002,0.997,0
NA18579	0|0	0.608,0.392,0
NA18582	0|1	0.00300002,0.997,0
NA18592	1|0	0.05141,0.92018,0.02841
NA18593	1|0	0.013496,0.951008,0.035496
NA18603	0|1	0.00300002,0.997,0
NA18605	0|0	0.634,0.366,0
NA18608	0|0	1,0,0
NA18609	1|0	0.000999987,0.999,0
NA18611	0|0	0.883116,0.116768,0.000116
NA18612	1|1	0,0.074,0.926
NA18620	1|1	1.49998e-05,0.01597,0.984015
NA18621	0|0	0.664332,0.334336,0.001332
NA18622	1|0	0,1,0
NA18623	0|0	1,0,0
NA18624	0|0	0.794,0.206,0
NA18632	0|0	0.997002,0.002996,2e-06
NA18633	0|1	0.033,0.967,0
NA18635	0|0	0.966,0.034,0
NA18636	1|0	0,0.985,0.015
NA18637	1|0	0.00630003,0.8944,0.0993
NA18940	0|1	0.024,0.976,0
NA18942	1|0	0,1,0
NA18943	0|0	0.993,0.007,0
NA18944	1|1	0,0.00400001,0.996
NA18945	1|0	0.113,0.887,0
NA18947	0|1	0.005,0.995,0
NA18948	0|1	0,0.538,0.462
NA18949	1|0	0.00297302,0.988054,0.008973
NA18951	0|0	1,0,0
NA18952	1|1	0.000415995,0.416168,0.583416
NA18953	1|1	7.79998e-05,0.018844,0.981078
NA18956	1|1	0,0.027,0.973
NA18959	0|1	0.00143598,0.717128,0.281436
NA18960	1|0	0.023,0.977,0
NA18961	0|0	0.967,0.033,0
NA18964	1|1	3.00002e-05,0.01294,0.98703
NA18965	0|1	0,0.908,0.092
NA18966	1|1	1.99995e-06,0.00299596,0.997002
NA18967	1|1	3.49996e-05,0.03593,0.964035
NA18968	1|1	9.99974e-07,0.00199797,0.998001
NA18969	0|0	0.999,0.001,0
NA18970	1|0	0.017,0.983,0
NA18971	1|0	0.018,0.982,0
NA18972	1|1	0,0.02,0.98
NA18973	1|1	0.002619,0.294762,0.702619
NA18974	0|0	0.999,0.001,0
NA18975	0|0	0.977022,0.022956,2.2e-05
NA18976	0|1	0.007623,0.840754,0.151623
NA18978	0|0	1,0,0
NA18980	0|0	0.639,0.361,0
NA18981	0|1	0.049,0.951,0
NA18987	1|0	0.402,0.598,0
NA18990	0|0	1,0,0
NA18991	0|1	0.055,0.945,0
NA18992	1|0	0.000999987,0.999,0
NA18994	0|1	0.011,0.989,0
NA18995	0|1	0.000999987,0.999,0
NA18997	1|1	0,0.00300002,0.997
NA18998	1|0	0.078,0.922,0
NA18999	1|1	0,0.103,0.897
NA19000	0|1	0.027,0.973,0
NA19003	0|1	0.381618,0.617764,0.000618
NA19005	1|1	0,0,1
NA19007	0|1	0.344,0.656,0
NA19012	1|1	0,0,1
