NA11829	0|0	0	1,0,0
NA11830	1|1	2	0,0,1
NA11831	1|1	2	0,0,1
NA11832	0|1	0.9	0.19,0.73,0.08
NA11840	0|1	1	0,1,0
NA11881	1|0	1	0,1,0
NA11994	1|1	2	0,0,1
NA11995	1|0	1	0,1,0
NA12004	0|0	0	1,0,0
NA12005	1|0	0.59	0.42,0.57,0.01
NA12043	0|0	0	1,0,0
NA12044	0|1	0.99	0.02,0.97,0.01
NA12144	0|0	0	1,0,0
NA12154	1|1	1.99	0,0.01,0.99
NA12155	1|1	2	0,0,1
NA12156	0|0	0	1,0,0
NA12234	1|1	1.97	0,0.03,0.97
NA12717	0|0	0	1,0,0
NA12750	1|1	2	0,0,1
NA12760	1|0	1	0,1,0
NA12762	0|0	0	1,0,0
NA12763	0|0	0.02	0.98,0.02,0
NA12812	0|0	0	1,0,0
NA12813	0|0	0.04	0.96,0.04,0
NA12814	0|0	0	1,0,0
NA12815	1|1	1.68	0,0.32,0.68
NA12872	0|0	0	1,0,0
NA12873	0|0	0.02	0.98,0.02,0
NA12874	0|0	0	1,0,0
NA12878	1|1	2	0,0,1
