NA18526	0|1	1.19	0,0.8,0.19
NA18537	1|0	0.81	0.19,0.81,0
NA18550	0|0	0	1,0,0
NA18555	1|1	1.96	0,0.04,0.96
NA18562	0|0	0.08	0.92,0.08,0
NA18563	1|1	2	0,0,1
NA18582	0|0	0.2	0.8,0.2,0
NA18603	0|0	0	1,0,0
NA18606	0|0	0.02	0.98,0.02,0
NA18621	0|0	0.01	0.99,0.01,0
NA18622	0|1	1.34	0.01,0.64,0.35
NA18628	0|1	0.91	0.11,0.88,0.02
NA18632	0|0	0	1,0,0
NA18636	1|1	1.19	0.16,0.48,0.35
NA18647	0|0	0.17	0.84,0.16,0.01
NA18942	1|0	1	0,1,0
NA18945	1|0	1.43	0,0.57,0.43
NA18947	0|0	0.39	0.61,0.38,0.01
NA18951	0|0	0.79	0.37,0.48,0.16
NA18952	0|0	0.43	0.57,0.43,0
NA18953	1|1	1.93	0,0.07,0.93
NA18965	1|0	1.02	0.22,0.53,0.25
NA18970	0|0	0	1,0,0
NA18977	1|1	1.79	0,0.21,0.79
NA18987	0|1	1.01	0,0.99,0.01
NA18990	0|0	0.33	0.7,0.28,0.03
NA18995	0|0	0.03	0.97,0.03,0
NA19003	0|1	1	0,1,0
NA19010	0|1	1.2	0.06,0.69,0.26
