NA18498	0|0	0.06	0.94,0.06,0
NA18502	0|0	0	1,0,0
NA18505	0|0	0	1,0,0
NA18507	0|0	0	1,0,0
NA18508	0|1	0.99	0.01,0.99,0
NA18517	1|0	1	0,1,0
NA18519	0|0	0	1,0,0
NA18867	0|0	0	1,0,0
NA18870	0|1	1	0,1,0
NA18910	0|0	0	1,0,0
NA19092	0|0	0.01	0.99,0.01,0
NA19098	0|0	0	1,0,0
NA19099	0|0	0.35	0.65,0.34,0.01
NA19102	0|1	1	0,1,0
NA19108	1|0	0.76	0.24,0.76,0
NA19118	0|1	1	0,1,0
NA19119	0|0	0.54	0.48,0.5,0.02
NA19129	1|1	2	0,0,1
NA19130	1|1	2	0,0,1
NA19141	0|0	0	1,0,0
NA19146	0|0	0	1,0,0
NA19150	0|0	0	1,0,0
NA19152	1|0	1	0,1,0
NA19160	1|0	1	0,1,0
NA19171	0|0	0	1,0,0
NA19189	0|0	0	1,0,0
NA19204	1|0	0.72	0.28,0.72,0
NA19206	1|1	1.91	0,0.09,0.91
NA19207	1|1	2	0,0,1
NA19209	0|1	1	0,1,0
NA19213	0|0	0	1,0,0
NA19240	1|1	1.97	0,0.03,0.97
NA11829	0|0	0	1,0,0
NA11830	1|1	2	0,0,1
NA11831	1|1	2	0,0,1
NA11832	0|1	0.9	0.19,0.73,0.08
NA11840	0|1	1	0,1,0
NA11881	1|0	1	0,1,0
NA11994	1|1	2	0,0,1
NA11995	1|0	1	0,1,0
NA12004	0|0	0	1,0,0
NA12005	1|0	0.59	0.42,0.57,0.01
NA12043	0|0	0	1,0,0
NA12044	0|1	0.99	0.02,0.97,0.01
NA12144	0|0	0	1,0,0
NA12154	1|1	1.99	0,0.01,0.99
NA12155	1|1	2	0,0,1
NA12156	0|0	0	1,0,0
NA12234	1|1	1.97	0,0.03,0.97
NA12717	0|0	0	1,0,0
NA12750	1|1	2	0,0,1
NA12760	1|0	1	0,1,0
NA12762	0|0	0	1,0,0
NA12763	0|0	0.02	0.98,0.02,0
NA12812	0|0	0	1,0,0
NA12813	0|0	0.04	0.96,0.04,0
NA12814	0|0	0	1,0,0
NA12815	1|1	1.68	0,0.32,0.68
NA12872	0|0	0	1,0,0
NA12873	0|0	0.02	0.98,0.02,0
NA12874	0|0	0	1,0,0
NA12878	1|1	2	0,0,1
NA18526	0|1	1.19	0,0.8,0.19
NA18537	1|0	0.81	0.19,0.81,0
NA18550	0|0	0	1,0,0
NA18555	1|1	1.96	0,0.04,0.96
NA18562	0|0	0.08	0.92,0.08,0
NA18563	1|1	2	0,0,1
NA18582	0|0	0.2	0.8,0.2,0
NA18603	0|0	0	1,0,0
NA18606	0|0	0.02	0.98,0.02,0
NA18621	0|0	0.01	0.99,0.01,0
NA18622	0|1	1.34	0.01,0.64,0.35
NA18628	0|1	0.91	0.11,0.88,0.02
NA18632	0|0	0	1,0,0
NA18636	1|1	1.19	0.16,0.48,0.35
NA18647	0|0	0.17	0.84,0.16,0.01
NA18942	1|0	1	0,1,0
NA18945	1|0	1.43	0,0.57,0.43
NA18947	0|0	0.39	0.61,0.38,0.01
NA18951	0|0	0.79	0.37,0.48,0.16
NA18952	0|0	0.43	0.57,0.43,0
NA18953	1|1	1.93	0,0.07,0.93
NA18965	1|0	1.02	0.22,0.53,0.25
NA18970	0|0	0	1,0,0
NA18977	1|1	1.79	0,0.21,0.79
NA18987	0|1	1.01	0,0.99,0.01
NA18990	0|0	0.33	0.7,0.28,0.03
NA18995	0|0	0.03	0.97,0.03,0
NA19003	0|1	1	0,1,0
NA19010	0|1	1.2	0.06,0.69,0.26
