NA18498	0|0	0	1,0,0
NA18502	1|1	2	0,0,1
NA18505	0|1	1	0,1,0
NA18507	1|1	2	0,0,1
NA18508	1|0	1	0,1,0
NA18517	0|1	1	0,1,0
NA18519	1|1	2	0,0,1
NA18858	1|1	2	0,0,1
NA18861	0|1	1	0,1,0
NA18867	1|0	1	0,1,0
NA18870	1|0	1	0,1,0
NA18910	1|1	2	0,0,1
NA18912	1|1	2	0,0,1
NA19093	0|1	1	0,1,0
NA19098	1|1	2	0,0,1
NA19099	1|0	1	0,1,0
NA19102	0|0	0	1,0,0
NA19108	0|1	1	0,1,0
NA19116	1|1	2	0,0,1
NA19118	1|0	1	0,1,0
NA19119	1|1	2	0,0,1
NA19129	0|0	0	1,0,0
NA19130	0|1	1	0,1,0
NA19131	0|1	1	0,1,0
NA19138	0|0	0	1,0,0
NA19141	0|1	1	0,1,0
NA19143	1|1	2	0,0,1
NA19144	1|1	2	0,0,1
NA19146	0|1	1	0,1,0
NA19152	1|1	2	0,0,1
NA19153	1|1	2	0,0,1
NA19159	0|1	1	0,1,0
NA19160	1|1	2	0,0,1
NA19171	1|1	2	0,0,1
NA19189	0|1	1	0,1,0
NA19200	1|0	1	0,1,0
NA19201	1|0	1	0,1,0
NA19204	0|0	0	1,0,0
NA19206	1|0	1	0,1,0
NA19207	0|1	1	0,1,0
NA19209	1|0	1.04	0,0.96,0.04
NA19210	1|1	2	0,0,1
NA19213	1|0	1	0,1,0
NA19222	0|0	0	1,0,0
NA19223	1|1	2	0,0,1
NA19240	0|1	1	0,1,0
NA06985	1|0	1	0,1,0
NA06991	1|0	1	0,1,0
NA06993	1|0	1	0,1,0
NA06994	0|0	0	1,0,0
NA07000	0|1	1	0,1,0
NA07022	0|0	0	1,0,0
NA07048	1|1	2	0,0,1
NA07056	1|0	1	0,1,0
NA07345	0|1	1	0,1,0
NA07348	0|0	0	1,0,0
NA07357	0|0	0	1,0,0
NA10830	1|1	2	0,0,1
NA10835	0|0	0	1,0,0
NA10838	1|1	2	0,0,1
NA10839	1|0	1	0,1,0
NA10847	0|1	1	0,1,0
NA10851	1|1	2	0,0,1
NA10857	0|1	1	0,1,0
NA10859	0|1	1	0,1,0
NA10860	1|0	1	0,1,0
NA11829	1|0	1	0,1,0
NA11830	1|1	2	0,0,1
NA11831	1|1	2	0,0,1
NA11832	0|0	0	1,0,0
NA11840	1|1	2	0,0,1
NA11881	0|0	0	1,0,0
NA11992	1|1	2	0,0,1
NA11994	1|1	2	0,0,1
NA11995	0|0	0	1,0,0
NA12003	0|1	1	0,1,0
NA12004	1|1	2	0,0,1
NA12005	1|0	1	0,1,0
NA12006	0|0	0	1,0,0
NA12043	1|0	1	0,1,0
NA12044	0|1	1	0,1,0
NA12056	1|0	1	0,1,0
NA12144	0|1	1	0,1,0
NA12145	1|1	2	0,0,1
NA12146	0|0	0	1,0,0
NA12154	1|1	2	0,0,1
NA12155	1|1	2	0,0,1
NA12156	0|0	0	1,0,0
NA12234	1|1	2	0,0,1
NA12249	0|0	0	1,0,0
NA12716	0|1	1	0,1,0
NA12717	1|1	2	0,0,1
NA12740	1|1	2	0,0,1
NA12750	1|1	2	0,0,1
NA12751	0|1	1	0,1,0
NA12752	1|0	1	0,1,0
NA12760	1|1	2	0,0,1
NA12761	1|0	1	0,1,0
NA12762	0|1	1	0,1,0
NA12763	0|1	1	0,1,0
NA12802	1|0	1	0,1,0
NA12812	0|1	1	0,1,0
NA12813	1|0	1	0,1,0
NA12815	0|1	1	0,1,0
NA12864	0|0	0	1,0,0
NA12872	0|0	0	1,0,0
NA12873	0|0	0	1,0,0
NA12874	0|0	0	1,0,0
NA12878	1|1	2	0,0,1
NA12891	1|1	2	0,0,1
NA20502	1|1	2	0,0,1
NA20504	0|0	0	1,0,0
NA20505	1|0	1	0,1,0
NA20506	0|0	0	1,0,0
NA20508	1|1	2	0,0,1
NA20509	0|1	1	0,1,0
NA20510	0|1	1	0,1,0
NA20512	0|1	1	0,1,0
NA20515	0|0	0	1,0,0
NA20516	0|1	1	0,1,0
NA20517	1|0	1	0,1,0
NA20518	1|0	1	0,1,0
NA20519	0|0	0	1,0,0
NA20520	0|0	0	1,0,0
NA20521	0|0	0	1,0,0
NA20522	0|1	1	0,1,0
NA20525	0|1	1	0,1,0
NA20527	1|0	1	0,1,0
NA20528	0|1	1	0,1,0
NA20529	1|0	1	0,1,0
NA20530	1|1	2	0,0,1
NA20531	1|0	1	0,1,0
NA20534	1|0	1	0,1,0
NA20535	0|0	0	1,0,0
NA20538	0|0	0	1,0,0
NA20539	1|1	2	0,0,1
NA20540	0|0	0	1,0,0
NA20541	1|1	2	0,0,1
NA18526	1|1	2	0,0,1
NA18532	0|0	0.03	0.97,0.03,0
NA18537	1|1	2	0,0,1
NA18547	1|1	2	0,0,1
NA18550	0|0	0	1,0,0
NA18555	1|1	1.86	0,0.14,0.86
NA18561	0|1	1	0,1,0
NA18562	1|1	2	0,0,1
NA18563	0|0	0	1,0,0
NA18566	0|1	1	0,1,0
NA18572	0|0	0	1,0,0
NA18577	0|0	0	1,0,0
NA18582	0|1	1	0,1,0
NA18603	0|0	0	1,0,0
NA18605	1|0	1	0,1,0
NA18606	0|1	1	0,1,0
NA18621	0|1	1	0,1,0
NA18622	1|1	2	0,0,1
NA18628	0|0	0	1,0,0
NA18632	1|0	1.06	0,0.94,0.06
NA18636	0|1	1	0,1,0
NA18647	1|0	1	0,1,0
NA18942	1|1	2	0,0,1
NA18943	0|1	1	0,1,0
NA18945	1|1	2	0,0,1
NA18947	1|1	2	0,0,1
NA18949	1|1	2	0,0,1
NA18951	0|1	1	0,1,0
NA18952	0|0	0	1,0,0
NA18953	1|1	2	0,0,1
NA18956	0|1	1	0,1,0
NA18964	0|0	0.07	0.93,0.07,0
NA18965	1|1	2	0,0,1
NA18973	0|0	0	1,0,0
NA18974	1|1	2	0,0,1
NA18977	1|0	1	0,1,0
NA18980	1|1	2	0,0,1
NA18987	1|1	2	0,0,1
NA18990	1|0	1	0,1,0
NA18994	1|1	2	0,0,1
NA18995	1|1	2	0,0,1
NA19000	1|1	2	0,0,1
NA19003	0|0	0.23	0.78,0.21,0.01
NA19010	0|1	1.04	0,0.96,0.04
