NA06985	1|0	1	0,1,0
NA06991	1|0	1	0,1,0
NA06993	1|0	1	0,1,0
NA06994	0|0	0	1,0,0
NA07000	0|1	1	0,1,0
NA07022	0|0	0	1,0,0
NA07048	1|1	2	0,0,1
NA07056	1|0	1	0,1,0
NA07345	0|1	1	0,1,0
NA07348	0|0	0	1,0,0
NA07357	0|0	0	1,0,0
NA10830	1|1	2	0,0,1
NA10835	0|0	0	1,0,0
NA10838	1|1	2	0,0,1
NA10839	1|0	1	0,1,0
NA10847	0|1	1	0,1,0
NA10851	1|1	2	0,0,1
NA10857	0|1	1	0,1,0
NA10859	0|1	1	0,1,0
NA10860	1|0	1	0,1,0
NA11829	1|0	1	0,1,0
NA11830	1|1	2	0,0,1
NA11831	1|1	2	0,0,1
NA11832	0|0	0	1,0,0
NA11840	1|1	2	0,0,1
NA11881	0|0	0	1,0,0
NA11992	1|1	2	0,0,1
NA11994	1|1	2	0,0,1
NA11995	0|0	0	1,0,0
NA12003	0|1	1	0,1,0
NA12004	1|1	2	0,0,1
NA12005	1|0	1	0,1,0
NA12006	0|0	0	1,0,0
NA12043	1|0	1	0,1,0
NA12044	0|1	1	0,1,0
NA12056	1|0	1	0,1,0
NA12144	0|1	1	0,1,0
NA12145	1|1	2	0,0,1
NA12146	0|0	0	1,0,0
NA12154	1|1	2	0,0,1
NA12155	1|1	2	0,0,1
NA12156	0|0	0	1,0,0
NA12234	1|1	2	0,0,1
NA12249	0|0	0	1,0,0
NA12716	0|1	1	0,1,0
NA12717	1|1	2	0,0,1
NA12740	1|1	2	0,0,1
NA12750	1|1	2	0,0,1
NA12751	0|1	1	0,1,0
NA12752	1|0	1	0,1,0
NA12760	1|1	2	0,0,1
NA12761	1|0	1	0,1,0
NA12762	0|1	1	0,1,0
NA12763	0|1	1	0,1,0
NA12802	1|0	1	0,1,0
NA12812	0|1	1	0,1,0
NA12813	1|0	1	0,1,0
NA12815	0|1	1	0,1,0
NA12864	0|0	0	1,0,0
NA12872	0|0	0	1,0,0
NA12873	0|0	0	1,0,0
NA12874	0|0	0	1,0,0
NA12878	1|1	2	0,0,1
NA12891	1|1	2	0,0,1
NA20502	1|1	2	0,0,1
NA20504	0|0	0	1,0,0
NA20505	1|0	1	0,1,0
NA20506	0|0	0	1,0,0
NA20508	1|1	2	0,0,1
NA20509	0|1	1	0,1,0
NA20510	0|1	1	0,1,0
NA20512	0|1	1	0,1,0
NA20515	0|0	0	1,0,0
NA20516	0|1	1	0,1,0
NA20517	1|0	1	0,1,0
NA20518	1|0	1	0,1,0
NA20519	0|0	0	1,0,0
NA20520	0|0	0	1,0,0
NA20521	0|0	0	1,0,0
NA20522	0|1	1	0,1,0
NA20525	0|1	1	0,1,0
NA20527	1|0	1	0,1,0
NA20528	0|1	1	0,1,0
NA20529	1|0	1	0,1,0
NA20530	1|1	2	0,0,1
NA20531	1|0	1	0,1,0
NA20534	1|0	1	0,1,0
NA20535	0|0	0	1,0,0
NA20538	0|0	0	1,0,0
NA20539	1|1	2	0,0,1
NA20540	0|0	0	1,0,0
NA20541	1|1	2	0,0,1
