NA06985	0|1	0.54	0.46,0.54,0
NA06991	0|0	0	1,0,0
NA06993	0|1	0.89	0.11,0.89,0
NA06994	0|0	0	1,0,0
NA07000	0|0	0.08	0.92,0.08,0
NA07019	1|1	2	0,0,1
NA07022	1|1	1.78	0,0.22,0.78
NA07029	0|0	0	1,0,0
NA07034	0|0	0	1,0,0
NA07048	1|0	1	0,1,0
NA07055	1|0	1	0,1,0
NA07056	1|1	2	0,0,1
NA07345	0|1	1.34	0,0.66,0.34
NA07348	1|1	2	0,0,1
NA07357	0|1	1	0,1,0
NA10830	0|1	1	0,1,0
NA10831	1|0	1	0,1,0
NA10835	0|0	0	1,0,0
NA10838	0|1	1	0,1,0
NA10839	1|0	1	0,1,0
NA10846	0|1	1	0,1,0
NA10847	0|1	1	0,1,0
NA10851	0|0	0	1,0,0
NA10854	0|0	0.02	0.98,0.02,0
NA10855	0|0	0	1,0,0
NA10857	1|0	1	0,1,0
NA10859	0|1	1	0,1,0
NA10860	0|0	0	1,0,0
NA10861	1|1	2	0,0,1
NA10863	1|1	2	0,0,1
NA11829	0|1	1	0,1,0
NA11830	0|1	0.92	0.08,0.92,0
NA11831	0|1	1	0,1,0
NA11832	0|0	0	1,0,0
NA11839	0|0	0	1,0,0
NA11840	0|0	0	1,0,0
NA11881	0|1	1	0,1,0
NA11882	0|1	0.78	0.22,0.78,0
NA11992	0|0	0	1,0,0
NA11993	0|1	1	0,1,0
NA11994	1|1	2	0,0,1
NA11995	1|0	1	0,1,0
NA12003	1|1	2	0,0,1
NA12004	0|0	0	1,0,0
NA12005	0|0	0	1,0,0
NA12006	1|0	1	0,1,0
NA12043	1|0	0.54	0.46,0.54,0
NA12044	1|1	2	0,0,1
NA12056	0|0	0	1,0,0
NA12057	0|1	1	0,1,0
NA12144	0|1	1	0,1,0
NA12145	1|1	2	0,0,1
NA12146	1|1	2	0,0,1
NA12154	0|0	0	1,0,0
NA12155	1|0	1	0,1,0
NA12156	0|1	1	0,1,0
NA12234	1|1	1.96	0,0.04,0.96
NA12236	1|1	1.71	0,0.29,0.71
NA12239	0|1	0.95	0.05,0.95,0
NA12248	1|0	0.78	0.22,0.78,0
NA12249	0|1	1	0,1,0
NA12264	1|1	1.98	0,0.02,0.98
NA12707	1|0	1	0,1,0
NA12716	0|1	1	0,1,0
NA12717	1|1	2	0,0,1
NA12740	1|1	2	0,0,1
NA12750	1|1	2	0,0,1
NA12751	1|1	1.98	0,0.02,0.98
NA12752	1|1	2	0,0,1
NA12753	0|1	1	0,1,0
NA12760	1|1	2	0,0,1
NA12761	1|1	2	0,0,1
NA12762	1|0	1	0,1,0
NA12763	1|1	1.88	0,0.12,0.88
NA12801	1|0	1	0,1,0
NA12802	1|1	2	0,0,1
NA12812	0|1	1	0,1,0
NA12813	0|1	1.12	0,0.88,0.12
NA12814	1|1	1.85	0,0.15,0.85
NA12815	1|0	1	0,1,0
NA12864	1|1	2	0,0,1
NA12865	1|1	2	0,0,1
NA12872	1|0	1.09	0,0.91,0.09
NA12873	0|1	1	0,1,0
NA12874	0|1	1	0,1,0
NA12875	1|1	1.98	0,0.02,0.98
NA12878	0|1	1	0,1,0
NA12891	0|1	1	0,1,0
NA12892	1|1	2	0,0,1
NA20502	0|0	0.11	0.89,0.11,0
NA20504	1|1	1.77	0,0.22,0.78
NA20505	0|0	0	1,0,0
NA20506	1|0	1	0,1,0
NA20508	1|0	1	0,1,0
NA20509	1|1	2	0,0,1
NA20510	0|0	0	1,0,0
NA20512	0|0	0.45	0.6,0.35,0.05
NA20515	0|0	0.4	0.6,0.4,0
NA20516	1|0	1.12	0,0.88,0.12
NA20517	1|1	1.98	0,0.02,0.98
NA20518	1|0	1.01	0,0.99,0.01
NA20519	0|0	0	1,0,0
NA20520	1|0	1.08	0,0.92,0.08
NA20521	1|1	1.98	0,0.02,0.98
NA20522	0|0	0.03	0.97,0.03,0
NA20524	0|1	1	0,1,0
NA20525	0|1	1	0,1,0
NA20527	0|0	0	1,0,0
NA20528	1|1	2	0,0,1
NA20529	1|1	1.97	0,0.03,0.97
NA20530	1|1	2	0,0,1
NA20531	1|0	1	0,1,0
NA20534	0|1	0.8	0.2,0.8,0
NA20535	0|1	0.76	0.24,0.76,0
NA20538	0|1	1.34	0,0.66,0.34
NA20539	1|1	2	0,0,1
NA20540	0|0	0	1,0,0
NA20541	0|0	0.13	0.87,0.13,0
NA20542	1|1	1.99	0,0.01,0.99
NA20543	0|1	0.91	0.09,0.91,0
NA20544	0|0	0	1,0,0
NA20581	0|1	1	0,1,0
NA20582	1|0	1.19	0,0.81,0.19
NA20585	1|1	1.93	0,0.07,0.93
NA20586	0|0	0	1,0,0
NA20588	1|1	1.98	0,0.02,0.98
NA20589	0|1	1.1	0,0.9,0.1
NA20752	0|1	1	0,1,0
NA20753	0|0	0.33	0.67,0.33,0
NA20754	1|1	1.81	0,0.19,0.81
NA20755	0|0	0	1,0,0
NA20756	1|0	0.82	0.21,0.76,0.03
NA20758	1|1	2	0,0,1
NA20759	0|1	0.99	0.01,0.99,0
NA20760	0|1	1.47	0,0.53,0.47
NA20761	1|0	1	0,1,0
NA20765	1|0	1	0,1,0
NA20766	1|1	2	0,0,1
NA20768	1|1	2	0,0,1
NA20769	0|1	1	0,1,0
NA20770	1|1	1.83	0,0.17,0.83
NA20771	1|0	0.97	0.03,0.97,0
NA20772	0|0	0	1,0,0
NA20773	1|1	1.75	0.02,0.22,0.76
NA20774	0|1	1.43	0,0.57,0.43
NA20778	1|0	0.61	0.39,0.61,0
NA20783	0|1	0.88	0.12,0.88,0
NA20785	1|0	0.84	0.16,0.84,0
NA20786	1|1	1.8	0,0.2,0.8
NA20787	0|1	1	0,1,0
NA20790	0|0	0	1,0,0
NA20792	1|1	1.95	0,0.05,0.95
NA20796	1|1	2	0,0,1
NA20797	0|0	0	1,0,0
NA20798	0|1	1	0,1,0
NA20799	0|0	0	1,0,0
NA20800	1|0	1	0,1,0
NA20801	1|0	1	0,1,0
NA20802	0|0	0.04	0.96,0.04,0
NA20803	0|0	0	1,0,0
NA20804	0|1	1	0,1,0
NA20805	0|1	0.85	0.16,0.84,0
NA20806	1|0	1.13	0,0.87,0.13
NA20807	0|1	0.86	0.3,0.55,0.15
NA20808	0|0	0.2	0.8,0.2,0
NA20809	0|0	0.18	0.82,0.18,0
NA20810	1|0	1.28	0,0.72,0.28
NA20811	0|0	0	1,0,0
NA20812	1|1	1.99	0,0.01,0.99
NA20813	0|0	0.07	0.93,0.07,0
NA20815	1|0	0.95	0.05,0.95,0
NA20818	1|1	1.77	0,0.23,0.77
NA20819	1|0	0.99	0.01,0.99,0
NA20826	0|0	0	1,0,0
NA20828	0|1	1.32	0,0.68,0.32
