NA18498	1|1	0,0,1
NA18502	1|1	0,0.000999987,0.999
NA18505	1|1	6.99999e-05,0.01886,0.98107
NA18507	1|1	0,0.00599998,0.994
NA18508	0|0	1,0,0
NA18517	1|1	0,0.00199997,0.998
NA18519	1|1	0,0,1
NA18867	0|1	0,1,0
NA18870	1|1	0,0.028,0.972
NA18910	1|1	3.9999e-06,0.00399195,0.996004
NA19092	1|1	0,0.00199997,0.998
NA19098	1|1	0,0,1
NA19099	1|0	0.015968,0.982064,0.001968
NA19102	1|0	0.005,0.995,0
NA19108	1|0	0.00599998,0.994,0
NA19118	1|1	0,0,1
NA19119	0|0	1,0,0
NA19129	1|0	0,1,0
NA19130	1|1	2.99996e-05,0.03094,0.96903
NA19141	1|1	0,0.00700003,0.993
NA19146	1|1	0,0.000999987,0.999
NA19150	1|1	0,0.009,0.991
NA19152	1|1	6.00001e-05,0.01688,0.98306
NA19160	0|1	0.00800002,0.992,0
NA19171	1|1	5.40004e-05,0.020892,0.979054
NA19189	1|0	0.00300002,0.997,0
NA19204	1|1	0,0.00199997,0.998
NA19206	0|1	0.00700003,0.993,0
NA19207	0|1	0,0.999,0.001
NA19209	1|1	7.99991e-06,0.00598398,0.994008
NA19213	1|1	0,0.025,0.975
NA19240	1|1	0,0.016,0.984
NA11829	1|1	0,0,1
NA11830	0|1	0.00199997,0.998,0
NA11831	1|1	9.60004e-05,0.019808,0.980096
NA11832	1|1	0,0.00300002,0.997
NA11840	1|1	5.99996e-06,0.004988,0.995006
NA11881	1|1	0,0.000999987,0.999
NA11994	1|1	0,0.00199997,0.998
NA11995	1|1	0,0,1
NA12004	1|0	0.000999987,0.999,0
NA12005	1|1	0,0.009,0.991
NA12043	0|1	0.00400001,0.996,0
NA12044	1|0	0,1,0
NA12144	0|0	0.995004,0.004992,4e-06
NA12154	1|1	0,0.018,0.982
NA12155	1|0	0,1,0
NA12156	1|1	0,0.000999987,0.999
NA12234	1|1	0,0.00300002,0.997
NA12717	0|1	0.00298802,0.993024,0.003988
NA12750	1|1	0.000288,0.040424,0.959288
NA12760	0|1	0,1,0
NA12761	0|1	0,0.997,0.003
NA12762	1|0	0.00691603,0.981168,0.011916
NA12763	1|1	0,0.000999987,0.999
NA12812	1|1	0,0,1
NA12813	1|1	0,0.00800002,0.992
NA12814	1|1	0,0.011,0.989
NA12815	0|0	1,0,0
NA12872	1|1	1.19998e-05,0.00797596,0.992012
NA12873	1|0	0.008991,0.990018,0.000991
NA12874	0|1	0,1,0
NA12878	1|0	0,0.989,0.011
NA18526	1|1	4e-05,0.01292,0.98704
NA18537	1|1	3.99996e-06,0.004992,0.995004
NA18550	0|1	0,0.998,0.002
NA18555	1|1	0,0.00199997,0.998
NA18562	1|1	5.99996e-06,0.004988,0.995006
NA18563	1|0	0.008991,0.990018,0.000991
NA18582	1|1	0,0.00199997,0.998
NA18603	1|1	0,0,1
NA18606	0|1	0.009,0.991,0
NA18621	1|0	0.00799202,0.991016,0.000992
NA18622	1|1	0.000293999,0.054412,0.945294
NA18628	1|1	0.000245999,0.046508,0.953246
NA18632	0|1	0.005,0.995,0
NA18636	1|1	0,0.018,0.982
NA18647	1|1	0,0.00400001,0.996
NA18942	1|0	0,1,0
NA18945	0|1	0,1,0
NA18947	1|0	0.00797602,0.989048,0.002976
NA18951	1|0	0.00399601,0.995008,0.000996
NA18952	1|0	0.00599998,0.994,0
NA18953	1|0	0,0.996,0.004
NA18956	1|0	0,1,0
NA18965	0|1	0,1,0
NA18970	0|1	0.005,0.995,0
NA18973	1|1	0,0.00199997,0.998
NA18977	1|1	1.79998e-05,0.018964,0.981018
NA18987	1|1	0,0.009,0.991
NA18990	1|0	0.029,0.971,0
NA18995	0|1	0.00800002,0.992,0
NA19003	1|1	0,0.00199997,0.998
NA19010	1|0	0,0.998,0.002
