NA18498	0|0	0	1,0,0
NA18502	0|0	0	1,0,0
NA18505	0|0	0	1,0,0
NA18507	1|1	2	0,0,1
NA18508	0|1	1	0,1,0
NA18517	0|1	0.82	0.18,0.82,0
NA18519	0|1	1.3	0.1,0.49,0.41
NA18867	0|0	0	1,0,0
NA18870	1|1	1.99	0,0.01,0.99
NA19092	0|0	0	1,0,0
NA19098	0|0	0	1,0,0
NA19099	0|0	0	1,0,0
NA19102	0|0	0	1,0,0
NA19108	0|0	0	1,0,0
NA19118	0|0	0	1,0,0
NA19119	0|0	0	1,0,0
NA19129	0|1	1	0,1,0
NA19130	0|0	0	1,0,0
NA19146	1|0	0.51	0.49,0.51,0
NA19152	1|0	1	0,1,0
NA19160	0|0	0.28	0.72,0.28,0
NA19171	1|0	1	0,1,0
NA19204	0|0	0	1,0,0
NA19207	1|0	0.91	0.1,0.9,0
NA19209	1|0	0.92	0.08,0.92,0
NA19213	0|0	0.31	0.69,0.31,0
NA19240	0|1	1	0,1,0
NA11829	0|0	0	1,0,0
NA11831	0|1	1	0,1,0
NA11832	1|1	2	0,0,1
NA11840	1|1	2	0,0,1
NA11881	0|1	1	0,1,0
NA11994	0|0	0.4	0.6,0.4,0
NA11995	1|1	2	0,0,1
NA12004	1|1	1.44	0.07,0.43,0.5
NA12005	1|1	1.95	0,0.05,0.95
NA12043	1|1	1.91	0,0.09,0.91
NA12044	1|0	1	0,1,0
NA12144	0|0	0	1,0,0
NA12154	0|0	0.14	0.86,0.14,0
NA12155	1|1	2	0,0,1
NA12156	1|0	1	0,1,0
NA12234	0|1	1.48	0,0.52,0.48
NA12717	0|1	1.06	0,0.94,0.06
NA12750	1|1	2	0,0,1
NA12760	0|0	0	1,0,0
NA12761	0|0	0	1,0,0
NA12762	1|0	1.11	0,0.89,0.11
NA12763	0|0	0	1,0,0
NA12812	1|1	1.8	0,0.2,0.8
NA12813	0|0	0.48	0.52,0.48,0
NA12814	0|0	0	1,0,0
NA12815	1|1	1.91	0,0.09,0.91
NA12872	0|1	1	0,1,0
NA12873	0|0	0	1,0,0
NA12874	0|1	1	0,1,0
NA12878	0|0	0.01	0.99,0.01,0
NA18526	0|0	0	1,0,0
NA18537	0|0	0	1,0,0
NA18550	1|0	0.76	0.24,0.76,0
NA18555	0|0	0.18	0.82,0.18,0
NA18562	0|0	0	1,0,0
NA18563	0|0	0	1,0,0
NA18582	0|0	0	1,0,0
NA18603	0|0	0	1,0,0
NA18606	0|0	0	1,0,0
NA18621	0|0	0	1,0,0
NA18622	0|0	0	1,0,0
NA18628	0|0	0	1,0,0
NA18632	0|0	0	1,0,0
NA18636	0|0	0	1,0,0
NA18647	0|0	0	1,0,0
NA18942	1|0	1	0,1,0
NA18945	0|0	0	1,0,0
NA18947	0|0	0.08	0.92,0.08,0
NA18951	0|0	0	1,0,0
NA18952	0|0	0.02	0.98,0.02,0
NA18953	0|0	0	1,0,0
NA18965	0|0	0	1,0,0
NA18970	0|1	1	0,1,0
NA18973	0|0	0	1,0,0
NA18977	0|0	0.01	0.99,0.01,0
NA18987	0|0	0	1,0,0
NA18990	0|0	0.27	0.73,0.27,0
NA18995	0|0	0.2	0.8,0.2,0
NA19003	0|0	0	1,0,0
