NA18498	0|0	0	1,0,0
NA18502	0|0	0	1,0,0
NA18505	0|0	0	1,0,0
NA18507	0|0	0	1,0,0
NA18508	0|0	0	1,0,0
NA18517	0|0	0	1,0,0
NA18519	0|0	0	1,0,0
NA18867	0|0	0	1,0,0
NA18870	0|0	0	1,0,0
NA18910	0|0	0	1,0,0
NA19092	0|0	0	1,0,0
NA19098	0|0	0	1,0,0
NA19099	0|0	0	1,0,0
NA19102	0|0	0	1,0,0
NA19108	0|0	0	1,0,0
NA19118	0|0	0	1,0,0
NA19119	0|0	0	1,0,0
NA19129	0|0	0	1,0,0
NA19130	0|0	0	1,0,0
NA19141	0|0	0	1,0,0
NA19146	0|0	0	1,0,0
NA19150	0|0	0	1,0,0
NA19152	0|0	0	1,0,0
NA19160	0|0	0	1,0,0
NA19171	0|0	0	1,0,0
NA19189	0|0	0	1,0,0
NA19204	0|0	0	1,0,0
NA19206	0|0	0	1,0,0
NA19207	0|0	0	1,0,0
NA19209	0|0	0	1,0,0
NA19213	0|0	0	1,0,0
NA19240	0|0	0	1,0,0
NA11829	0|0	0	1,0,0
NA11830	0|0	0	1,0,0
NA11831	0|0	0	1,0,0
NA11832	0|0	0	1,0,0
NA11840	0|0	0	1,0,0
NA11881	1|0	1	0,1,0
NA11994	0|0	0	1,0,0
NA11995	0|0	0	1,0,0
NA12004	0|0	0	1,0,0
NA12005	0|0	0	1,0,0
NA12043	0|0	0	1,0,0
NA12044	0|1	1	0,1,0
NA12144	0|0	0	1,0,0
NA12154	0|0	0	1,0,0
NA12155	0|0	0	1,0,0
NA12156	0|0	0	1,0,0
NA12234	0|0	0	1,0,0
NA12717	0|0	0	1,0,0
NA12750	1|0	1	0,1,0
NA12760	0|0	0	1,0,0
NA12761	0|0	0	1,0,0
NA12762	0|0	0	1,0,0
NA12763	0|0	0	1,0,0
NA12812	0|0	0	1,0,0
NA12813	0|0	0	1,0,0
NA12814	0|0	0	1,0,0
NA12815	0|0	0	1,0,0
NA12872	0|0	0	1,0,0
NA12873	0|0	0	1,0,0
NA12874	0|0	0	1,0,0
NA12878	0|0	0	1,0,0
NA18526	1|0	1	0,1,0
NA18537	1|1	2	0,0,1
NA18550	0|0	0	1,0,0
NA18555	1|0	1	0,1,0
NA18562	0|1	1	0,1,0
NA18563	0|1	1	0,1,0
NA18582	0|0	0	1,0,0
NA18603	1|1	2	0,0,1
NA18606	0|1	1	0,1,0
NA18621	1|1	2	0,0,1
NA18622	1|0	1	0,1,0
NA18628	1|0	1	0,1,0
NA18632	0|0	0	1,0,0
NA18636	1|0	1	0,1,0
NA18647	1|0	1	0,1,0
NA18942	1|0	1	0,1,0
NA18945	0|0	0	1,0,0
NA18947	0|0	0	1,0,0
NA18951	1|0	1	0,1,0
NA18952	1|1	2	0,0,1
NA18953	0|1	1	0,1,0
NA18956	0|0	0	1,0,0
NA18965	1|0	1	0,1,0
NA18970	1|0	1	0,1,0
NA18973	0|1	1	0,1,0
NA18977	0|0	0	1,0,0
NA18987	0|1	1	0,1,0
NA18990	0|0	0	1,0,0
NA18995	1|0	1	0,1,0
NA19003	1|0	1	0,1,0
NA19010	1|0	1	0,1,0
