NA18526	0|1	1	0,1,0
NA18537	1|0	1.21	0.03,0.73,0.24
NA18550	0|0	0.17	0.83,0.17,0
NA18555	1|1	2	0,0,1
NA18562	0	0.02	0.98,0.02
NA18563	1	1	0,1
NA18582	0|0	0.02	0.98,0.02,0
NA18603	0	0	1,0
NA18606	0	0	1,0
NA18621	0	0.05	0.95,0.05
NA18622	1	0.68	0.32,0.68
NA18628	0|1	1	0,1,0
NA18632	0	0	1,0
NA18636	0	0.09	0.91,0.09
NA18647	0	0	1,0
NA18942	1|0	1	0,1,0
NA18945	1	1	0,1
NA18947	0|0	0.04	0.96,0.04,0
NA18951	1|0	1	0,1,0
NA18952	0	0	1,0
NA18953	1	1	0,1
NA18965	0	0.01	0.99,0.01
NA18970	0	0	1,0
NA18977	1	0.97	0.03,0.97
NA18987	0|1	1.03	0,0.97,0.03
NA18990	0	0	1,0
NA18995	0	0.03	0.97,0.03
NA19003	0|1	1	0,1,0
NA19010	1|1	2	0,0,1
