NA18526	0|0	0.01	0.99,0.01,0
NA18532	0|0	0.49	0.53,0.45,0.02
NA18537	0|0	0.08	0.92,0.08,0
NA18542	0|0	0.34	0.66,0.33,0.01
NA18545	0|0	0.15	0.85,0.15,0
NA18547	1|1	1.58	0.03,0.36,0.61
NA18550	1|0	1.01	0,0.99,0.01
NA18552	0|1	1	0,1,0
NA18555	0|0	0.36	0.64,0.36,0
NA18558	1|0	1.01	0,0.99,0.01
NA18561	0|0	0.02	0.98,0.02,0
NA18562	0|0	0.27	0.73,0.27,0
NA18563	0|0	0.28	0.74,0.25,0.02
NA18564	0|0	0.01	0.99,0.01,0
NA18566	0|1	1	0,1,0
NA18570	0|0	0.16	0.84,0.16,0
NA18571	0|0	0.18	0.83,0.17,0.01
NA18572	0|0	0.28	0.72,0.28,0
NA18573	0|0	0.37	0.65,0.32,0.03
NA18577	0|0	0.15	0.85,0.15,0
NA18579	1|0	0.95	0.05,0.95,0
NA18582	0|0	0.48	0.56,0.4,0.04
NA18592	0|0	0.43	0.62,0.34,0.05
NA18593	0|0	0.29	0.71,0.29,0
NA18603	0|0	0.03	0.97,0.03,0
NA18605	1|0	0.94	0.12,0.83,0.06
NA18608	0|1	1.4	0.03,0.53,0.43
NA18609	0|0	0.05	0.95,0.05,0
NA18611	0|0	0	1,0,0
NA18612	0|0	0.08	0.92,0.08,0
NA18620	1|0	1.11	0,0.89,0.11
NA18621	0|0	0.15	0.85,0.15,0
NA18622	1|0	0.82	0.18,0.82,0
NA18623	0|1	1	0,1,0
NA18624	1|0	0.95	0.05,0.95,0
NA18632	0|0	0.14	0.87,0.13,0
NA18633	0|0	0	1,0,0
NA18635	0|0	0.13	0.87,0.13,0
NA18636	0|0	0.16	0.84,0.16,0
NA18637	0|0	0.29	0.71,0.29,0
NA18940	0|0	0.03	0.97,0.03,0
NA18942	0|1	0.91	0.11,0.87,0.02
NA18943	0|0	0.54	0.49,0.49,0.02
NA18944	1|1	1.91	0,0.09,0.91
NA18945	0|0	0.21	0.79,0.21,0
NA18947	0|1	1.05	0,0.95,0.05
NA18948	1|0	0.89	0.11,0.89,0
NA18949	0|1	0.74	0.26,0.74,0
NA18951	1|1	1.91	0,0.09,0.91
NA18952	0|1	0.61	0.43,0.53,0.04
NA18953	0|0	0.02	0.98,0.02,0
NA18956	0|0	0.24	0.76,0.24,0
NA18959	0|0	0.09	0.91,0.09,0
NA18960	0|0	0.1	0.9,0.1,0
NA18961	0|0	0.01	0.99,0.01,0
NA18964	0|0	0.16	0.84,0.16,0
NA18965	0|0	0.26	0.74,0.25,0.01
NA18966	0|0	0.49	0.55,0.4,0.04
NA18967	1|1	2	0,0,1
NA18968	0|0	0.18	0.83,0.17,0.01
NA18969	0|0	0.27	0.73,0.26,0.01
NA18970	0|0	0.21	0.79,0.21,0
NA18971	1|0	0.96	0.04,0.96,0
NA18972	0|1	0.93	0.12,0.83,0.05
NA18973	0|0	0.01	0.99,0.01,0
NA18974	0|1	0.99	0.01,0.99,0
NA18975	1|0	1.13	0,0.87,0.13
NA18976	1|1	1.99	0,0.01,0.99
NA18978	1|0	0.61	0.39,0.61,0
NA18980	0|1	0.71	0.3,0.69,0.01
NA18981	0|0	0.28	0.72,0.28,0
NA18987	1|0	0.56	0.44,0.56,0
NA18990	0|0	0.23	0.77,0.23,0
NA18991	1|0	0.54	0.46,0.54,0
NA18992	0|0	0.06	0.94,0.06,0
NA18994	1|0	1.03	0,0.97,0.03
NA18995	1|0	0.87	0.13,0.87,0
NA18997	0|0	0.06	0.94,0.06,0
NA18998	0|1	1.01	0,0.99,0.01
NA18999	0|0	0.02	0.98,0.02,0
NA19000	1|0	1.02	0.01,0.97,0.02
NA19003	1|1	2	0,0,1
NA19005	0|0	0.02	0.98,0.02,0
NA19007	0|0	0.36	0.64,0.36,0
NA19012	1|0	1.09	0.02,0.87,0.11
