NA11829	1|0	0.357,0.643,0
NA11830	1|0	0,1,0
NA11831	0|1	0.000711991,0.711576,0.287712
NA11832	0|0	0.999,0.001,0
NA11840	1|1	0,0,1
NA11881	1|1	0,0.005,0.995
NA11994	0|0	1,0,0
NA11995	1|1	0,0,1
NA12004	0|1	0.00699303,0.992014,0.000993
NA12005	0|0	1,0,0
NA12043	0|1	0.00192798,0.962144,0.035928
NA12044	0|0	1,0,0
NA12144	0|0	0.999,0.001,0
NA12154	0|0	0.945,0.055,0
NA12155	1|0	0.00700003,0.993,0
NA12156	1|0	0,1,0
NA12234	1|0	0.117,0.883,0
NA12717	0|0	1,0,0
NA12750	0|1	0.031968,0.967064,0.000968
NA12760	0|0	0.98,0.02,0
NA12762	0|0	0.999,0.001,0
NA12763	1|1	0.003584,0.262832,0.733584
NA12812	0|0	0.833,0.167,0
NA12813	0|0	0.997,0.003,0
NA12814	0|0	0.999,0.001,0
NA12815	1|0	0.000968988,0.968062,0.030969
NA12872	0|0	1,0,0
NA12873	1|0	0,1,0
NA12874	0|0	0.987,0.013,0
NA12878	0|0	0.999,0.001,0
