NA18526	0|0	0.999,0.001,0
NA18537	0|0	1,0,0
NA18550	0|0	1,0,0
NA18555	1|0	0.239,0.761,0
NA18562	0|0	1,0,0
NA18563	0|0	1,0,0
NA18582	0|0	1,0,0
NA18603	0|0	1,0,0
NA18606	0|0	0.98,0.02,0
NA18621	0|0	1,0,0
NA18622	0|0	1,0,0
NA18628	0|0	1,0,0
NA18632	0|0	1,0,0
NA18636	0|0	1,0,0
NA18647	0|0	1,0,0
NA18942	1|0	0,0.999,0.001
NA18945	0|0	1,0,0
NA18947	0|0	0.563439,0.393122,0.043439
NA18951	0|0	1,0,0
NA18952	0|0	0.743,0.257,0
NA18953	0|0	1,0,0
NA18965	0|0	0.999,0.001,0
NA18970	0|1	0,1,0
NA18973	0|0	1,0,0
NA18977	0|0	1,0,0
NA18987	0|0	1,0,0
NA18990	0|0	1,0,0
NA18995	1|0	0,1,0
NA19003	0|0	1,0,0
