NA11829	0|0	1,0,0
NA11831	0|1	0.00400001,0.996,0
NA11832	1|1	0,0.00599998,0.994
NA11840	1|1	0,0.00300002,0.997
NA11881	0|1	0.000999987,0.999,0
NA11994	0|1	0.019,0.981,0
NA11995	1|1	0,0,1
NA12004	1|1	0.015093,0.215814,0.769093
NA12005	1|1	0,0.263,0.737
NA12043	1|1	0,0.00599998,0.994
NA12044	1|0	0.017,0.983,0
NA12144	0|0	1,0,0
NA12154	0|1	0.00299402,0.995012,0.001994
NA12155	1|1	0,0.00599998,0.994
NA12156	1|0	0.00199997,0.998,0
NA12234	1|1	0,0.026,0.974
NA12717	1|1	0,0.169,0.831
NA12750	1|1	0.000123998,0.063752,0.936124
NA12760	0|0	0.991,0.009,0
NA12761	0|0	1,0,0
NA12762	1|0	0.009,0.991,0
NA12763	0|0	1,0,0
NA12812	1|1	0,0.00599998,0.994
NA12813	1|0	0.48,0.52,0
NA12814	0|0	0.996003,0.003994,3e-06
NA12815	1|1	0,0.064,0.936
NA12872	0|1	0,1,0
NA12873	0|0	0.999,0.001,0
NA12874	0|1	0,1,0
NA12878	0|0	0.954,0.046,0
