NA06985	0|0	1,0,0
NA06991	0|0	1,0,0
NA06993	0|0	1,0,0
NA06994	0|0	1,0,0
NA07000	1|0	0,1,0
NA07019	1|0	0,1,0
NA07022	0|0	1,0,0
NA07029	0|0	0.997,0.003,0
NA07034	0|0	1,0,0
NA07048	0|1	0,1,0
NA07055	1|0	0,1,0
NA07056	1|1	0,0.165,0.835
NA07345	1|0	0,1,0
NA07348	0|0	1,0,0
NA07357	0|0	0.999,0.001,0
NA10830	0|0	1,0,0
NA10831	0|1	0,1,0
NA10835	1|0	0,1,0
NA10838	0|0	1,0,0
NA10839	0|0	1,0,0
NA10846	0|1	0,1,0
NA10847	0|0	1,0,0
NA10851	0|0	0.999,0.001,0
NA10854	0|0	1,0,0
NA10855	0|0	1,0,0
NA10856	0|0	1,0,0
NA10857	0|1	0.00300002,0.997,0
NA10859	0|0	1,0,0
NA10860	0|0	1,0,0
NA10861	0|0	1,0,0
NA10863	0|0	0.999,0.001,0
NA11829	0|0	1,0,0
NA11830	0|0	1,0,0
NA11831	0|0	1,0,0
NA11832	0|0	1,0,0
NA11839	0|0	1,0,0
NA11840	0|0	1,0,0
NA11881	0|0	1,0,0
NA11882	0|0	0.998,0.002,0
NA11992	0|0	1,0,0
NA11993	0|0	1,0,0
NA11994	0|1	0.000999987,0.999,0
NA11995	0|0	1,0,0
NA12003	0|0	1,0,0
NA12004	0|1	0.015,0.985,0
NA12005	0|0	1,0,0
NA12006	0|0	1,0,0
NA12043	0|0	1,0,0
NA12044	1|0	0.205568,0.584864,0.209568
NA12056	0|0	0.998001,0.001998,1e-06
NA12057	0|0	1,0,0
NA12144	0|0	1,0,0
NA12145	0|1	0,1,0
NA12146	0|0	1,0,0
NA12154	0|0	1,0,0
NA12155	0|0	1,0,0
NA12156	0|1	0,1,0
NA12234	0|0	0.997,0.003,0
NA12236	0|0	1,0,0
NA12239	1|0	0.000999987,0.999,0
NA12248	1|1	0,0.00400001,0.996
NA12249	0|0	1,0,0
NA12264	0|0	1,0,0
NA12707	0|0	1,0,0
NA12716	0|0	1,0,0
NA12717	0|0	1,0,0
NA12740	0|1	0,1,0
NA12750	0|0	1,0,0
NA12751	1|0	0,1,0
NA12752	1|0	0,1,0
NA12753	0|0	1,0,0
NA12760	1|0	0,1,0
NA12761	0|0	1,0,0
NA12762	0|0	1,0,0
NA12763	0|0	1,0,0
NA12801	0|0	1,0,0
NA12802	0|0	1,0,0
NA12812	0|0	1,0,0
NA12813	0|0	1,0,0
NA12814	0|0	1,0,0
NA12815	0|0	1,0,0
NA12864	0|0	1,0,0
NA12865	1|0	0,1,0
NA12872	0|0	1,0,0
NA12873	0|0	1,0,0
NA12874	1|1	0,0.00700003,0.993
NA12875	0|0	1,0,0
NA12878	0|0	1,0,0
NA12891	0|0	1,0,0
NA12892	0|0	1,0,0
NA20502	0|0	1,0,0
NA20504	0|0	1,0,0
NA20505	0|0	1,0,0
NA20506	0|0	1,0,0
NA20508	0|0	1,0,0
NA20509	0|0	1,0,0
NA20510	1|0	0,1,0
NA20512	0|0	0.999,0.001,0
NA20515	0|0	1,0,0
NA20516	1|0	0,1,0
NA20517	1|0	0,1,0
NA20518	0|0	0.998001,0.001998,1e-06
NA20519	1|0	0,1,0
NA20520	1|0	0,1,0
NA20521	0|1	0,1,0
NA20522	0|0	0.999,0.001,0
NA20524	0|1	0,1,0
NA20525	0|0	0.994,0.006,0
NA20527	0|0	1,0,0
NA20528	1|0	0.000999987,0.999,0
NA20529	0|0	1,0,0
NA20530	1|0	0.012,0.988,0
NA20531	0|1	0.000999987,0.999,0
NA20534	0|0	0.997,0.003,0
NA20535	0|1	0.00300002,0.997,0
NA20538	1|0	0.000999987,0.999,0
NA20539	0|0	1,0,0
NA20540	0|0	0.999,0.001,0
NA20541	1|1	9.99986e-06,0.00697997,0.99301
NA20542	0|0	1,0,0
NA20543	0|0	1,0,0
NA20544	0|0	1,0,0
NA20581	0|0	1,0,0
NA20582	0|0	1,0,0
NA20585	0|0	1,0,0
NA20586	0|0	0.999,0.001,0
NA20588	0|0	1,0,0
NA20589	0|1	0,1,0
NA20752	0|0	1,0,0
NA20753	0|0	1,0,0
NA20754	1|0	0.000999987,0.999,0
NA20755	0|0	1,0,0
NA20756	0|0	1,0,0
NA20757	0|0	0.999,0.001,0
NA20758	0|1	0.00999999,0.99,0
NA20759	0|0	1,0,0
NA20760	0|0	1,0,0
NA20761	0|0	1,0,0
NA20765	0|0	1,0,0
NA20766	0|0	1,0,0
NA20768	0|0	1,0,0
NA20769	0|0	1,0,0
NA20770	0|0	1,0,0
NA20771	0|0	1,0,0
NA20772	0|0	1,0,0
NA20773	0|0	1,0,0
NA20774	0|1	0.000998987,0.998002,0.000999
NA20775	0|0	1,0,0
NA20778	0|0	1,0,0
NA20783	0|0	1,0,0
NA20785	1|0	0.00599998,0.994,0
NA20786	0|0	1,0,0
NA20787	0|0	0.999,0.001,0
NA20790	1|0	0,1,0
NA20792	0|0	0.999,0.001,0
NA20795	0|0	1,0,0
NA20796	0|0	1,0,0
NA20797	0|0	1,0,0
NA20798	0|0	1,0,0
NA20799	0|0	1,0,0
NA20800	0|0	1,0,0
NA20801	0|0	1,0,0
NA20802	0|0	1,0,0
NA20803	0|1	0,1,0
NA20804	0|0	1,0,0
NA20805	1|0	0,1,0
NA20806	0|0	1,0,0
NA20807	0|0	0.999,0.001,0
NA20808	0|0	0.999,0.001,0
NA20809	1|0	0,0.999,0.001
NA20810	0|0	1,0,0
NA20811	0|1	0.005,0.995,0
NA20812	0|0	0.999,0.001,0
NA20813	0|0	1,0,0
NA20815	1|0	0.00300002,0.997,0
NA20818	1|0	0.00199997,0.998,0
NA20819	0|0	1,0,0
NA20826	1|0	0.00700003,0.993,0
NA20828	1|0	0,1,0
