NA06985	0|0	0.02	0.98,0.02,0
NA06994	0|0	0.05	0.95,0.05,0
NA07000	0|0	0	1,0,0
NA07048	1|0	1	0,1,0
NA07056	0|0	0	1,0,0
NA07348	0|0	0	1,0,0
NA07357	0|0	0.43	0.57,0.43,0
NA10847	0|0	0	1,0,0
NA10851	0|0	0	1,0,0
NA11829	0|0	0	1,0,0
NA11830	0|0	0	1,0,0
NA11831	0|0	0	1,0,0
NA11832	0|0	0	1,0,0
NA11840	1|0	0.76	0.24,0.75,0.01
NA11881	0|0	0	1,0,0
NA11992	0|0	0.04	0.96,0.04,0
NA11994	0|1	1	0,1,0
NA11995	0|0	0.2	0.8,0.2,0
NA12003	0|0	0	1,0,0
NA12004	0|0	0.31	0.69,0.31,0
NA12005	0|0	0	1,0,0
NA12006	0|0	0	1,0,0
NA12043	0|0	0.04	0.96,0.04,0
NA12044	0|0	0.02	0.98,0.02,0
NA12144	0|1	1	0,1,0
NA12154	0|1	0.51	0.49,0.51,0
NA12155	0|0	0.02	0.98,0.02,0
NA12156	0|0	0	1,0,0
NA12234	0|0	0.02	0.98,0.02,0
NA12249	0|0	0.05	0.95,0.05,0
NA12716	0|0	0	1,0,0
NA12717	0|0	0	1,0,0
NA12750	0|0	0	1,0,0
NA12751	1|0	0.91	0.12,0.85,0.03
NA12760	0|0	0	1,0,0
NA12761	1|0	0.65	0.35,0.65,0
NA12762	0|0	0	1,0,0
NA12763	0|0	0.1	0.9,0.1,0
NA12812	0|0	0	1,0,0
NA12813	0|0	0.01	0.99,0.01,0
NA12814	0|0	0.01	0.99,0.01,0
NA12815	0|0	0	1,0,0
NA12872	0|0	0.01	0.99,0.01,0
NA12873	0|0	0	1,0,0
NA12874	0|0	0	1,0,0
NA12878	0|0	0	1,0,0
NA20502	0|0	0	1,0,0
NA20504	0|0	0	1,0,0
NA20505	0|0	0	1,0,0
NA20506	0|0	0.05	0.95,0.05,0
NA20508	0|0	0	1,0,0
NA20509	0|0	0.15	0.86,0.14,0
NA20510	0|0	0	1,0,0
NA20512	0|0	0.01	0.99,0.01,0
NA20515	0|0	0.07	0.93,0.07,0
NA20516	0|0	0.39	0.61,0.39,0
NA20517	0|0	0	1,0,0
NA20518	0|0	0.14	0.86,0.14,0
NA20519	0|0	0	1,0,0
NA20520	0|0	0	1,0,0
NA20521	0|1	0.51	0.49,0.51,0
NA20522	0|0	0	1,0,0
NA20524	0|0	0	1,0,0
NA20525	0|0	0.16	0.84,0.15,0.01
NA20527	0|0	0	1,0,0
NA20528	0|1	1.03	0,0.97,0.03
NA20529	0|0	0	1,0,0
NA20530	0|0	0	1,0,0
NA20531	0|0	0	1,0,0
NA20534	0|0	0	1,0,0
NA20535	0|0	0.42	0.58,0.42,0
NA20538	1|0	0.99	0.26,0.5,0.24
NA20539	0|0	0	1,0,0
NA20540	0|0	0	1,0,0
NA20541	0|0	0	1,0,0
NA20542	0|0	0	1,0,0
NA20543	0|0	0	1,0,0
NA20544	0|0	0	1,0,0
NA20581	0|0	0	1,0,0
NA20582	1|0	0.64	0.37,0.62,0.01
NA20585	0|0	0	1,0,0
NA20586	0|0	0	1,0,0
NA20588	0|0	0.19	0.81,0.19,0
NA20589	0|0	0.01	0.99,0.01,0
NA20752	0|0	0	1,0,0
NA20753	1|0	0.57	0.43,0.57,0
NA20754	0|0	0	1,0,0
NA20755	0|0	0	1,0,0
NA20756	0|0	0.06	0.94,0.06,0
NA20757	0|0	0	1,0,0
NA20758	0|0	0	1,0,0
NA20759	0|0	0	1,0,0
NA20760	0|0	0.09	0.91,0.09,0
NA20761	0|0	0.31	0.7,0.3,0
NA20765	0|0	0	1,0,0
NA20766	1|1	1.64	0.03,0.31,0.66
NA20768	0|0	0.01	0.99,0.01,0
NA20769	0|0	0	1,0,0
NA20770	0|0	0	1,0,0
NA20771	0|0	0	1,0,0
NA20772	0|0	0	1,0,0
NA20773	1|0	0.84	0.16,0.84,0
NA20774	0|0	0	1,0,0
NA20775	0|0	0.18	0.82,0.17,0.01
NA20778	0|0	0	1,0,0
NA20783	0|0	0	1,0,0
NA20785	0|0	0.01	0.99,0.01,0
NA20786	0|0	0	1,0,0
NA20787	0|0	0	1,0,0
NA20790	0|0	0.01	0.99,0.01,0
NA20792	0|0	0.1	0.9,0.1,0
NA20795	0|0	0.11	0.89,0.11,0
NA20796	0|0	0	1,0,0
NA20797	0|0	0.05	0.95,0.05,0
NA20798	1|0	0.56	0.44,0.56,0
NA20799	0|0	0.04	0.96,0.04,0
NA20800	0|0	0	1,0,0
NA20801	0|0	0.04	0.96,0.04,0
NA20802	1|0	0.96	0.07,0.9,0.03
NA20803	0|0	0.07	0.93,0.07,0
NA20804	0|0	0.64	0.46,0.44,0.1
NA20805	0|0	0	1,0,0
NA20806	0|0	0	1,0,0
NA20807	0|0	0.02	0.98,0.02,0
NA20808	0|0	0	1,0,0
NA20809	0|0	0.04	0.96,0.04,0
NA20810	0|0	0	1,0,0
NA20811	1|0	0.8	0.2,0.8,0
NA20812	0|1	0.59	0.41,0.59,0
NA20813	0|0	0.01	0.99,0.01,0
NA20815	0|0	0	1,0,0
NA20818	0|0	0.01	0.99,0.01,0
NA20819	1|0	0.87	0.13,0.87,0
NA20826	0|0	0	1,0,0
NA20828	0|0	0	1,0,0
