NA18526	1|1	2	0,0,1
NA18532	0|0	0	1,0,0
NA18537	1|1	2	0,0,1
NA18542	1|1	2	0,0,1
NA18545	1|1	2	0,0,1
NA18547	1|1	2	0,0,1
NA18550	1|1	2	0,0,1
NA18552	1|1	2	0,0,1
NA18555	1|1	2	0,0,1
NA18558	1|1	2	0,0,1
NA18561	1|1	2	0,0,1
NA18562	1|1	2	0,0,1
NA18563	1|1	2	0,0,1
NA18564	1|1	2	0,0,1
NA18566	1|1	2	0,0,1
NA18570	0|0	0	1,0,0
NA18571	1|1	2	0,0,1
NA18572	1|1	2	0,0,1
NA18573	1|1	2	0,0,1
NA18577	0|0	0	1,0,0
NA18579	1|1	2	0,0,1
NA18582	1|0	0.72	0.28,0.72,0
NA18592	0|1	1	0,1,0
NA18593	0|0	0	1,0,0
NA18603	1|1	2	0,0,1
NA18605	1|1	2	0,0,1
NA18608	0|1	0.96	0.04,0.96,0
NA18609	1|1	1.98	0,0.02,0.98
NA18611	1|1	2	0,0,1
NA18612	1|0	1	0,1,0
NA18620	0|1	1	0,1,0
NA18621	1|1	2	0,0,1
NA18622	1|1	2	0,0,1
NA18623	1|1	1.62	0,0.38,0.62
NA18624	1|1	2	0,0,1
NA18632	1|1	2	0,0,1
NA18633	1|1	2	0,0,1
NA18635	1|1	2	0,0,1
NA18636	1|1	2	0,0,1
NA18637	0|1	1	0,1,0
NA18940	1|1	2	0,0,1
NA18942	1|0	1	0,1,0
NA18943	1|1	2	0,0,1
NA18944	1|1	2	0,0,1
NA18945	0|1	1	0,1,0
NA18947	1|1	1.99	0,0.01,0.99
NA18948	1|1	2	0,0,1
NA18949	1|1	2	0,0,1
NA18951	1|1	2	0,0,1
NA18952	1|1	2	0,0,1
NA18953	1|1	2	0,0,1
NA18956	0|1	1	0,1,0
NA18959	0|1	1	0,1,0
NA18960	1|1	2	0,0,1
NA18961	1|1	2	0,0,1
NA18964	1|1	1.64	0,0.36,0.64
NA18965	0|1	1	0,1,0
NA18966	1|1	2	0,0,1
NA18967	1|0	1	0,1,0
NA18968	1|1	2	0,0,1
NA18969	1|1	2	0,0,1
NA18970	1|1	2	0,0,1
NA18971	1|1	2	0,0,1
NA18972	1|1	2	0,0,1
NA18973	1|1	2	0,0,1
NA18974	1|1	2	0,0,1
NA18975	1|1	2	0,0,1
NA18976	1|0	1	0,1,0
NA18978	1|1	2	0,0,1
NA18980	1|1	2	0,0,1
NA18981	1|1	2	0,0,1
NA18987	1|1	2	0,0,1
NA18990	1|1	2	0,0,1
NA18991	1|1	2	0,0,1
NA18992	1|1	2	0,0,1
NA18994	1|1	2	0,0,1
NA18995	1|1	2	0,0,1
NA18997	1|1	1.77	0,0.23,0.77
NA18998	0|1	1	0,1,0
NA18999	1|1	1.8	0,0.2,0.8
NA19000	0|1	1	0,1,0
NA19003	1|1	2	0,0,1
NA19005	0|1	1	0,1,0
NA19007	0|1	1	0,1,0
NA19012	1|1	1.63	0,0.37,0.63
