NA18526	1|1	1.71	0,0.28,0.72
NA18537	1|1	1.73	0,0.27,0.73
NA18550	1|0	1	0.13,0.75,0.12
NA18555	0|1	0.69	0.38,0.54,0.08
NA18562	1|1	1.73	0.01,0.25,0.74
NA18563	1|1	1.97	0,0.03,0.97
NA18582	1|1	1.86	0.01,0.13,0.86
NA18603	1|1	1.89	0,0.11,0.89
NA18606	1|1	1.75	0.01,0.24,0.75
NA18621	1|0	0.91	0.21,0.67,0.12
NA18622	1|1	1.93	0,0.07,0.93
NA18628	1|1	1.81	0,0.19,0.81
NA18632	1|1	1.92	0,0.08,0.92
NA18636	1|1	1.89	0.01,0.1,0.89
NA18647	1|1	1.88	0,0.12,0.88
NA18942	1|1	1.69	0.02,0.28,0.7
NA18945	1|1	1.63	0,0.37,0.63
NA18947	1|1	1.93	0,0.07,0.93
NA18951	1|1	1.82	0.01,0.16,0.83
NA18952	1|1	1.78	0,0.21,0.79
NA18953	1|1	1.5	0.02,0.47,0.51
NA18956	1|1	1.92	0,0.08,0.92
NA18965	1|1	1.92	0,0.08,0.92
NA18970	1|1	1.88	0,0.11,0.89
NA18973	1|1	1.65	0.03,0.29,0.68
NA18977	1|1	1.77	0.01,0.2,0.79
NA18987	1|1	1.56	0.02,0.39,0.59
NA18990	1|1	1.67	0.01,0.32,0.67
NA18995	1|1	1.62	0.02,0.35,0.63
NA19003	1|0	1.22	0.14,0.49,0.37
NA19010	1|1	1.9	0,0.1,0.9
