NA18498	1|1	2	0,0,1
NA18502	1|0	1	0,1,0
NA18505	0|0	0	1,0,0
NA18507	1|1	2	0,0,1
NA18508	1|1	1.83	0,0.17,0.83
NA18517	0|0	0	1,0,0
NA18519	1|1	2	0,0,1
NA18858	1|0	1	0,1,0
NA18861	0|0	0.34	0.68,0.29,0.02
NA18867	1|1	1.69	0,0.31,0.69
NA18870	1|0	0.93	0.07,0.93,0
NA18910	1|0	1	0,1,0
NA18912	1|0	1	0,1,0
NA19092	1|1	1.61	0,0.39,0.61
NA19093	0|1	1	0,1,0
NA19098	1|1	2	0,0,1
NA19099	0|0	0	1,0,0
NA19102	0|1	1	0,1,0
NA19108	1|1	2	0,0,1
NA19116	1|1	2	0,0,1
NA19118	1|0	1	0,1,0
NA19119	1|1	1.83	0,0.17,0.83
NA19129	1|0	1	0,1,0
NA19130	1|1	2	0,0,1
NA19131	1|1	1.98	0,0.02,0.98
NA19137	1|1	1.98	0,0.02,0.98
NA19138	0|1	1	0,1,0
NA19141	1|1	2	0,0,1
NA19143	1|0	1	0,1,0
NA19144	1|0	1	0,1,0
NA19146	0|1	0.78	0.33,0.55,0.11
NA19150	1|1	2	0,0,1
NA19152	0|1	1	0,1,0
NA19153	1|0	1	0,1,0
NA19159	1|1	2	0,0,1
NA19160	0|1	1	0,1,0
NA19171	0|0	0	1,0,0
NA19172	1|0	1	0,1,0
NA19189	1|1	2	0,0,1
NA19200	1|0	0.84	0.16,0.84,0
NA19201	1|0	1	0,1,0
NA19204	0|1	1	0,1,0
NA19206	0|1	1	0,1,0
NA19207	0|1	1	0,1,0
NA19209	1|1	2	0,0,1
NA19210	0|0	0.3	0.7,0.3,0
NA19213	0|1	1	0,1,0
NA19222	1|0	1	0,1,0
NA19223	1|0	1	0,1,0
NA19240	0|1	1	0,1,0
NA06985	0|0	0	1,0,0
NA06994	1|0	1	0,1,0
NA07048	0|1	1	0,1,0
NA07056	0|0	0	1,0,0
NA07357	0|0	0	1,0,0
NA10847	1|0	1	0,1,0
NA10851	0|0	0	1,0,0
NA11829	0|1	1	0,1,0
NA11830	0|0	0	1,0,0
NA11831	0|0	0	1,0,0
NA11832	0|0	0	1,0,0
NA11840	0|1	1	0,1,0
NA11881	0|1	1	0,1,0
NA11992	0|0	0.39	0.61,0.39,0
NA11994	0|0	0	1,0,0
NA11995	0|0	0	1,0,0
NA12004	0|1	1	0,1,0
NA12005	0|1	1	0,1,0
NA12006	0|0	0.07	0.93,0.07,0
NA12043	1|0	1	0,1,0
NA12044	0|0	0	1,0,0
NA12144	1|0	1	0,1,0
NA12154	0|0	0	1,0,0
NA12155	1|0	1	0,1,0
NA12156	0|1	1	0,1,0
NA12234	0|0	0	1,0,0
NA12249	1|0	1	0,1,0
NA12716	0|0	0	1,0,0
NA12717	0|1	1	0,1,0
NA12750	1|0	1	0,1,0
NA12751	0|1	1	0,1,0
NA12760	0|0	0	1,0,0
NA12761	0|0	0	1,0,0
NA12762	0|0	0	1,0,0
NA12763	1|0	1	0,1,0
NA12812	0|0	0.19	0.81,0.19,0
NA12813	0|1	1	0,1,0
NA12814	1|0	1	0,1,0
NA12815	1|0	1	0,1,0
NA12872	0|0	0	1,0,0
NA12873	1|0	1	0,1,0
NA12874	0|0	0	1,0,0
NA12878	0|0	0	1,0,0
NA20502	1|0	1.05	0.01,0.93,0.06
NA20504	1|0	1	0,1,0
NA20505	0|1	1	0,1,0
NA20506	0|0	0	1,0,0
NA20508	0|1	1	0,1,0
NA20509	1|1	2	0,0,1
NA20510	0|1	1	0,1,0
NA20512	0|0	0	1,0,0
NA20515	1|0	1	0,1,0
NA20516	1|0	1	0,1,0
NA20517	1|0	1	0,1,0
NA20518	0|1	1	0,1,0
NA20519	1|0	1	0,1,0
NA20520	1|0	1	0,1,0
NA20521	0|0	0	1,0,0
NA20522	0|0	0	1,0,0
NA20524	1|0	1	0,1,0
NA20525	0|0	0	1,0,0
NA20527	1|0	1	0,1,0
NA20528	1|1	1.99	0,0.01,0.99
NA20529	1|0	1	0,1,0
NA20530	0|1	1	0,1,0
NA20531	1|0	1	0,1,0
NA20534	1|1	2	0,0,1
NA20535	1|0	1	0,1,0
NA20538	0|0	0	1,0,0
NA20539	0|0	0	1,0,0
NA20540	0|1	1	0,1,0
NA20541	0|0	0	1,0,0
NA20542	1|1	2	0,0,1
NA20543	0|0	0	1,0,0
NA20544	1|0	1	0,1,0
NA20581	0|0	0	1,0,0
NA20582	0|1	1	0,1,0
NA20585	1|0	1	0,1,0
NA20586	1|1	2	0,0,1
NA20588	1|0	1	0,1,0
NA20589	0|0	0	1,0,0
NA20752	0|0	0.02	0.98,0.02,0
NA20753	0|0	0	1,0,0
NA20754	0|1	1	0,1,0
NA20755	0|0	0	1,0,0
NA20756	0|0	0	1,0,0
NA20757	0|0	0	1,0,0
NA20758	1|0	1	0,1,0
NA20760	1|0	1	0,1,0
NA20761	0|0	0	1,0,0
NA20765	0|0	0	1,0,0
NA20766	0|1	1	0,1,0
NA20768	0|0	0	1,0,0
NA20769	0|0	0	1,0,0
NA20770	1|0	1	0,1,0
NA20771	0|0	0	1,0,0
NA20772	0|1	1	0,1,0
NA20773	1|1	2	0,0,1
NA20774	1|0	1	0,1,0
NA20775	1|1	2	0,0,1
NA20778	1|1	2	0,0,1
NA20783	0|0	0	1,0,0
NA20785	0|0	0	1,0,0
NA20786	0|1	1	0,1,0
NA20787	0|0	0	1,0,0
NA20790	0|1	1	0,1,0
NA20792	0|0	0	1,0,0
NA20795	0|0	0	1,0,0
NA20796	1|0	1	0,1,0
NA20797	0|1	1	0,1,0
NA20798	0|1	1	0,1,0
NA20799	1|1	2	0,0,1
NA20800	1|1	2	0,0,1
NA20801	1|0	1	0,1,0
NA20802	0|1	1.03	0,0.97,0.03
NA20803	0|1	1	0,1,0
NA20804	1|0	1	0,1,0
NA20805	0|0	0.06	0.94,0.06,0
NA20806	0|0	0.02	0.98,0.02,0
NA20807	0|0	0	1,0,0
NA20808	0|0	0	1,0,0
NA20809	1|0	1	0,1,0
NA20810	0|0	0.45	0.55,0.45,0
NA20811	0|1	1	0,1,0
NA20812	0|1	1	0,1,0
NA20813	0|0	0	1,0,0
NA20815	0|1	1	0,1,0
NA20818	0|0	0	1,0,0
NA20819	0|0	0	1,0,0
NA20826	1|1	2	0,0,1
NA20828	1|1	2	0,0,1
NA18526	0|1	1.14	0,0.86,0.14
NA18532	1|1	2	0,0,1
NA18537	0|1	1	0,1,0
NA18547	0|1	0.86	0.14,0.86,0
NA18550	1|0	1	0,1,0
NA18555	0|1	1	0,1,0
NA18561	1|0	0.99	0.01,0.99,0
NA18562	0|0	0	1,0,0
NA18563	0|1	1	0,1,0
NA18566	0|0	0	1,0,0
NA18572	1|1	2	0,0,1
NA18577	1|1	2	0,0,1
NA18582	1|0	1	0,1,0
NA18603	0|0	0	1,0,0
NA18605	0|0	0	1,0,0
NA18606	1|1	2	0,0,1
NA18621	1|0	1	0,1,0
NA18622	0|1	1.12	0,0.88,0.12
NA18628	1|0	1	0,1,0
NA18632	0|1	1	0,1,0
NA18636	0|0	0	1,0,0
NA18647	0|1	1.24	0,0.76,0.24
NA18942	0|1	1	0,1,0
NA18943	1|1	1.94	0,0.06,0.94
NA18945	0|0	0.01	0.99,0.01,0
NA18947	1|1	2	0,0,1
NA18949	0|0	0	1,0,0
NA18951	1|1	2	0,0,1
NA18952	1|1	2	0,0,1
NA18953	1|0	1	0,1,0
NA18956	0|1	1	0,1,0
NA18964	1|1	2	0,0,1
NA18965	0|1	1	0,1,0
NA18970	0|0	0	1,0,0
NA18973	1|1	2	0,0,1
NA18974	0|1	1	0,1,0
NA18977	1|0	1	0,1,0
NA18980	1|0	1	0,1,0
NA18987	1|1	2	0,0,1
NA18990	0|0	0.31	0.69,0.31,0
NA18994	0|0	0.2	0.8,0.2,0
NA18995	0|1	1	0,1,0
NA19000	1|1	2	0,0,1
NA19003	1|0	1	0,1,0
NA19010	0|1	1	0,1,0
