NA06985	1|1	2	0,0,1
NA06991	1|0	1	0,1,0
NA06993	0|1	1	0,1,0
NA06994	1|1	2	0,0,1
NA07000	1|1	2	0,0,1
NA07019	0|1	1	0,1,0
NA07022	1|0	1	0,1,0
NA07029	1|1	2	0,0,1
NA07034	0|0	0	1,0,0
NA07048	0|1	1	0,1,0
NA07055	1|1	2	0,0,1
NA07056	1|0	1	0,1,0
NA07345	1|1	2	0,0,1
NA07348	1|1	2	0,0,1
NA07357	1|1	2	0,0,1
NA10830	1|1	2	0,0,1
NA10831	0|1	1	0,1,0
NA10835	1|1	2	0,0,1
NA10838	0|1	1	0,1,0
NA10839	0|1	1	0,1,0
NA10846	1|1	2	0,0,1
NA10847	1|1	2	0,0,1
NA10851	1|1	2	0,0,1
NA10854	1|1	2	0,0,1
NA10855	1|1	2	0,0,1
NA10856	1|1	2	0,0,1
NA10857	0|1	1	0,1,0
NA10859	1|1	2	0,0,1
NA10860	0|0	0	1,0,0
NA10861	0|1	1	0,1,0
NA10863	1|1	2	0,0,1
NA11829	1|1	2	0,0,1
NA11830	1|1	2	0,0,1
NA11831	1|1	2	0,0,1
NA11832	1|1	2	0,0,1
NA11839	0|1	1	0,1,0
NA11840	1|1	2	0,0,1
NA11881	1|1	2	0,0,1
NA11882	1|1	2	0,0,1
NA11992	0|1	1	0,1,0
NA11993	1|0	1	0,1,0
NA11994	1|1	2	0,0,1
NA11995	1|0	1	0,1,0
NA12003	0|0	0	1,0,0
NA12004	1|0	1	0,1,0
NA12005	0|1	1	0,1,0
NA12006	1|1	2	0,0,1
NA12043	0|1	1	0,1,0
NA12044	0|1	1	0,1,0
NA12056	1|1	2	0,0,1
NA12057	1|0	1	0,1,0
NA12144	1|0	1	0,1,0
NA12145	1|1	2	0,0,1
NA12146	1|1	2	0,0,1
NA12154	1|1	2	0,0,1
NA12155	1|1	2	0,0,1
NA12156	0|0	0	1,0,0
NA12234	0|1	1	0,1,0
NA12236	1|1	2	0,0,1
NA12239	0|1	1	0,1,0
NA12248	1|1	2	0,0,1
NA12249	1|0	1	0,1,0
NA12264	1|1	2	0,0,1
NA12707	1|1	2	0,0,1
NA12716	1|1	2	0,0,1
NA12717	1|1	2	0,0,1
NA12740	0|0	0	1,0,0
NA12750	0|1	1	0,1,0
NA12751	0|1	1	0,1,0
NA12752	1|1	2	0,0,1
NA12753	1|1	2	0,0,1
NA12760	1|1	2	0,0,1
NA12761	1|1	2	0,0,1
NA12762	1|1	2	0,0,1
NA12763	1|1	2	0,0,1
NA12801	1|1	2	0,0,1
NA12802	1|1	2	0,0,1
NA12812	1|1	2	0,0,1
NA12813	1|1	2	0,0,1
NA12814	1|1	2	0,0,1
NA12815	1|0	1	0,1,0
NA12864	1|1	2	0,0,1
NA12865	0|1	1	0,1,0
NA12872	1|1	2	0,0,1
NA12873	1|1	2	0,0,1
NA12874	1|0	1	0,1,0
NA12875	1|1	2	0,0,1
NA12878	1|1	2	0,0,1
NA12891	1|1	2	0,0,1
NA12892	1|1	2	0,0,1
NA20502	1|1	2	0,0,1
NA20504	1|1	2	0,0,1
NA20505	1|1	2	0,0,1
NA20506	0|1	1	0,1,0
NA20508	1|1	2	0,0,1
NA20509	1|1	2	0,0,1
NA20510	1|1	2	0,0,1
NA20512	1|1	2	0,0,1
NA20515	0|0	0.24	0.76,0.24,0
NA20516	1|0	1	0,1,0
NA20517	1|0	1	0,1,0
NA20518	1|0	1	0,1,0
NA20519	0|1	1	0,1,0
NA20520	1|1	2	0,0,1
NA20521	1|1	2	0,0,1
NA20522	0|1	1	0,1,0
NA20524	1|1	2	0,0,1
NA20525	1|1	2	0,0,1
NA20527	1|0	1	0,1,0
NA20528	0|1	1	0,1,0
NA20529	1|1	2	0,0,1
NA20530	1|1	2	0,0,1
NA20531	1|0	1	0,1,0
NA20534	1|1	2	0,0,1
NA20535	1|0	1	0,1,0
NA20538	0|0	0	1,0,0
NA20539	1|1	2	0,0,1
NA20540	1|1	2	0,0,1
NA20541	0|0	0	1,0,0
NA20542	1|1	2	0,0,1
NA20543	0|1	1	0,1,0
NA20544	1|0	1	0,1,0
NA20581	1|1	2	0,0,1
NA20582	1|1	2	0,0,1
NA20585	1|1	2	0,0,1
NA20586	1|1	2	0,0,1
NA20588	0|1	1	0,1,0
NA20589	0|1	1	0,1,0
NA20752	1|1	2	0,0,1
NA20753	0|1	1	0,1,0
NA20754	1|1	2	0,0,1
NA20755	1|1	2	0,0,1
NA20756	1|1	2	0,0,1
NA20757	1|1	2	0,0,1
NA20758	1|1	2	0,0,1
NA20759	1|1	2	0,0,1
NA20760	1|1	2	0,0,1
NA20761	1|1	2	0,0,1
NA20765	1|1	2	0,0,1
NA20766	1|0	1	0,1,0
NA20768	1|1	2	0,0,1
NA20769	0|1	1	0,1,0
NA20770	1|0	1	0,1,0
NA20771	0|1	1	0,1,0
NA20772	1|0	1	0,1,0
NA20773	0|0	0	1,0,0
NA20774	0|1	1	0,1,0
NA20775	1|1	2	0,0,1
NA20778	1|1	2	0,0,1
NA20783	1|1	2	0,0,1
NA20785	1|1	2	0,0,1
NA20786	0|1	1	0,1,0
NA20790	1|1	2	0,0,1
NA20792	1|1	2	0,0,1
NA20795	1|0	1	0,1,0
NA20796	1|1	2	0,0,1
NA20797	1|1	2	0,0,1
NA20798	1|1	2	0,0,1
NA20799	1|1	2	0,0,1
NA20800	1|0	1	0,1,0
NA20801	1|1	2	0,0,1
NA20802	1|1	2	0,0,1
NA20803	1|1	2	0,0,1
NA20804	1|1	2	0,0,1
NA20805	1|1	2	0,0,1
NA20806	1|1	2	0,0,1
NA20807	1|1	2	0,0,1
NA20808	0|1	1	0,1,0
NA20809	0|0	0.28	0.72,0.28,0
NA20810	1|1	2	0,0,1
NA20811	0|1	1	0,1,0
NA20812	1|1	2	0,0,1
NA20813	1|1	2	0,0,1
NA20815	1|1	2	0,0,1
NA20818	0|1	1	0,1,0
NA20819	1|1	2	0,0,1
NA20826	1|0	1	0,1,0
NA20828	1|0	1	0,1,0
