NA18498	1|1	0,0.000999987,0.999
NA18502	1|1	0,0.005,0.995
NA18505	1|1	0,0.00800002,0.992
NA18507	1|0	0,1,0
NA18508	1|0	0,1,0
NA18517	1|1	0,0,1
NA18519	1|0	0.431,0.569,0
NA18867	1|0	0,1,0
NA18870	0|0	0.999,0.001,0
NA18910	0|0	1,0,0
NA19092	0|0	1,0,0
NA19098	1|0	0,1,0
NA19099	0|1	0,1,0
NA19102	1|1	0,0,1
NA19108	1|0	0,1,0
NA19118	1|0	0,1,0
NA19119	0|1	0,1,0
NA19129	0|0	1,0,0
NA19130	0|1	0,1,0
NA19141	0|1	0,1,0
NA19146	1|1	0,0.00400001,0.996
NA19150	0|1	0.000999987,0.999,0
NA19152	1|0	0,1,0
NA19160	1|1	1.59998e-05,0.016968,0.983016
NA19171	1|0	0,0.999,0.001
NA19189	1|0	0.00800002,0.992,0
NA19204	1|0	0,1,0
NA19206	1|1	0,0,1
NA19207	0|1	0,1,0
NA19209	0|1	0.00199997,0.998,0
NA19213	1|1	0,0,1
NA19240	1|1	0,0,1
