NA11829	0|1	1	0,1,0
NA11830	0|0	0	1,0,0
NA11831	1|0	0.98	0.02,0.98,0
NA11832	1|0	1.26	0,0.74,0.26
NA11840	0|0	0.01	0.99,0.01,0
NA11881	1|0	1	0,1,0
NA11994	1|0	0.96	0.04,0.96,0
NA11995	0|0	0.1	0.9,0.1,0
NA12004	1|0	0.96	0.06,0.93,0.02
NA12005	1|1	1.93	0,0.07,0.93
NA12043	1|1	1.08	0.21,0.5,0.29
NA12044	1|1	1.68	0,0.31,0.68
NA12144	0|0	0	1,0,0
NA12154	0|0	0	1,0,0
NA12155	0|1	0.75	0.25,0.75,0
NA12156	1|0	1	0,1,0
NA12234	0|0	0.13	0.87,0.13,0
NA12717	0|1	1.1	0,0.9,0.1
NA12750	1|0	1.3	0.05,0.6,0.35
NA12760	0|1	1.43	0,0.57,0.43
NA12761	1|1	1.98	0,0.02,0.98
NA12762	0|1	0.67	0.33,0.67,0
NA12763	0|1	1.19	0.14,0.54,0.32
NA12812	0|0	0	1,0,0
NA12813	0|0	0	1,0,0
NA12814	1|0	1	0,1,0
NA12815	1|0	1	0,1,0
NA12872	0|1	1	0,1,0
NA12873	1|0	0.95	0.05,0.95,0
NA12874	1|0	1	0,1,0
NA12878	0|0	0.47	0.53,0.47,0
