NA18498	1|0	1.1	0,0.9,0.1
NA18502	0|1	1	0,1,0
NA18505	1|0	0.84	0.16,0.84,0
NA18507	1|1	2	0,0,1
NA18508	1|0	1	0,1,0
NA18517	1|1	1.99	0,0.01,0.99
NA18519	1|1	2	0,0,1
NA18867	0|1	1	0,1,0
NA18870	0|1	1	0,1,0
NA18910	1|0	0.97	0.03,0.97,0
NA19092	1|1	2	0,0,1
NA19098	1|1	2	0,0,1
NA19099	0|1	1.33	0,0.67,0.33
NA19102	0|1	1	0,1,0
NA19108	0|1	1	0,1,0
NA19118	0|0	0.38	0.64,0.34,0.02
NA19119	1|1	1.99	0,0.01,0.99
NA19129	1|1	1.94	0,0.06,0.94
NA19130	1|1	2	0,0,1
NA19141	1|1	2	0,0,1
NA19146	1|1	1.93	0,0.07,0.93
NA19150	1|1	1.95	0,0.05,0.95
NA19152	1|0	1.01	0,0.99,0.01
NA19160	1|1	1.51	0,0.49,0.51
NA19171	1|1	2	0,0,1
NA19189	1|1	1.51	0.01,0.47,0.52
NA19204	1|0	1	0,1,0
NA19206	1|0	1.04	0,0.96,0.04
NA19207	1|1	1.94	0,0.06,0.94
NA19209	0|1	1.19	0.01,0.79,0.2
NA19213	0|1	1	0,1,0
NA19240	1|1	1.84	0,0.16,0.84
NA11829	0|1	1	0,1,0
NA11830	0|0	0	1,0,0
NA11831	1|0	0.98	0.02,0.98,0
NA11832	1|0	1.26	0,0.74,0.26
NA11840	0|0	0.01	0.99,0.01,0
NA11881	1|0	1	0,1,0
NA11994	1|0	0.96	0.04,0.96,0
NA11995	0|0	0.1	0.9,0.1,0
NA12004	1|0	0.96	0.06,0.93,0.02
NA12005	1|1	1.93	0,0.07,0.93
NA12043	1|1	1.08	0.21,0.5,0.29
NA12044	1|1	1.68	0,0.31,0.68
NA12144	0|0	0	1,0,0
NA12154	0|0	0	1,0,0
NA12155	0|1	0.75	0.25,0.75,0
NA12156	1|0	1	0,1,0
NA12234	0|0	0.13	0.87,0.13,0
NA12717	0|1	1.1	0,0.9,0.1
NA12750	1|0	1.3	0.05,0.6,0.35
NA12760	0|1	1.43	0,0.57,0.43
NA12761	1|1	1.98	0,0.02,0.98
NA12762	0|1	0.67	0.33,0.67,0
NA12763	0|1	1.19	0.14,0.54,0.32
NA12812	0|0	0	1,0,0
NA12813	0|0	0	1,0,0
NA12814	1|0	1	0,1,0
NA12815	1|0	1	0,1,0
NA12872	0|1	1	0,1,0
NA12873	1|0	0.95	0.05,0.95,0
NA12874	1|0	1	0,1,0
NA12878	0|0	0.47	0.53,0.47,0
NA18526	1|1	1.74	0.01,0.25,0.75
NA18537	0|1	1.27	0,0.73,0.27
NA18550	0|1	0.93	0.07,0.93,0
NA18555	0|0	0.09	0.91,0.09,0
NA18562	1|0	1	0,1,0
NA18563	0|0	0.43	0.57,0.43,0
NA18582	0|0	0.23	0.77,0.23,0
NA18603	1|1	2	0,0,1
NA18606	0|0	0	1,0,0
NA18621	0|0	0.18	0.82,0.18,0
NA18622	1|0	1.43	0.01,0.54,0.45
NA18628	1|0	0.95	0.05,0.95,0
NA18632	0|0	0	1,0,0
NA18636	1|0	1	0,1,0
NA18647	0|1	0.61	0.41,0.57,0.02
NA18942	0|0	0	1,0,0
NA18945	0|0	0.34	0.66,0.34,0
NA18947	0|0	0	1,0,0
NA18951	1|1	1.83	0,0.17,0.83
NA18952	1|1	1.97	0,0.03,0.97
NA18953	0|1	0.98	0.03,0.95,0.01
NA18956	0|1	0.8	0.2,0.8,0
NA18965	0|1	1.37	0.04,0.56,0.41
NA18970	0|0	0.04	0.96,0.04,0
NA18973	1|0	0.65	0.35,0.65,0
NA18977	0|1	1	0.06,0.88,0.06
NA18987	1|0	1.01	0,0.99,0.01
NA18990	0|1	1.04	0,0.96,0.04
NA18995	1|1	2	0,0,1
NA19003	0|0	0.01	0.99,0.01,0
NA19010	0|0	0.57	0.49,0.45,0.06
