NA18498	1|0	0.00299702,0.996006,0.000997
NA18500	1|0	0.00800002,0.992,0
NA18501	1|1	0,0.00199997,0.998
NA18502	0|0	0.975,0.025,0
NA18503	0|1	0,1,0
NA18504	0|1	0,0.999,0.001
NA18505	0|0	0.992,0.008,0
NA18506	0|1	0,1,0
NA18507	1|0	0.00296402,0.985072,0.011964
NA18508	0|0	0.998,0.002,0
NA18515	1|1	0,0,1
NA18516	1|1	0,0.398,0.602
NA18517	1|1	3.99996e-06,0.004992,0.995004
NA18519	0|1	0,0.996,0.004
NA18521	1|0	0,1,0
NA18522	1|0	0.021,0.979,0
NA18523	1|1	0,0,1
NA18852	0|1	0,1,0
NA18853	0|0	0.996,0.004,0
NA18854	1|0	0,1,0
NA18855	0|0	0.999,0.001,0
NA18856	0|1	0,1,0
NA18857	0|0	1,0,0
NA18858	1|1	0,0.00300002,0.997
NA18859	0|1	0.000998987,0.998002,0.000999
NA18860	1|0	0,1,0
NA18861	1|0	0,0.999,0.001
NA18862	0|0	1,0,0
NA18863	1|0	0,1,0
NA18867	1|1	1.80001e-05,0.008964,0.991018
NA18870	0|0	0.993,0.007,0
NA18871	1|0	0.00599998,0.994,0
NA18872	0|0	1,0,0
NA18910	1|0	0.005,0.995,0
NA18912	1|1	0,0.000999987,0.999
NA18913	0|0	1,0,0
NA18914	0|1	0,1,0
NA19027	0|0	0.999,0.001,0
NA19028	0|1	0.00984999,0.9753,0.01485
NA19031	0|0	0.985,0.015,0
NA19035	0|1	0.419,0.581,0
NA19036	0|1	0.014,0.986,0
NA19038	1|1	0,0.00199997,0.998
NA19041	0|1	0.011,0.989,0
NA19092	0|1	0,0.996,0.004
NA19093	0|1	0.000998987,0.998002,0.000999
NA19094	1|1	0,0,1
NA19098	0|0	0.997,0.003,0
NA19099	0|0	1,0,0
NA19100	0|0	0.999,0.001,0
NA19101	0|1	0.00800002,0.992,0
NA19102	1|0	0.00199997,0.998,0
NA19103	0|0	0.998,0.002,0
NA19108	0|0	0.998,0.002,0
NA19116	1|1	0,0.009,0.991
NA19118	0|0	0.998001,0.001998,1e-06
NA19119	0|0	0.987,0.013,0
NA19120	1|0	0.013972,0.984056,0.001972
NA19127	1|0	0.00299102,0.994018,0.002991
NA19128	1|1	0,0.00300002,0.997
NA19129	0|1	0.00199997,0.998,0
NA19130	0|1	0,1,0
NA19131	1|1	2.99998e-06,0.00399401,0.996003
NA19132	1|1	0,0,1
NA19137	1|0	0.00599398,0.993012,0.000994
NA19138	1|0	0.000998987,0.998002,0.000999
NA19139	1|0	0,1,0
NA19140	0|0	1,0,0
NA19141	0|1	0.00599998,0.994,0
NA19142	0|0	0.995,0.005,0
NA19143	1|0	0.00300002,0.997,0
NA19144	0|1	0,0.998,0.002
NA19145	0|1	0,1,0
NA19146	0|1	0.000999987,0.999,0
NA19150	1|0	0.00199997,0.998,0
NA19152	0|0	0.955,0.045,0
NA19153	0|0	0.999,0.001,0
NA19154	0|0	1,0,0
NA19159	1|0	0.00199997,0.998,0
NA19160	1|1	0,0,1
NA19161	1|1	0,0,1
NA19171	1|0	0.00199997,0.998,0
NA19172	0|1	0.371,0.629,0
NA19173	0|0	0.995006,0.004988,6e-06
NA19189	0|1	0.013,0.987,0
NA19200	0|1	0,1,0
NA19201	0|1	0.00699303,0.992014,0.000993
NA19202	0|1	0.000999987,0.999,0
NA19203	1|1	0,0,1
NA19204	0|1	0,0.989,0.011
NA19205	1|1	0,0,1
NA19206	0|0	0.974144,0.025712,0.000144
NA19207	1|1	0.000144,0.029712,0.970144
NA19208	0|1	0,1,0
NA19209	1|0	0.00300002,0.997,0
NA19210	1|0	0,1,0
NA19211	0|1	0,1,0
NA19213	0|0	1,0,0
NA19221	1|1	0,0,1
NA19222	1|1	1.80001e-05,0.008964,0.991018
NA19223	1|0	0,0.998,0.002
NA19238	0|0	1,0,0
NA19239	1|1	0,0.024,0.976
NA19240	1|0	0.00400001,0.996,0
NA19307	0|1	0,1,0
NA19308	0|1	0,1,0
NA19309	1|0	0,0.832,0.168
NA19310	1|0	0,0.994,0.006
NA19314	1|0	0,1,0
NA19315	0|0	0.945414,0.054172,0.000414
NA19316	0|0	1,0,0
NA19317	1|0	0,0.999,0.001
NA19319	0|0	1,0,0
NA19321	0|1	0.008856,0.975288,0.015856
NA19324	0|0	0.999,0.001,0
NA19327	0|1	0.000998987,0.998002,0.000999
NA19328	1|0	0,1,0
NA19332	1|0	0.368,0.632,0
NA19334	0|0	0.911,0.089,0
NA19346	0|0	1,0,0
NA19347	0|0	0.883838,0.113324,0.002838
NA19350	0|1	0.00800002,0.992,0
NA19360	0|1	0,0.959,0.041
NA19372	0|0	0.997,0.003,0
NA19374	1|1	5.99996e-06,0.004988,0.995006
NA19375	1|1	0,0.00300002,0.997
NA19376	0|0	0.829338,0.170324,0.000338
NA19377	0|1	0,0.995,0.005
NA19379	0|0	0.997,0.003,0
NA19380	1|0	0,0.999,0.001
NA19384	1|0	0,0.578,0.422
NA19385	1|1	0,0,1
NA19390	0|0	0.999,0.001,0
NA19391	0|1	0.00399601,0.995008,0.000996
NA19393	0|1	0.116702,0.873596,0.009702
NA19394	0|1	0,0.997,0.003
NA19397	0|1	0.00199597,0.996008,0.001996
NA19399	0|0	0.993,0.007,0
NA19403	0|0	0.790824,0.208352,0.000824
NA19404	0|0	0.997,0.003,0
NA19428	0|0	0.998,0.002,0
NA19429	1|1	0.000969988,0.48506,0.51397
NA19430	1|1	0,0.134,0.866
NA19431	0|0	1,0,0
NA19434	0|0	0.995,0.005,0
NA19435	0|1	0.005,0.995,0
NA19436	1|1	0,0.076,0.924
NA19437	1|0	0.00300002,0.997,0
NA19438	0|1	0.00199997,0.998,0
NA19439	1|0	0.005,0.995,0
NA19440	0|0	1,0,0
NA19443	0|0	0.992,0.008,0
NA19445	1|0	0.00399601,0.995008,0.000996
NA19446	0|0	1,0,0
NA19448	0|0	0.999,0.001,0
NA19449	1|0	0.004995,0.99401,0.000995
NA19451	0|0	1,0,0
NA19452	1|0	0,0.998,0.002
NA19455	0|0	0.999,0.001,0
NA19456	0|0	0.999,0.001,0
NA19457	0|0	0.998,0.002,0
NA19462	1|0	0.027,0.973,0
NA19463	1|0	0,1,0
NA19466	1|1	0,0.014,0.986
NA19467	0|1	0,0.998,0.002
NA19468	0|1	0.000998987,0.998002,0.000999
NA19471	0|0	0.753,0.247,0
NA19472	1|0	0,1,0
NA19473	1|0	0.00599398,0.993012,0.000994
NA19474	1|1	0,0.005,0.995
