NA18498	1|0	0.00299702,0.996006,0.000997
NA18500	1|0	0.00800002,0.992,0
NA18501	1|1	0,0.00199997,0.998
NA18502	0|0	0.975,0.025,0
NA18503	0|1	0,1,0
NA18504	0|1	0,0.999,0.001
NA18505	0|0	0.992,0.008,0
NA18506	0|1	0,1,0
NA18507	1|0	0.00296402,0.985072,0.011964
NA18508	0|0	0.998,0.002,0
NA18515	1|1	0,0,1
NA18516	1|1	0,0.398,0.602
NA18517	1|1	3.99996e-06,0.004992,0.995004
NA18519	0|1	0,0.996,0.004
NA18521	1|0	0,1,0
NA18522	1|0	0.021,0.979,0
NA18523	1|1	0,0,1
NA18852	0|1	0,1,0
NA18853	0|0	0.996,0.004,0
NA18854	1|0	0,1,0
NA18855	0|0	0.999,0.001,0
NA18856	0|1	0,1,0
NA18857	0|0	1,0,0
NA18858	1|1	0,0.00300002,0.997
NA18859	0|1	0.000998987,0.998002,0.000999
NA18860	1|0	0,1,0
NA18861	1|0	0,0.999,0.001
NA18862	0|0	1,0,0
NA18863	1|0	0,1,0
NA18867	1|1	1.80001e-05,0.008964,0.991018
NA18870	0|0	0.993,0.007,0
NA18871	1|0	0.00599998,0.994,0
NA18872	0|0	1,0,0
NA18910	1|0	0.005,0.995,0
NA18912	1|1	0,0.000999987,0.999
NA18913	0|0	1,0,0
NA18914	0|1	0,1,0
NA19027	0|0	0.999,0.001,0
NA19028	0|1	0.00984999,0.9753,0.01485
NA19031	0|0	0.985,0.015,0
NA19035	0|1	0.419,0.581,0
NA19036	0|1	0.014,0.986,0
NA19038	1|1	0,0.00199997,0.998
NA19041	0|1	0.011,0.989,0
NA19092	0|1	0,0.996,0.004
NA19093	0|1	0.000998987,0.998002,0.000999
NA19094	1|1	0,0,1
NA19098	0|0	0.997,0.003,0
NA19099	0|0	1,0,0
NA19100	0|0	0.999,0.001,0
NA19101	0|1	0.00800002,0.992,0
NA19102	1|0	0.00199997,0.998,0
NA19103	0|0	0.998,0.002,0
NA19108	0|0	0.998,0.002,0
NA19116	1|1	0,0.009,0.991
NA19118	0|0	0.998001,0.001998,1e-06
NA19119	0|0	0.987,0.013,0
NA19120	1|0	0.013972,0.984056,0.001972
NA19127	1|0	0.00299102,0.994018,0.002991
NA19128	1|1	0,0.00300002,0.997
NA19129	0|1	0.00199997,0.998,0
NA19130	0|1	0,1,0
NA19131	1|1	2.99998e-06,0.00399401,0.996003
NA19132	1|1	0,0,1
NA19137	1|0	0.00599398,0.993012,0.000994
NA19138	1|0	0.000998987,0.998002,0.000999
NA19139	1|0	0,1,0
NA19140	0|0	1,0,0
NA19141	0|1	0.00599998,0.994,0
NA19142	0|0	0.995,0.005,0
NA19143	1|0	0.00300002,0.997,0
NA19144	0|1	0,0.998,0.002
NA19145	0|1	0,1,0
NA19146	0|1	0.000999987,0.999,0
NA19150	1|0	0.00199997,0.998,0
NA19152	0|0	0.955,0.045,0
NA19153	0|0	0.999,0.001,0
NA19154	0|0	1,0,0
NA19159	1|0	0.00199997,0.998,0
NA19160	1|1	0,0,1
NA19161	1|1	0,0,1
NA19171	1|0	0.00199997,0.998,0
NA19172	0|1	0.371,0.629,0
NA19173	0|0	0.995006,0.004988,6e-06
NA19189	0|1	0.013,0.987,0
NA19200	0|1	0,1,0
NA19201	0|1	0.00699303,0.992014,0.000993
NA19202	0|1	0.000999987,0.999,0
NA19203	1|1	0,0,1
NA19204	0|1	0,0.989,0.011
NA19205	1|1	0,0,1
NA19206	0|0	0.974144,0.025712,0.000144
NA19207	1|1	0.000144,0.029712,0.970144
NA19208	0|1	0,1,0
NA19209	1|0	0.00300002,0.997,0
NA19210	1|0	0,1,0
NA19211	0|1	0,1,0
NA19213	0|0	1,0,0
NA19221	1|1	0,0,1
NA19222	1|1	1.80001e-05,0.008964,0.991018
NA19223	1|0	0,0.998,0.002
NA19238	0|0	1,0,0
NA19239	1|1	0,0.024,0.976
NA19240	1|0	0.00400001,0.996,0
NA19307	0|1	0,1,0
NA19308	0|1	0,1,0
NA19309	1|0	0,0.832,0.168
NA19310	1|0	0,0.994,0.006
NA19314	1|0	0,1,0
NA19315	0|0	0.945414,0.054172,0.000414
NA19316	0|0	1,0,0
NA19317	1|0	0,0.999,0.001
NA19319	0|0	1,0,0
NA19321	0|1	0.008856,0.975288,0.015856
NA19324	0|0	0.999,0.001,0
NA19327	0|1	0.000998987,0.998002,0.000999
NA19328	1|0	0,1,0
NA19332	1|0	0.368,0.632,0
NA19334	0|0	0.911,0.089,0
NA19346	0|0	1,0,0
NA19347	0|0	0.883838,0.113324,0.002838
NA19350	0|1	0.00800002,0.992,0
NA19360	0|1	0,0.959,0.041
NA19372	0|0	0.997,0.003,0
NA19374	1|1	5.99996e-06,0.004988,0.995006
NA19375	1|1	0,0.00300002,0.997
NA19376	0|0	0.829338,0.170324,0.000338
NA19377	0|1	0,0.995,0.005
NA19379	0|0	0.997,0.003,0
NA19380	1|0	0,0.999,0.001
NA19384	1|0	0,0.578,0.422
NA19385	1|1	0,0,1
NA19390	0|0	0.999,0.001,0
NA19391	0|1	0.00399601,0.995008,0.000996
NA19393	0|1	0.116702,0.873596,0.009702
NA19394	0|1	0,0.997,0.003
NA19397	0|1	0.00199597,0.996008,0.001996
NA19399	0|0	0.993,0.007,0
NA19403	0|0	0.790824,0.208352,0.000824
NA19404	0|0	0.997,0.003,0
NA19428	0|0	0.998,0.002,0
NA19429	1|1	0.000969988,0.48506,0.51397
NA19430	1|1	0,0.134,0.866
NA19431	0|0	1,0,0
NA19434	0|0	0.995,0.005,0
NA19435	0|1	0.005,0.995,0
NA19436	1|1	0,0.076,0.924
NA19437	1|0	0.00300002,0.997,0
NA19438	0|1	0.00199997,0.998,0
NA19439	1|0	0.005,0.995,0
NA19440	0|0	1,0,0
NA19443	0|0	0.992,0.008,0
NA19445	1|0	0.00399601,0.995008,0.000996
NA19446	0|0	1,0,0
NA19448	0|0	0.999,0.001,0
NA19449	1|0	0.004995,0.99401,0.000995
NA19451	0|0	1,0,0
NA19452	1|0	0,0.998,0.002
NA19455	0|0	0.999,0.001,0
NA19456	0|0	0.999,0.001,0
NA19457	0|0	0.998,0.002,0
NA19462	1|0	0.027,0.973,0
NA19463	1|0	0,1,0
NA19466	1|1	0,0.014,0.986
NA19467	0|1	0,0.998,0.002
NA19468	0|1	0.000998987,0.998002,0.000999
NA19471	0|0	0.753,0.247,0
NA19472	1|0	0,1,0
NA19473	1|0	0.00599398,0.993012,0.000994
NA19474	1|1	0,0.005,0.995
NA06985	0|0	0.999,0.001,0
NA06991	0|0	1,0,0
NA06993	0|0	1,0,0
NA06994	0|0	0.659,0.341,0
NA07000	0|0	0.988,0.012,0
NA07019	1|0	0.00199997,0.998,0
NA07022	0|0	1,0,0
NA07029	0|0	1,0,0
NA07034	0|0	1,0,0
NA07048	0|0	1,0,0
NA07055	0|0	1,0,0
NA07056	1|0	0,1,0
NA07345	0|0	1,0,0
NA07348	0|0	1,0,0
NA07357	0|0	1,0,0
NA10830	0|0	1,0,0
NA10831	0|0	1,0,0
NA10835	0|1	0,1,0
NA10838	0|0	1,0,0
NA10839	0|0	1,0,0
NA10846	0|0	0.981018,0.018964,1.8e-05
NA10847	0|0	1,0,0
NA10851	0|0	1,0,0
NA10854	0|0	0.999,0.001,0
NA10855	0|0	1,0,0
NA10856	0|0	1,0,0
NA10857	0|0	1,0,0
NA10859	0|0	1,0,0
NA10860	0|0	1,0,0
NA10861	0|0	1,0,0
NA10863	0|0	1,0,0
NA11829	0|0	1,0,0
NA11830	0|0	1,0,0
NA11831	0|0	1,0,0
NA11832	0|0	1,0,0
NA11839	0|1	0.000999987,0.999,0
NA11840	0|0	0.999,0.001,0
NA11881	0|0	1,0,0
NA11882	0|0	1,0,0
NA11992	0|0	1,0,0
NA11993	0|0	1,0,0
NA11994	0|0	1,0,0
NA11995	0|0	0.998,0.002,0
NA12003	0|0	1,0,0
NA12004	1|0	0.035,0.965,0
NA12005	0|0	1,0,0
NA12006	0|0	0.999,0.001,0
NA12043	0|0	1,0,0
NA12044	0|0	0.893,0.107,0
NA12056	0|0	0.999,0.001,0
NA12057	0|0	1,0,0
NA12144	0|0	0.999,0.001,0
NA12145	0|0	1,0,0
NA12146	0|1	0.000999987,0.999,0
NA12154	0|0	1,0,0
NA12155	0|0	1,0,0
NA12156	0|0	1,0,0
NA12234	0|0	1,0,0
NA12239	0|0	1,0,0
NA12248	1|0	0,1,0
NA12249	0|0	0.981,0.019,0
NA12264	0|0	1,0,0
NA12707	1|0	0,1,0
NA12716	0|0	1,0,0
NA12717	0|1	0,0.789,0.211
NA12740	0|0	1,0,0
NA12750	0|0	0.981,0.019,0
NA12751	0|0	1,0,0
NA12752	0|0	1,0,0
NA12753	0|0	1,0,0
NA12760	0|0	0.999,0.001,0
NA12761	0|0	1,0,0
NA12762	0|0	1,0,0
NA12763	0|0	0.753,0.247,0
NA12801	0|0	1,0,0
NA12802	0|1	0.00199997,0.998,0
NA12812	1|0	0.00300002,0.997,0
NA12813	0|0	1,0,0
NA12814	0|0	1,0,0
NA12815	0|0	1,0,0
NA12864	1|0	0,1,0
NA12865	1|0	0,1,0
NA12872	0|0	1,0,0
NA12873	0|1	0,0.961,0.039
NA12874	1|0	0.052,0.948,0
NA12875	0|1	0,1,0
NA12878	0|1	0.472,0.528,0
NA12891	0|0	1,0,0
NA12892	0|0	0.953,0.047,0
NA20502	0|0	0.998,0.002,0
NA20504	1|1	0.001528,0.382944,0.615528
NA20505	0|0	0.776017,0.209966,0.014017
NA20506	0|0	1,0,0
NA20508	0|0	1,0,0
NA20509	0|0	1,0,0
NA20510	0|0	1,0,0
NA20512	0|0	1,0,0
NA20515	1|0	0,1,0
NA20516	0|1	0,1,0
NA20517	0|0	0.931,0.069,0
NA20518	0|0	1,0,0
NA20519	0|1	0.28,0.72,0
NA20520	0|0	1,0,0
NA20521	0|0	1,0,0
NA20522	0|0	1,0,0
NA20524	0|0	0.999,0.001,0
NA20525	0|0	1,0,0
NA20527	0|0	0.998,0.002,0
NA20528	1|0	0.113,0.887,0
NA20529	0|0	1,0,0
NA20530	0|0	1,0,0
NA20531	0|0	1,0,0
NA20534	0|0	0.999,0.001,0
NA20535	0|0	0.997,0.003,0
NA20538	0|0	1,0,0
NA20539	1|1	0,0.074,0.926
NA20540	0|0	1,0,0
NA20541	0|0	0.98703,0.01294,3e-05
NA20542	0|0	0.928,0.072,0
NA20543	1|0	0.000999987,0.999,0
NA20544	0|0	1,0,0
NA20581	0|0	1,0,0
NA20582	0|1	0.000999987,0.999,0
NA20585	0|0	1,0,0
NA20586	0|0	1,0,0
NA20588	0|0	1,0,0
NA20589	0|1	0,1,0
NA20752	0|1	0.011,0.989,0
NA20753	0|0	1,0,0
NA20754	0|0	0.533325,0.45535,0.011325
NA20755	1|0	0.183816,0.815368,0.000816
NA20756	0|0	0.706,0.294,0
NA20757	0|0	0.966033,0.033934,3.3e-05
NA20758	0|0	0.885,0.115,0
NA20759	0|0	0.999,0.001,0
NA20760	0|0	1,0,0
NA20761	0|1	0.173,0.827,0
NA20765	0|1	0.465,0.535,0
NA20766	0|0	0.832601,0.164798,0.002601
NA20768	0|0	1,0,0
NA20769	0|0	0.91908,0.08084,8e-05
NA20770	0|0	0.997,0.003,0
NA20771	0|0	1,0,0
NA20772	1|0	0.00199997,0.998,0
NA20773	0|0	0.685,0.315,0
NA20778	0|0	1,0,0
NA20783	0|0	1,0,0
NA20785	0|0	1,0,0
NA20786	0|0	1,0,0
NA20787	0|0	0.936,0.064,0
NA20790	0|0	0.842324,0.151352,0.006324
NA20792	0|0	1,0,0
NA20795	0|0	0.553,0.447,0
NA20796	0|0	1,0,0
NA20797	0|0	0.993,0.007,0
NA20798	0|0	1,0,0
NA20799	0|0	0.929,0.071,0
NA20800	0|0	0.999,0.001,0
NA20801	0|0	1,0,0
NA20802	0|0	0.88816,0.10968,0.00216
NA20803	1|0	0.022,0.978,0
NA20804	1|0	0.00400001,0.996,0
NA20805	0|1	0,0.992,0.008
NA20806	1|0	0.023,0.977,0
NA20807	0|0	1,0,0
NA20808	0|0	0.889,0.111,0
NA20809	0|0	1,0,0
NA20810	0|0	1,0,0
NA20811	0|0	0.61,0.39,0
NA20812	0|0	1,0,0
NA20813	0|0	0.965,0.035,0
NA20815	0|0	0.795,0.205,0
NA20818	0|0	0.917082,0.082836,8.2e-05
NA20819	0|1	0.026,0.974,0
NA20826	0|0	0.95616,0.04368,0.00016
NA20828	0|0	0.968,0.032,0
NA18526	1|0	0.013972,0.984056,0.001972
NA18532	0|1	0.431568,0.567864,0.000568
NA18537	0|0	1,0,0
NA18542	0|0	0.791315,0.20537,0.003315
NA18545	0|0	1,0,0
NA18547	1|1	0.000540001,0.05592,0.94354
NA18550	0|0	0.950049,0.049902,4.9e-05
NA18552	0|1	0,1,0
NA18555	0|0	0.564,0.436,0
NA18558	1|0	0.00599998,0.994,0
NA18561	0|0	0.840078,0.158844,0.001078
NA18562	0|0	0.616341,0.377318,0.006341
NA18563	0|0	0.75,0.25,0
NA18564	0|0	1,0,0
NA18566	0|1	0,0.999,0.001
NA18570	0|0	0.959,0.041,0
NA18571	1|0	0.057,0.943,0
NA18572	0|0	0.97,0.03,0
NA18573	0|0	0.987,0.013,0
NA18577	0|0	0.851,0.149,0
NA18579	1|0	0.00400001,0.996,0
NA18582	1|0	0.00999999,0.99,0
NA18592	0|0	0.983,0.017,0
NA18593	0|0	0.976,0.024,0
NA18603	0|0	1,0,0
NA18605	0|1	0.016905,0.79219,0.190905
NA18608	0|0	0.893,0.107,0
NA18609	0|0	1,0,0
NA18611	0|0	1,0,0
NA18612	0|0	0.999,0.001,0
NA18620	1|0	0.000963988,0.963072,0.035964
NA18621	0|1	0.43,0.57,0
NA18622	0|0	1,0,0
NA18623	0|1	0,0.997,0.003
NA18624	1|0	0.009,0.991,0
NA18632	0|0	1,0,0
NA18633	0|0	1,0,0
NA18635	0|0	0.987012,0.012976,1.2e-05
NA18636	0|0	0.967,0.033,0
NA18637	1|0	0.08235,0.8403,0.07735
NA18940	0|0	0.998001,0.001998,1e-06
NA18942	0|1	0.00199797,0.997004,0.000998
NA18943	0|1	0.107,0.893,0
NA18944	1|1	0.000394995,0.39521,0.604395
NA18945	0|0	0.865,0.135,0
NA18947	0|1	0.000995987,0.995008,0.003996
NA18948	1|0	0.116,0.884,0
NA18949	0|0	0.928,0.072,0
NA18951	1|0	0,0.992,0.008
NA18952	0|0	0.999,0.001,0
NA18953	0|0	0.939,0.061,0
NA18956	0|0	0.999,0.001,0
NA18959	0|0	0.999,0.001,0
NA18960	0|0	1,0,0
NA18961	0|0	0.997002,0.002996,2e-06
NA18964	0|0	1,0,0
NA18965	0|0	0.998,0.002,0
NA18966	0|1	0.00368401,0.917632,0.078684
NA18967	1|1	0,0,1
NA18968	0|0	0.827,0.173,0
NA18969	0|0	0.955,0.045,0
NA18970	0|0	0.807,0.193,0
NA18971	1|0	0.00299102,0.994018,0.002991
NA18972	0|1	0.308,0.692,0
NA18973	0|0	1,0,0
NA18974	0|1	0.011,0.989,0
NA18975	1|0	0.00699303,0.992014,0.000993
NA18976	1|1	0,0.064,0.936
NA18978	1|0	0,1,0
NA18980	0|0	0.614,0.386,0
NA18981	0|0	0.964068,0.035864,6.8e-05
NA18987	0|0	0.945156,0.054688,0.000156
NA18990	1|0	0.136863,0.862274,0.000863
NA18991	0|0	0.963,0.037,0
NA18992	0|0	0.892,0.108,0
NA18994	1|0	0,0.996,0.004
NA18995	1|0	0.000999987,0.999,0
NA18997	0|0	0.832,0.168,0
NA18998	0|1	0.020979,0.978042,0.000979
NA18999	0|0	1,0,0
NA19000	1|1	0,0,1
NA19003	1|1	0,0,1
NA19005	0|0	0.984,0.016,0
NA19007	0|0	0.883116,0.116768,0.000116
NA19012	1|0	0.000873989,0.873252,0.125874
