NA18498	1|1	2	0,0,1
NA18502	1|0	1	0,1,0
NA18505	0|0	0	1,0,0
NA18507	1|1	2	0,0,1
NA18508	1|0	1	0,1,0
NA18517	0|0	0	1,0,0
NA18519	1|1	2	0,0,1
NA18858	0|1	1	0,1,0
NA18861	1|1	2	0,0,1
NA18867	0|1	1	0,1,0
NA18870	0|1	1	0,1,0
NA18910	1|0	1	0,1,0
NA18912	0|1	1	0,1,0
NA19092	1|1	2	0,0,1
NA19093	1|1	2	0,0,1
NA19098	1|1	2	0,0,1
NA19099	0|0	0	1,0,0
NA19102	1|0	1	0,1,0
NA19108	1|1	2	0,0,1
NA19116	1|1	2	0,0,1
NA19118	0|1	1	0,1,0
NA19119	1|0	1	0,1,0
NA19129	1|0	1	0,1,0
NA19130	1|1	2	0,0,1
NA19131	1|1	2	0,0,1
NA19137	0|1	0.51	0.49,0.51,0
NA19138	1|0	1	0,1,0
NA19141	0|1	1	0,1,0
NA19143	0|1	1	0,1,0
NA19144	0|1	1	0,1,0
NA19146	0|1	1	0,1,0
NA19150	1|1	2	0,0,1
NA19152	1|0	1	0,1,0
NA19153	1|0	1	0,1,0
NA19159	1|1	2	0,0,1
NA19160	0|1	1	0,1,0
NA19171	0|0	0	1,0,0
NA19172	1|0	1	0,1,0
NA19189	1|1	1.88	0,0.12,0.88
NA19200	0|1	1	0,1,0
NA19201	0|1	1	0,1,0
NA19204	1|1	2	0,0,1
NA19206	1|0	1	0,1,0
NA19207	0|1	1	0,1,0
NA19209	1|1	2	0,0,1
NA19210	1|0	1	0,1,0
NA19213	1|0	1	0,1,0
