NA18526	1|0	0.99	0.01,0.99,0
NA18532	1|0	1	0,1,0
NA18537	0|1	1.02	0,0.98,0.02
NA18542	0|1	1	0,1,0
NA18545	1|1	1.99	0,0.01,0.99
NA18547	0|1	1	0,1,0
NA18550	1|0	1	0,1,0
NA18552	0|1	0.81	0.19,0.81,0
NA18555	0|1	1	0,1,0
NA18558	0|1	1	0,1,0
NA18561	0|1	1	0,1,0
NA18562	0|1	1	0,1,0
NA18563	0|0	0	1,0,0
NA18564	1|0	1.05	0,0.95,0.05
NA18566	1|0	1.48	0.01,0.5,0.49
NA18570	1|1	1.93	0,0.07,0.93
NA18571	1|0	0.77	0.23,0.77,0
NA18572	0|0	0	1,0,0
NA18573	1|0	1	0,1,0
NA18577	1|0	0.99	0.01,0.99,0
NA18579	1|1	1.94	0,0.06,0.94
NA18582	0|0	0	1,0,0
NA18592	1|0	1.03	0,0.97,0.03
NA18593	1|1	2	0,0,1
NA18603	0|0	0	1,0,0
NA18605	1|0	1	0,1,0
NA18608	0|0	0.11	0.89,0.1,0
NA18609	0|1	1	0,1,0
NA18611	1|0	1.15	0,0.85,0.15
NA18612	1|0	0.9	0.1,0.9,0
NA18620	0|1	1	0,1,0
NA18621	0|0	0	1,0,0
NA18622	0|0	0	1,0,0
NA18623	0|1	1	0,1,0
NA18624	1|1	1.95	0,0.05,0.95
NA18632	1|0	1.02	0,0.98,0.02
NA18633	0|0	0.01	0.99,0.01,0
NA18635	0|0	0	1,0,0
NA18636	0|1	0.98	0.02,0.98,0
NA18637	0|0	0	1,0,0
NA18940	0|1	0.96	0.04,0.96,0
NA18942	1|0	1.01	0,0.99,0.01
NA18943	0|0	0	1,0,0
NA18944	0|0	0	1,0,0
NA18945	0|0	0.01	0.99,0.01,0
NA18947	0|0	0	1,0,0
NA18948	0|0	0.03	0.97,0.03,0
NA18949	1|0	1	0,1,0
NA18951	0|1	1	0,1,0
NA18952	0|1	0.52	0.48,0.52,0
NA18953	0|1	1	0,1,0
NA18956	1|0	1.29	0,0.71,0.29
NA18959	1|0	1	0,1,0
NA18960	0|0	0	1,0,0
NA18961	1|1	2	0,0,1
NA18964	1|0	1.01	0,0.99,0.01
NA18965	1|0	0.92	0.09,0.91,0.01
NA18966	1|0	0.99	0.02,0.97,0.01
NA18967	0|1	0.57	0.43,0.57,0
NA18968	0|0	0	1,0,0
NA18969	1|0	1	0,1,0
NA18970	0|0	0.29	0.71,0.29,0
NA18971	0|0	0	1,0,0
NA18972	0|1	0.91	0.11,0.86,0.02
NA18973	1|0	0.95	0.05,0.95,0
NA18974	0|1	1	0,1,0
NA18975	1|1	1.86	0,0.13,0.86
NA18976	0|1	1	0,1,0
NA18978	0|0	0	1,0,0
NA18980	0|0	0.08	0.92,0.08,0
NA18981	0|0	0.01	0.99,0.01,0
NA18987	0|0	0	1,0,0
NA18990	0|0	0	1,0,0
NA18991	1|0	1.47	0,0.53,0.47
NA18992	0|0	0	1,0,0
NA18994	0|1	0.97	0.03,0.97,0
NA18995	1|0	1	0,1,0
NA18997	1|1	1.97	0,0.03,0.97
NA18998	0|1	0.97	0.03,0.97,0
NA18999	1|0	1.06	0,0.94,0.06
NA19000	0|1	1	0,1,0
NA19003	0|0	0	1,0,0
NA19005	1|0	1	0,1,0
NA19007	0|0	0.24	0.77,0.22,0.01
NA19012	0|0	0	1,0,0
