NA06985	0|1	1	0,1,0
NA06991	0|0	0	1,0,0
NA06993	0|0	0	1,0,0
NA06994	0|0	0	1,0,0
NA07000	0|0	0.13	0.87,0.13,0
NA07019	1|1	2	0,0,1
NA07022	1|1	1.98	0,0.02,0.98
NA07029	0|0	0	1,0,0
NA07034	0|0	0	1,0,0
NA07048	1|0	1	0,1,0
NA07055	1|0	1	0,1,0
NA07056	1|1	2	0,0,1
NA07345	0|1	1	0,1,0
NA07348	1|1	2	0,0,1
NA07357	0|1	1	0,1,0
NA10830	0|1	1	0,1,0
NA10831	1|0	1	0,1,0
NA10835	0|0	0	1,0,0
NA10838	0|1	1	0,1,0
NA10839	1|0	1	0,1,0
NA10846	0|1	1	0,1,0
NA10847	0|1	1	0,1,0
NA10851	0|0	0	1,0,0
NA10854	0|0	0	1,0,0
NA10855	0|0	0	1,0,0
NA10857	1|0	1	0,1,0
NA10859	0|1	1	0,1,0
NA10860	0|0	0	1,0,0
NA10861	1|1	2	0,0,1
NA10863	1|1	2	0,0,1
NA11829	0|1	0.89	0.11,0.89,0
NA11830	0|1	0.81	0.19,0.81,0
NA11831	0|1	1	0,1,0
NA11832	0|0	0	1,0,0
NA11839	0|0	0	1,0,0
NA11840	0|0	0	1,0,0
NA11881	0|1	1	0,1,0
NA11882	0|1	0.99	0.01,0.99,0
NA11992	0|0	0	1,0,0
NA11993	0|1	1	0,1,0
NA11994	1|1	2	0,0,1
NA11995	1|0	1	0,1,0
NA12003	1|1	2	0,0,1
NA12004	0|0	0	1,0,0
NA12005	0|0	0	1,0,0
NA12006	1|1	1.72	0,0.28,0.72
NA12043	1|0	1	0,1,0
NA12044	1|1	2	0,0,1
NA12056	0|0	0.04	0.96,0.04,0
NA12057	0|1	1	0,1,0
NA12144	0|0	0.01	0.99,0.01,0
NA12145	1|1	2	0,0,1
NA12146	1|1	2	0,0,1
NA12154	0|0	0	1,0,0
NA12155	1|0	1.3	0,0.7,0.3
NA12156	0|1	1	0,1,0
NA12234	1|1	1.51	0.06,0.37,0.57
NA12236	0|1	1	0,1,0
NA12239	0|1	1	0,1,0
NA12248	0|0	0.47	0.53,0.47,0
NA12249	0|1	1	0,1,0
NA12264	1|1	2	0,0,1
NA12707	1|0	1	0,1,0
NA12716	0|1	1	0,1,0
NA12717	1|1	2	0,0,1
NA12740	1|1	2	0,0,1
NA12750	1|1	2	0,0,1
NA12751	1|1	2	0,0,1
NA12752	1|1	1.99	0,0.01,0.99
NA12753	0|1	1	0,1,0
NA12760	1|1	2	0,0,1
NA12761	1|1	2	0,0,1
NA12762	1|0	1	0,1,0
NA12763	1|1	1.99	0,0.01,0.99
NA12801	1|0	1	0,1,0
NA12802	1|1	2	0,0,1
NA12812	0|1	1	0,1,0
NA12813	1|1	1.87	0,0.13,0.87
NA12814	0|1	1	0,1,0
NA12815	1|0	1	0,1,0
NA12864	1|1	2	0,0,1
NA12865	1|1	2	0,0,1
NA12872	1|0	1	0,1,0
NA12873	0|1	1	0,1,0
NA12874	0|1	1	0,1,0
NA12875	1|1	2	0,0,1
NA12878	0|1	1	0,1,0
NA12891	0|1	1	0,1,0
NA12892	1|1	2	0,0,1
NA20502	0|1	1	0,1,0
NA20504	1|1	1.92	0,0.08,0.92
NA20505	0|0	0	1,0,0
NA20506	1|0	0.99	0.01,0.99,0
NA20508	1|0	1	0,1,0
NA20509	1|0	1.27	0.07,0.59,0.34
NA20510	0|0	0.09	0.91,0.09,0
NA20512	0|1	1	0,1,0
NA20515	0|1	1.01	0.02,0.95,0.03
NA20516	1|1	1.91	0,0.09,0.91
NA20517	0|1	1.03	0,0.97,0.03
NA20518	1|0	1	0,1,0
NA20519	0|0	0	1,0,0
NA20520	1|1	2	0,0,1
NA20521	1|1	1.99	0,0.01,0.99
NA20522	1|0	1	0,1,0
NA20524	0|1	1	0,1,0
NA20525	0|1	1.01	0,0.99,0.01
NA20527	0|0	0	1,0,0
NA20528	1|1	2	0,0,1
NA20529	1|0	1.27	0.09,0.55,0.36
NA20530	0|1	1	0,1,0
NA20531	1|0	1	0,1,0
NA20534	0|1	0.95	0.05,0.95,0
NA20535	0|1	0.99	0.01,0.99,0
NA20538	1|1	1.76	0,0.24,0.76
NA20539	1|1	2	0,0,1
NA20540	0|0	0	1,0,0
NA20541	0|1	0.9	0.1,0.9,0
NA20542	1|1	2	0,0,1
NA20543	0|1	1	0,1,0
NA20544	0|0	0.03	0.97,0.03,0
NA20581	0|1	1.01	0,0.99,0.01
NA20582	0|1	1.33	0.06,0.56,0.38
NA20585	1|1	2	0,0,1
NA20586	1|0	1	0,1,0
NA20588	1|0	1.16	0,0.84,0.16
NA20589	0|1	1	0,1,0
NA20752	1|0	0.96	0.04,0.96,0
NA20753	0|1	1	0,1,0
NA20754	0|1	1	0,1,0
NA20755	0|0	0	1,0,0
NA20756	1|0	1	0,1,0
NA20758	1|1	1.98	0,0.02,0.98
NA20759	0|1	1	0,1,0
NA20760	1|1	2	0,0,1
NA20761	1|0	1	0,1,0
NA20765	1|0	1	0,1,0
NA20766	1|1	2	0,0,1
NA20768	1|1	1.62	0,0.38,0.62
NA20769	0|1	1	0,1,0
NA20770	0|1	1	0,1,0
NA20771	1|0	1	0,1,0
NA20772	0|0	0.02	0.98,0.02,0
NA20773	1|1	2	0,0,1
NA20774	0|0	0	1,0,0
NA20778	1|0	1	0,1,0
NA20783	0|1	1	0,1,0
NA20785	1|0	1	0,1,0
NA20786	1|1	1.59	0,0.41,0.59
NA20787	0|1	1	0,1,0
NA20790	0|0	0	1,0,0
NA20792	1|0	0.97	0.26,0.5,0.23
NA20796	1|1	2	0,0,1
NA20797	0|0	0	1,0,0
NA20798	0|1	1	0,1,0
NA20799	0|0	0	1,0,0
NA20800	1|0	1.15	0,0.85,0.15
NA20801	1|0	1	0,1,0
NA20802	0|0	0	1,0,0
NA20803	0|0	0	1,0,0
NA20804	0|1	0.95	0.05,0.95,0
NA20805	0|0	0.1	0.9,0.1,0
NA20806	1|0	1.32	0,0.68,0.32
NA20807	0|1	0.93	0.09,0.89,0.02
NA20808	0|1	1.02	0,0.98,0.02
NA20809	0|0	0.16	0.84,0.16,0
NA20810	1|0	0.94	0.06,0.94,0
NA20811	0|0	0	1,0,0
NA20812	0|0	0.18	0.83,0.17,0.01
NA20813	0|0	0	1,0,0
NA20815	1|0	0.91	0.09,0.91,0
NA20818	1|1	1.98	0,0.02,0.98
NA20819	1|0	0.97	0.03,0.97,0
NA20826	0|1	1	0,1,0
NA20828	0|1	0.89	0.11,0.89,0
