NA18498	0|0	0.607,0.393,0
NA18502	1|0	0.294701,0.580598,0.124701
NA18507	0|0	0.997002,0.002996,2e-06
NA18508	1|0	0.022977,0.976046,0.000977
NA18517	1|0	0,0.995,0.005
NA18519	0|0	0.854429,0.145142,0.000429
NA18861	0|0	0.811,0.189,0
NA18867	0|0	0.893,0.107,0
NA18870	1|0	0.11628,0.68044,0.20328
NA18910	0|1	0.01341,0.88218,0.10441
NA18912	0|1	0.00999999,0.99,0
NA19092	1|1	4.99994e-05,0.0509,0.94905
NA19093	1|0	0,1,0
NA19098	0|1	0,0.997,0.003
NA19099	0|0	0.999,0.001,0
NA19102	0|0	0.999,0.001,0
NA19108	0|0	0.607945,0.39011,0.001945
NA19116	0|0	0.501,0.499,0
NA19118	0|0	1,0,0
NA19119	1|0	0.00597598,0.990048,0.003976
NA19129	0|0	0.999,0.001,0
NA19130	0|0	0.54808,0.40784,0.04408
NA19131	0|0	1,0,0
NA19137	0|0	0.997,0.003,0
NA19141	0|0	1,0,0
NA19143	0|0	1,0,0
NA19146	0|1	0.197802,0.801396,0.000802
NA19150	0|0	0.995,0.005,0
NA19152	0|0	0.996003,0.003994,3e-06
NA19159	0|1	0.105056,0.707888,0.187056
NA19160	0|0	0.937,0.063,0
NA19171	0|0	0.999,0.001,0
NA19172	1|1	0,0.000999987,0.999
NA19189	0|1	0.038,0.962,0
NA19200	0|0	1,0,0
NA19201	1|0	0.00199997,0.998,0
NA19204	0|0	1,0,0
NA19206	0|0	0.887,0.113,0
NA19207	1|0	0.00700003,0.993,0
NA19209	1|0	0.35928,0.63944,0.00128
NA19213	0|0	1,0,0
NA19223	0|0	0.742,0.258,0
NA19240	0|0	0.997,0.003,0
