NA18526	1|1	0,0.036,0.964
NA18532	1|1	0,0.012,0.988
NA18537	1|1	0,0.011,0.989
NA18542	1|1	0,0,1
NA18545	1|1	0,0.00400001,0.996
NA18547	1|1	4.8e-05,0.013904,0.986048
NA18550	1|1	0,0.000999987,0.999
NA18552	1|1	1.79998e-05,0.018964,0.981018
NA18555	1|1	0,0.00400001,0.996
NA18558	1|1	0,0.000999987,0.999
NA18561	1|1	2.99998e-06,0.00399401,0.996003
NA18562	1|1	0,0,1
NA18563	1|1	0,0,1
NA18564	1|1	0,0,1
NA18566	1|1	3.90003e-05,0.015922,0.984039
NA18570	1|1	0,0.000999987,0.999
NA18571	1|1	0,0.00599998,0.994
NA18572	1|1	0,0.045,0.955
NA18573	1|1	4.29994e-05,0.043914,0.956043
NA18577	1|1	0,0.009,0.991
NA18579	1|1	0,0.00700003,0.993
NA18582	1|1	4.19995e-05,0.022916,0.977042
NA18592	1|1	5.99991e-06,0.00698797,0.993006
NA18593	1|1	4e-05,0.01292,0.98704
NA18603	1|1	0,0.031,0.969
NA18605	1|1	0,0.00300002,0.997
NA18608	1|1	0,0.000999987,0.999
NA18609	1|1	3.00002e-05,0.01294,0.98703
NA18611	1|1	0,0.00300002,0.997
NA18612	1|1	0.000225,0.02955,0.970225
NA18620	1|1	0,0.023,0.977
NA18621	1|1	0,0,1
NA18622	1|1	0,0.000999987,0.999
NA18623	1|1	1.39999e-05,0.008972,0.991014
NA18624	1|1	0,0,1
NA18632	1|1	2.4e-05,0.00995199,0.990024
NA18633	1|1	0,0.019,0.981
NA18635	1|1	9.99974e-07,0.00199797,0.998001
NA18636	1|1	2.99998e-06,0.00399401,0.996003
NA18637	1|1	1.39998e-05,0.014972,0.985014
NA18940	1|1	0,0,1
NA18942	1|1	0,0.02,0.98
NA18943	1|1	0,0.00300002,0.997
NA18944	1|1	0,0,1
NA18945	1|1	0,0.00300002,0.997
NA18947	1|1	5.99996e-06,0.004988,0.995006
NA18948	1|1	3.99996e-06,0.004992,0.995004
NA18949	1|1	0,0.00599998,0.994
NA18951	1|1	0,0.00199997,0.998
NA18952	1|1	0,0.000999987,0.999
NA18953	1|1	9.20002e-05,0.026816,0.973092
NA18956	1|1	1.50001e-05,0.00797002,0.992015
NA18959	1|1	0,0.015,0.985
NA18960	1|1	7.20002e-05,0.016856,0.983072
NA18961	1|1	0,0.00199997,0.998
NA18964	1|1	0.000847998,0.0673039,0.931848
NA18965	1|1	0,0.00199997,0.998
NA18966	1|1	0,0,1
NA18967	1|1	0,0.005,0.995
NA18968	1|1	0.000138001,0.048724,0.951138
NA18969	1|1	4.80002e-05,0.015904,0.984048
NA18970	1|1	0,0.000999987,0.999
NA18971	1|1	0,0.00199997,0.998
NA18972	1|1	0,0,1
NA18973	1|1	0,0.016,0.984
NA18974	1|1	0,0.00400001,0.996
NA18975	1|1	0.000156,0.024688,0.975156
NA18976	1|1	0,0.00199997,0.998
NA18978	1|1	9.99986e-06,0.01098,0.98901
NA18980	1|1	0,0.00800002,0.992
NA18981	1|1	0,0.00300002,0.997
NA18987	1|1	0,0,1
NA18990	1|1	0,0.00199997,0.998
NA18991	1|1	3.50001e-05,0.01193,0.988035
NA18992	1|1	0,0.00400001,0.996
NA18994	1|1	9.00013e-06,0.00598204,0.994009
NA18995	1|1	0,0,1
NA18997	1|1	0,0.00199997,0.998
NA18998	1|1	0,0,1
NA18999	1|1	2.10002e-05,0.00995805,0.990021
NA19000	1|1	0,0,1
NA19003	1|1	0,0.00300002,0.997
NA19005	1|1	2.99998e-06,0.00399401,0.996003
NA19007	1|1	0,0,1
NA19012	1|1	0,0,1
