NA18498	0|1	0.005,0.995,0
NA18502	0|0	1,0,0
NA18505	0|0	0.999,0.001,0
NA18507	0|0	1,0,0
NA18508	0|0	0.999,0.001,0
NA18517	0|0	1,0,0
NA18519	1|1	0,0.00199997,0.998
NA18858	0|0	1,0,0
NA18861	1|0	0,1,0
NA18867	0|0	0.999,0.001,0
NA18870	0|0	1,0,0
NA18910	0|1	0,1,0
NA18912	0|1	0.00699303,0.992014,0.000993
NA19093	0|1	0,1,0
NA19098	0|0	1,0,0
NA19099	1|0	0.00300002,0.997,0
NA19102	1|0	0.00199997,0.998,0
NA19108	0|0	1,0,0
NA19116	0|0	1,0,0
NA19118	0|1	0.000999987,0.999,0
NA19119	0|0	0.996003,0.003994,3e-06
NA19129	1|1	1.99995e-06,0.00299596,0.997002
NA19130	0|0	0.999,0.001,0
NA19131	1|0	0.00199997,0.998,0
NA19137	0|1	0,0.999,0.001
NA19138	0|0	1,0,0
NA19141	1|0	0,0.999,0.001
NA19143	1|1	3.59998e-05,0.011928,0.988036
NA19144	1|0	0.000999987,0.999,0
NA19146	0|0	1,0,0
NA19150	0|0	1,0,0
NA19152	0|0	1,0,0
NA19153	0|0	1,0,0
NA19159	0|0	1,0,0
NA19160	0|0	1,0,0
NA19171	0|0	1,0,0
NA19172	0|0	1,0,0
NA19189	1|0	0,1,0
NA19200	0|0	1,0,0
NA19201	0|0	1,0,0
NA19204	0|0	1,0,0
NA19206	0|0	1,0,0
NA19207	0|1	0.000999987,0.999,0
NA19209	0|0	1,0,0
NA19210	1|0	0,1,0
NA19213	1|0	0.000999987,0.999,0
NA19222	1|0	0,1,0
NA19223	0|0	0.998,0.002,0
NA19240	0|0	0.999,0.001,0
NA06985	0|0	1,0,0
NA06994	0|0	1,0,0
NA07000	0|0	1,0,0
NA07048	1|0	0.135,0.865,0
NA07056	0|0	1,0,0
NA07348	0|0	1,0,0
NA07357	0|0	1,0,0
NA10847	0|0	1,0,0
NA10851	0|0	1,0,0
NA11829	0|0	1,0,0
NA11830	0|0	1,0,0
NA11831	0|0	1,0,0
NA11832	0|0	1,0,0
NA11840	0|1	0.016,0.984,0
NA11881	0|0	0.993,0.007,0
NA11992	0|0	1,0,0
NA11994	0|1	0,1,0
NA11995	0|0	1,0,0
NA12003	0|0	1,0,0
NA12004	0|0	0.619,0.381,0
NA12005	0|0	1,0,0
NA12006	0|0	1,0,0
NA12043	0|0	0.589,0.411,0
NA12044	0|0	1,0,0
NA12144	1|0	0.000999987,0.999,0
NA12154	0|0	0.976,0.024,0
NA12155	1|0	0.000999987,0.999,0
NA12156	0|0	1,0,0
NA12234	0|1	0.17,0.83,0
NA12249	0|0	1,0,0
NA12716	0|0	1,0,0
NA12717	0|0	1,0,0
NA12750	0|0	1,0,0
NA12751	1|0	0.033,0.967,0
NA12760	0|0	1,0,0
NA12761	0|0	0.979,0.021,0
NA12762	0|0	1,0,0
NA12763	0|0	1,0,0
NA12812	0|0	1,0,0
NA12813	0|0	1,0,0
NA12814	0|0	0.806,0.194,0
NA12815	0|0	1,0,0
NA12872	1|0	0.00800002,0.992,0
NA12873	0|0	1,0,0
NA12874	0|0	1,0,0
NA12878	0|1	0.414,0.586,0
NA20502	0|0	1,0,0
NA20504	0|0	0.999,0.001,0
NA20505	0|0	1,0,0
NA20506	0|0	1,0,0
NA20508	0|0	0.999,0.001,0
NA20509	0|0	0.961,0.039,0
NA20510	0|0	1,0,0
NA20512	0|0	1,0,0
NA20515	0|0	1,0,0
NA20516	0|0	1,0,0
NA20517	0|0	1,0,0
NA20518	0|0	0.84,0.16,0
NA20519	0|0	0.992,0.008,0
NA20520	0|0	1,0,0
NA20521	0|1	0.166,0.834,0
NA20522	0|0	1,0,0
NA20524	0|0	1,0,0
NA20525	0|0	1,0,0
NA20527	0|0	0.999,0.001,0
NA20528	1|0	0,0.992,0.008
NA20529	0|0	1,0,0
NA20530	0|0	0.987,0.013,0
NA20531	0|0	1,0,0
NA20534	0|0	0.999,0.001,0
NA18526	0|0	1,0,0
NA18532	0|0	1,0,0
NA18537	0|0	1,0,0
NA18547	1|0	0,1,0
NA18550	0|0	1,0,0
NA18555	0|0	1,0,0
NA18561	0|0	1,0,0
NA18562	0|0	1,0,0
NA18563	0|0	1,0,0
NA18566	0|0	1,0,0
NA18572	1|0	0,1,0
NA18577	0|0	1,0,0
NA18582	0|0	1,0,0
NA18603	0|0	1,0,0
NA18605	0|0	1,0,0
NA18606	0|0	0.847,0.153,0
NA18621	0|0	1,0,0
NA18622	0|0	0.98,0.02,0
NA18628	0|0	0.999,0.001,0
NA18632	0|0	1,0,0
NA18636	0|0	1,0,0
NA18647	0|0	1,0,0
NA18942	0|0	1,0,0
NA18943	0|0	1,0,0
NA18945	0|0	1,0,0
NA18947	0|0	1,0,0
NA18949	0|0	1,0,0
NA18951	0|0	1,0,0
NA18952	0|0	1,0,0
NA18953	0|0	1,0,0
NA18956	0|0	1,0,0
NA18964	0|0	1,0,0
NA18965	0|0	1,0,0
NA18970	0|0	1,0,0
NA18973	0|0	1,0,0
NA18974	0|0	1,0,0
NA18980	0|0	1,0,0
NA18987	0|0	1,0,0
NA18990	0|0	1,0,0
NA18994	0|0	1,0,0
NA18995	0|0	1,0,0
NA19000	0|0	1,0,0
NA19003	0|0	1,0,0
NA19010	0|0	1,0,0
