NA06985	0|0	1,0,0
NA06994	0|0	1,0,0
NA07000	0|0	1,0,0
NA07048	1|0	0.135,0.865,0
NA07056	0|0	1,0,0
NA07348	0|0	1,0,0
NA07357	0|0	1,0,0
NA10847	0|0	1,0,0
NA10851	0|0	1,0,0
NA11829	0|0	1,0,0
NA11830	0|0	1,0,0
NA11831	0|0	1,0,0
NA11832	0|0	1,0,0
NA11840	0|1	0.016,0.984,0
NA11881	0|0	0.993,0.007,0
NA11992	0|0	1,0,0
NA11994	0|1	0,1,0
NA11995	0|0	1,0,0
NA12003	0|0	1,0,0
NA12004	0|0	0.619,0.381,0
NA12005	0|0	1,0,0
NA12006	0|0	1,0,0
NA12043	0|0	0.589,0.411,0
NA12044	0|0	1,0,0
NA12144	1|0	0.000999987,0.999,0
NA12154	0|0	0.976,0.024,0
NA12155	1|0	0.000999987,0.999,0
NA12156	0|0	1,0,0
NA12234	0|1	0.17,0.83,0
NA12249	0|0	1,0,0
NA12716	0|0	1,0,0
NA12717	0|0	1,0,0
NA12750	0|0	1,0,0
NA12751	1|0	0.033,0.967,0
NA12760	0|0	1,0,0
NA12761	0|0	0.979,0.021,0
NA12762	0|0	1,0,0
NA12763	0|0	1,0,0
NA12812	0|0	1,0,0
NA12813	0|0	1,0,0
NA12814	0|0	0.806,0.194,0
NA12815	0|0	1,0,0
NA12872	1|0	0.00800002,0.992,0
NA12873	0|0	1,0,0
NA12874	0|0	1,0,0
NA12878	0|1	0.414,0.586,0
NA20502	0|0	1,0,0
NA20504	0|0	0.999,0.001,0
NA20505	0|0	1,0,0
NA20506	0|0	1,0,0
NA20508	0|0	0.999,0.001,0
NA20509	0|0	0.961,0.039,0
NA20510	0|0	1,0,0
NA20512	0|0	1,0,0
NA20515	0|0	1,0,0
NA20516	0|0	1,0,0
NA20517	0|0	1,0,0
NA20518	0|0	0.84,0.16,0
NA20519	0|0	0.992,0.008,0
NA20520	0|0	1,0,0
NA20521	0|1	0.166,0.834,0
NA20522	0|0	1,0,0
NA20524	0|0	1,0,0
NA20525	0|0	1,0,0
NA20527	0|0	0.999,0.001,0
NA20528	1|0	0,0.992,0.008
NA20529	0|0	1,0,0
NA20530	0|0	0.987,0.013,0
NA20531	0|0	1,0,0
NA20534	0|0	0.999,0.001,0
