NA11829	0|0	0	1,0,0
NA11830	1|0	1.4	0,0.6,0.4
NA11831	1|1	2	0,0,1
NA11832	0|1	1	0,1,0
NA11840	1|1	2	0,0,1
NA11881	0|0	0	1,0,0
NA11994	0|0	0	1,0,0
NA11995	1|1	2	0,0,1
NA12004	0|1	0.95	0.05,0.95,0
NA12005	1|1	2	0,0,1
NA12043	1|1	2	0,0,1
NA12044	0|0	0	1,0,0
NA12144	1|1	2	0,0,1
NA12154	1|1	1.96	0,0.04,0.96
NA12155	0|0	0	1,0,0
NA12156	1|0	1	0,1,0
NA12234	0|1	1	0,1,0
NA12717	0|0	0	1,0,0
NA12750	1|1	2	0,0,1
NA12760	0|0	0	1,0,0
NA12761	0|0	0	1,0,0
NA12762	1|1	2	0,0,1
NA12763	0|0	0.04	0.96,0.04,0
NA12812	1|1	2	0,0,1
NA12813	1|1	2	0,0,1
NA12814	0|0	0	1,0,0
NA12815	1|1	1.98	0,0.02,0.98
NA12872	1|1	2	0,0,1
NA12873	0|1	1	0,1,0
NA12874	0|0	0	1,0,0
NA12878	1|1	2	0,0,1
