NA18526	0|1	0.8	0.2,0.8,0
NA18537	0|1	1.3	0,0.7,0.3
NA18550	1|1	1.95	0,0.05,0.95
NA18555	1|1	1.94	0,0.06,0.94
NA18562	1|1	2	0,0,1
NA18563	1|1	2	0,0,1
NA18582	1|1	1.84	0,0.16,0.84
NA18603	1|1	2	0,0,1
NA18606	1|1	2	0,0,1
NA18621	1|1	2	0,0,1
NA18622	0|0	0.05	0.95,0.05,0
NA18628	1|1	1.66	0,0.34,0.66
NA18632	1|1	2	0,0,1
NA18636	1|1	2	0,0,1
NA18647	0|0	0.51	0.56,0.38,0.06
NA18942	0|1	1	0,1,0
NA18945	1|1	2	0,0,1
NA18947	1|1	2	0,0,1
NA18951	1|0	1	0,1,0
NA18952	1|1	2	0,0,1
NA18953	0|0	0	1,0,0
NA18956	0|0	0.06	0.94,0.06,0
NA18965	0|0	0	1,0,0
NA18970	1|1	2	0,0,1
NA18973	0|0	0	1,0,0
NA18977	0|0	0	1,0,0
NA18987	1|0	1	0,1,0
NA18990	1|1	1.92	0,0.08,0.92
NA18995	1|1	2	0,0,1
NA19003	1|1	1.8	0,0.2,0.8
NA19010	1|0	1	0,1,0
