NA18498	1|0	0.00700003,0.993,0
NA18502	1|1	9.99974e-07,0.00199797,0.998001
NA18505	1|1	9.99986e-06,0.01098,0.98901
NA18507	1|0	0,1,0
NA18508	1|1	0,0,1
NA18517	1|1	0.000126,0.022748,0.977126
NA18519	1|0	0.00300002,0.997,0
NA18858	1|1	0,0,1
NA18861	1|0	0,1,0
NA18867	0|0	0.997,0.003,0
NA18870	1|1	1.39999e-05,0.008972,0.991014
NA18910	1|0	0,1,0
NA18912	1|1	0,0,1
NA19092	0|0	0.999,0.001,0
NA19093	0|0	1,0,0
NA19098	0|0	1,0,0
NA19099	1|1	0,0.000999987,0.999
NA19102	1|1	0,0.00199997,0.998
NA19108	1|1	0,0.00999999,0.99
NA19116	1|1	0,0.000999987,0.999
NA19118	1|1	0,0,1
NA19119	1|0	0,1,0
NA19129	1|0	0,1,0
NA19130	0|1	0,1,0
NA19131	1|0	0.000999987,0.999,0
NA19137	1|0	0,1,0
NA19141	1|1	0,0,1
NA19143	0|0	1,0,0
NA19144	0|1	0.018,0.982,0
NA19146	0|1	0,0.996,0.004
NA19150	1|1	0,0.00400001,0.996
NA19152	0|0	0.999,0.001,0
NA19153	1|1	9.99986e-06,0.01098,0.98901
NA19159	1|1	0,0,1
NA19160	1|1	0,0,1
NA19171	1|0	0.00999999,0.99,0
NA19172	0|0	1,0,0
NA19189	1|0	0.00400001,0.996,0
NA19201	1|0	0,1,0
NA19204	1|1	0,0.00700003,0.993
NA19206	0|1	0.011,0.989,0
NA19207	1|1	0,0,1
NA19209	0|1	0.00300002,0.997,0
NA19210	1|0	0,1,0
NA19213	1|0	0,1,0
NA19222	1|0	0,1,0
NA19223	1|0	0,1,0
NA19240	1|1	0,0.000999987,0.999
NA06985	1|1	0,0.00300002,0.997
NA06994	1|0	0,0.998,0.002
NA07000	0|1	0.005,0.995,0
NA07048	0|1	0.00300002,0.997,0
NA07056	1|1	0,0.005,0.995
NA07348	1|0	0,1,0
NA07357	0|0	1,0,0
NA10847	1|0	0.004995,0.99401,0.000995
NA10851	0|0	1,0,0
NA11829	0|1	0,1,0
NA11830	0|1	0.00300002,0.997,0
NA11831	1|0	0.00199797,0.997004,0.000998
NA11832	0|0	1,0,0
NA11840	1|0	0.00199997,0.998,0
NA11881	1|1	0,0,1
NA11992	1|1	0,0.00400001,0.996
NA11994	1|1	0,0.00199997,0.998
NA11995	1|1	1.60001e-05,0.00796802,0.992016
NA12003	0|0	0.999,0.001,0
NA12004	1|0	0,0.999,0.001
NA12005	1|1	0,0.00199997,0.998
NA12006	1|1	0,0.00199997,0.998
NA12043	1|0	0.005,0.995,0
NA12044	0|1	0.00999999,0.99,0
NA12144	1|1	0,0,1
NA12154	1|1	0,0.000999987,0.999
NA12155	0|1	0,1,0
NA12156	0|0	0.999,0.001,0
NA12234	0|1	0,0.995,0.005
NA12249	0|0	1,0,0
NA12716	0|0	1,0,0
NA12717	0|0	1,0,0
NA12750	1|1	0,0.00300002,0.997
NA12751	1|0	0,1,0
NA12760	0|0	1,0,0
NA12761	1|1	1.20001e-05,0.00697603,0.993012
NA12762	1|0	0.037848,0.958304,0.003848
NA12763	1|0	0,1,0
NA12812	1|1	0,0,1
NA12813	0|0	1,0,0
NA12814	0|0	1,0,0
NA12815	1|1	0,0,1
NA12872	1|1	0,0.005,0.995
NA12873	1|0	0,1,0
NA12874	0|0	0.998,0.002,0
NA12878	0|0	1,0,0
NA20502	0|0	1,0,0
NA20504	0|1	0.00400001,0.996,0
NA20505	1|0	0,0.999,0.001
NA20506	1|1	0,0.000999987,0.999
NA20508	0|0	1,0,0
NA20509	1|1	0.000312,0.046376,0.953312
NA20510	1|0	0,0.998,0.002
NA20512	0|0	1,0,0
NA20515	1|0	0,1,0
NA20516	1|1	0,0.000999987,0.999
NA20517	1|1	2.99999e-05,0.01094,0.98903
NA20518	1|1	2.10002e-05,0.00995805,0.990021
NA20519	1|0	0.017,0.983,0
NA20520	1|1	1.80001e-05,0.008964,0.991018
NA20521	1|0	0,1,0
NA20522	0|1	0,1,0
NA20524	0|1	0.000999987,0.999,0
NA20525	1|0	0,1,0
NA20527	0|1	0,0.999,0.001
NA20528	1|0	0.000999987,0.999,0
NA20529	1|0	0,0.999,0.001
NA20530	1|0	0,1,0
NA20531	1|1	0,0,1
NA20534	0|0	0.998,0.002,0
NA20535	1|0	0.00599998,0.994,0
NA20538	1|0	0.00199997,0.998,0
NA20539	0|1	0.00700003,0.993,0
NA20540	1|0	0,1,0
NA20541	1|0	0,0.999,0.001
NA20542	1|0	0.00400001,0.996,0
NA20543	1|1	4.5e-05,0.01391,0.986045
NA20544	1|0	0,1,0
NA20581	0|1	0,1,0
NA20582	1|0	0.00199997,0.998,0
NA20585	1|1	0.00026,0.03548,0.96426
NA20586	1|0	0.000996987,0.996006,0.002997
NA20588	0|0	1,0,0
NA20589	1|1	0,0.00400001,0.996
NA20752	1|0	0.00400001,0.996,0
NA20753	1|1	5.99996e-06,0.004988,0.995006
NA20754	1|1	3.99996e-06,0.004992,0.995004
NA20755	1|0	0,1,0
NA20756	1|1	9.99986e-06,0.00697997,0.99301
NA20757	0|1	0,1,0
NA20758	0|0	0.998001,0.001998,1e-06
NA20759	0|0	1,0,0
NA20760	0|0	0.998,0.002,0
NA20761	0|1	0,1,0
NA20765	1|0	0,1,0
NA20766	1|0	0,1,0
NA20768	0|0	1,0,0
NA20769	0|1	0.00400001,0.996,0
NA20770	1|1	0,0.00199997,0.998
NA20771	1|1	0,0.000999987,0.999
NA20772	0|1	0.00199797,0.997004,0.000998
NA20773	0|0	1,0,0
NA20774	0|1	0.005,0.995,0
NA20775	0|0	0.999,0.001,0
NA20778	1|1	0,0.00700003,0.993
NA20783	0|0	1,0,0
NA20785	1|0	0,1,0
NA20786	1|1	9.99974e-07,0.00199797,0.998001
NA20787	0|0	1,0,0
NA20790	1|1	1.19998e-05,0.00797596,0.992012
NA20792	0|1	0.00199997,0.998,0
NA20795	1|1	0,0,1
NA20796	1|0	0.000999987,0.999,0
NA20797	0|0	1,0,0
NA20798	1|0	0.00300002,0.997,0
NA20799	1|1	0,0,1
NA20800	0|0	1,0,0
NA20801	1|1	1.19998e-05,0.00797596,0.992012
NA20802	0|0	1,0,0
NA20803	0|0	0.997,0.003,0
NA20804	0|0	1,0,0
NA20805	0|1	0.00700003,0.993,0
NA20806	1|1	0,0,1
NA20807	1|1	0,0.00199997,0.998
NA20808	1|0	0.00199997,0.998,0
NA20809	0|1	0,1,0
NA20810	0|0	0.995,0.005,0
NA20811	1|1	0,0.00800002,0.992
NA20812	1|1	3.9999e-06,0.00399195,0.996004
NA20813	0|0	1,0,0
NA20815	0|0	1,0,0
NA20818	1|1	0,0.00400001,0.996
NA20819	0|1	0,1,0
NA20826	1|0	0,0.999,0.001
NA20828	1|1	0,0,1
NA18526	0|0	0.999,0.001,0
NA18532	1|1	0,0.00599998,0.994
NA18537	0|0	0.999,0.001,0
NA18547	0|0	1,0,0
NA18550	0|0	1,0,0
NA18555	0|1	0.00599998,0.994,0
NA18561	1|0	0,1,0
NA18562	1|0	0.00199997,0.998,0
NA18563	0|0	1,0,0
NA18566	0|0	1,0,0
NA18572	1|0	0,1,0
NA18577	1|0	0,1,0
NA18582	0|0	1,0,0
NA18603	0|0	1,0,0
NA18605	0|1	0.036963,0.962074,0.000963
NA18606	0|0	1,0,0
NA18621	1|0	0.00800002,0.992,0
NA18622	1|0	0,1,0
NA18628	1|0	0,1,0
NA18632	0|1	0,1,0
NA18636	0|0	1,0,0
NA18647	1|0	0.00300002,0.997,0
NA18942	0|0	1,0,0
NA18943	0|0	1,0,0
NA18945	0|0	1,0,0
NA18947	0|0	1,0,0
NA18949	0|0	1,0,0
NA18951	0|1	0.000999987,0.999,0
NA18952	0|0	1,0,0
NA18953	0|1	0.00199997,0.998,0
NA18956	0|0	0.998001,0.001998,1e-06
NA18964	0|0	1,0,0
NA18965	0|0	0.998,0.002,0
NA18970	0|1	0,1,0
NA18973	0|0	1,0,0
NA18974	0|0	1,0,0
NA18980	1|0	0.00300002,0.997,0
NA18987	0|1	0,1,0
NA18990	1|0	0,1,0
NA18994	0|0	1,0,0
NA18995	0|0	1,0,0
NA19000	0|0	1,0,0
NA19003	1|0	0.00300002,0.997,0
NA19010	0|0	0.999,0.001,0
