NA11829	0|0	0.37	0.66,0.32,0.02
NA11830	0|0	0.52	0.54,0.39,0.07
NA11831	0|1	0.74	0.3,0.67,0.04
NA11832	0|0	0.12	0.88,0.11,0
NA11840	1|1	1.91	0,0.09,0.91
NA11881	1|1	1.84	0,0.15,0.85
NA11994	0|0	0.07	0.93,0.07,0
NA11995	1|0	1.28	0,0.72,0.28
NA12004	0|0	0.34	0.66,0.34,0
NA12005	1|0	0.59	0.45,0.51,0.04
NA12043	0|0	0.08	0.92,0.08,0
NA12044	0|0	0.06	0.94,0.06,0
NA12144	0|0	0.12	0.88,0.12,0
NA12154	0|0	0.14	0.86,0.14,0
NA12155	0|1	0.99	0.16,0.69,0.15
NA12156	1|1	1.54	0,0.45,0.54
NA12234	0|0	0.48	0.53,0.46,0.01
NA12717	0|0	0.02	0.98,0.02,0
NA12750	0|1	0.76	0.32,0.61,0.08
NA12760	1|0	0.61	0.43,0.54,0.03
NA12762	0|0	0.76	0.39,0.47,0.14
NA12763	1|1	1.42	0.05,0.48,0.47
NA12812	0|0	0.24	0.76,0.23,0.01
NA12813	0|0	0.14	0.86,0.13,0.01
NA12814	0|0	0.05	0.95,0.05,0
NA12815	1|0	1.12	0.01,0.87,0.13
NA12872	0|0	0.18	0.83,0.16,0.01
NA12873	1|0	1.07	0,0.93,0.07
NA12874	0|0	0.11	0.9,0.1,0
NA12878	0|0	0.07	0.93,0.07,0
