NA18526	1|1	4.99993e-06,0.00598998,0.994005
NA18532	0|0	1,0,0
NA18537	1|1	0,0.00199997,0.998
NA18542	1|1	0,0.062,0.938
NA18545	1|1	1.80001e-05,0.008964,0.991018
NA18547	1|1	0,0.00599998,0.994
NA18550	1|1	3.60001e-05,0.012928,0.987036
NA18552	1|1	0.000417999,0.048164,0.951418
NA18555	1|1	0,0.00199997,0.998
NA18558	1|1	9.99974e-07,0.00199797,0.998001
NA18561	1|1	3.9999e-06,0.00399195,0.996004
NA18562	1|1	4.99993e-06,0.00598998,0.994005
NA18563	1|1	0.000107999,0.055784,0.944108
NA18564	1|1	0,0.000999987,0.999
NA18566	1|1	0,0,1
NA18570	0|0	0.991,0.009,0
NA18571	1|1	5.99991e-06,0.00698797,0.993006
NA18572	1|1	2.99999e-05,0.01094,0.98903
NA18573	1|1	1.50001e-05,0.00797002,0.992015
NA18577	0|0	0.998,0.002,0
NA18579	1|1	0,0.005,0.995
NA18582	0|1	0.024,0.976,0
NA18592	0|1	0.00300002,0.997,0
NA18593	0|0	0.976095,0.02381,9.5e-05
NA18603	1|1	1.19999e-05,0.012976,0.987012
NA18605	1|1	0,0,1
NA18608	1|0	0,0.996,0.004
NA18609	1|1	0.000567002,0.086866,0.912567
NA18611	1|1	1.69998e-05,0.017966,0.982017
NA18612	1|0	0,1,0
NA18620	1|0	0.005,0.995,0
NA18621	1|1	0.000145998,0.074708,0.925146
NA18622	1|1	7.99991e-06,0.008984,0.991008
NA18623	1|1	5.60003e-05,0.014888,0.985056
NA18624	1|1	0,0.009,0.991
NA18632	1|1	3.9999e-06,0.00399195,0.996004
NA18633	1|1	0.000192,0.027616,0.972192
NA18635	1|1	0,0,1
NA18636	1|1	0,0.00199997,0.998
NA18637	0|1	0,1,0
NA18940	1|1	0,0.00199997,0.998
NA18942	0|1	0,1,0
NA18943	1|1	0,0.000999987,0.999
NA18944	1|1	1.99995e-06,0.00299596,0.997002
NA18945	1|0	0.010967,0.986066,0.002967
NA18947	1|1	0,0.00800002,0.992
NA18948	1|1	2.99998e-06,0.00399401,0.996003
NA18949	1|1	4.99993e-06,0.00598998,0.994005
NA18951	1|1	0,0.00400001,0.996
NA18952	1|1	0,0,1
NA18953	1|1	0,0.032,0.968
NA18956	0|1	0,1,0
NA18959	1|0	0.00199597,0.996008,0.001996
NA18960	1|1	0,0.00300002,0.997
NA18961	1|1	0,0.000999987,0.999
NA18964	1|1	0,0.019,0.981
NA18965	0|1	0,1,0
NA18966	1|1	5.59993e-05,0.029888,0.970056
NA18967	1|0	0.00300002,0.997,0
NA18968	1|0	0.00692901,0.532142,0.460929
NA18969	1|1	0,0.000999987,0.999
NA18970	1|1	0,0,1
NA18971	1|1	0,0,1
NA18972	1|1	1.89997e-05,0.019962,0.980019
NA18973	1|1	0,0,1
NA18974	1|1	0,0.000999987,0.999
NA18975	1|1	0,0.005,0.995
NA18976	0|1	0,1,0
NA18978	1|1	0,0.022,0.978
NA18980	1|1	0,0.009,0.991
NA18981	1|1	0,0.00199997,0.998
NA18987	1|1	4.19995e-05,0.022916,0.977042
NA18990	1|1	0,0.00199997,0.998
NA18991	1|1	0.000175,0.03965,0.960175
NA18992	1|1	0,0.00199997,0.998
NA18994	1|1	0,0.016,0.984
NA18995	1|1	0,0.000999987,0.999
NA18997	1|1	0,0.012,0.988
NA18998	1|0	0,1,0
NA18999	1|1	0,0.00400001,0.996
NA19000	0|1	0,1,0
NA19003	1|1	0,0.005,0.995
NA19005	1|0	0.032,0.968,0
NA19007	1|0	0.009,0.991,0
NA19012	1|1	4.80003e-05,0.018904,0.981048
