NA06985	0|0	1,0,0
NA06991	0|0	1,0,0
NA06993	0|0	0.995,0.005,0
NA06994	0|0	0.508,0.492,0
NA07000	0|0	0.503,0.497,0
NA07019	1|0	0,0.999,0.001
NA07022	0|0	1,0,0
NA07029	1|0	0.124,0.876,0
NA07034	0|0	1,0,0
NA07048	0|0	1,0,0
NA07055	0|0	0.996,0.004,0
NA07056	1|0	0,1,0
NA07345	0|0	1,0,0
NA07348	0|0	1,0,0
NA07357	0|0	1,0,0
NA10830	0|0	1,0,0
NA10831	0|0	0.991,0.009,0
NA10835	1|0	0,1,0
NA10838	0|0	1,0,0
NA10839	0|0	1,0,0
NA10846	0|0	1,0,0
NA10847	1|0	0.009,0.991,0
NA10851	0|0	1,0,0
NA10854	0|0	1,0,0
NA10855	0|0	1,0,0
NA10856	0|0	1,0,0
NA10857	0|0	1,0,0
NA10859	0|0	1,0,0
NA10860	0|0	1,0,0
NA10861	0|0	1,0,0
NA10863	0|0	0.955,0.045,0
NA11829	0|0	1,0,0
NA11830	0|0	1,0,0
NA11831	0|0	0.597,0.403,0
NA11832	0|0	1,0,0
NA11839	1|0	0,0.932,0.068
NA11840	0|0	1,0,0
NA11881	0|0	0.995,0.005,0
NA11882	0|0	1,0,0
NA11992	0|0	0.994,0.006,0
NA11993	0|0	1,0,0
NA11994	0|0	1,0,0
NA11995	0|0	1,0,0
NA12003	0|0	1,0,0
NA12004	1|0	0.038,0.962,0
NA12005	0|0	1,0,0
NA12006	0|0	1,0,0
NA12043	0|0	1,0,0
NA12044	0|0	0.887,0.113,0
NA12056	0|0	1,0,0
NA12057	0|0	1,0,0
NA12144	0|0	1,0,0
NA12145	0|0	1,0,0
NA12146	0|1	0,1,0
NA12154	0|0	1,0,0
NA12155	0|0	1,0,0
NA12156	0|0	1,0,0
NA12234	0|0	1,0,0
NA12239	0|0	1,0,0
NA12248	1|0	0,1,0
NA12249	0|0	1,0,0
NA12264	0|0	1,0,0
NA12707	1|0	0,1,0
NA12716	0|0	1,0,0
NA12717	1|1	0.013806,0.365388,0.620806
NA12740	0|0	1,0,0
NA12750	0|0	0.798,0.202,0
NA12751	0|0	1,0,0
NA12752	0|0	1,0,0
NA12753	0|0	1,0,0
NA12760	0|0	0.998,0.002,0
NA12761	0|0	1,0,0
NA12762	0|0	0.999,0.001,0
NA12763	0|0	1,0,0
NA12801	0|0	1,0,0
NA12802	0|0	1,0,0
NA12812	0|0	1,0,0
NA12813	0|0	1,0,0
NA12814	0|0	1,0,0
NA12815	0|0	1,0,0
NA12864	0|1	0,1,0
NA12865	1|1	0,0,1
NA12872	0|0	1,0,0
NA12873	0|1	0.000999987,0.999,0
NA12874	0|1	0,1,0
NA12875	1|0	0,1,0
NA12878	1|0	0.442,0.558,0
NA12891	0|0	1,0,0
NA12892	0|0	0.903,0.097,0
NA20502	0|0	0.514,0.486,0
NA20504	1|0	0,0.833,0.167
NA20505	0|0	0.81,0.19,0
NA20506	0|0	0.999,0.001,0
NA20508	0|0	1,0,0
NA20509	0|0	0.977,0.023,0
NA20510	0|0	1,0,0
NA20512	0|0	0.927,0.073,0
NA20515	1|0	0,1,0
NA20516	0|1	0,1,0
NA20517	0|0	0.856,0.144,0
NA20518	0|0	1,0,0
NA20519	1|0	0.300377,0.641246,0.058377
NA20520	0|0	1,0,0
NA20521	0|0	1,0,0
NA20522	0|0	1,0,0
NA20524	0|0	1,0,0
NA20525	0|0	1,0,0
NA20527	0|0	0.968,0.032,0
NA20528	0|0	0.986,0.014,0
NA20529	0|0	1,0,0
NA20530	0|0	0.991,0.009,0
NA20531	0|0	1,0,0
NA20534	0|0	0.915,0.085,0
NA20535	0|0	1,0,0
NA20538	0|0	1,0,0
NA20539	1|0	0,1,0
NA20540	0|0	1,0,0
NA20541	0|0	0.948,0.052,0
NA20542	0|0	0.832,0.168,0
NA20543	1|0	0.000999987,0.999,0
NA20544	0|0	1,0,0
NA20581	0|0	0.801,0.199,0
NA20582	1|0	0.025974,0.973052,0.000974
NA20585	0|0	1,0,0
NA20586	0|0	1,0,0
NA20588	0|0	1,0,0
NA20589	0|1	0.249,0.751,0
NA20752	0|0	0.549,0.451,0
NA20753	0|0	1,0,0
NA20754	0|0	0.881,0.119,0
NA20755	0|0	0.742,0.258,0
NA20756	0|0	0.889,0.111,0
NA20757	0|0	0.964,0.036,0
NA20758	0|0	0.878,0.122,0
NA20759	1|0	0,1,0
NA20760	0|0	1,0,0
NA20761	0|0	0.752,0.248,0
NA20765	1|0	0.326,0.674,0
NA20766	0|1	0.086177,0.865646,0.048177
NA20768	0|0	1,0,0
NA20769	0|0	1,0,0
NA20770	0|0	1,0,0
NA20771	0|0	1,0,0
NA20772	0|1	0.063872,0.934256,0.001872
NA20773	0|0	0.953,0.047,0
NA20778	0|0	0.982,0.018,0
NA20783	0|0	0.923,0.077,0
NA20785	0|0	0.999,0.001,0
NA20786	0|0	1,0,0
NA20787	0|0	1,0,0
NA20790	0|0	0.879,0.121,0
NA20792	0|0	0.805,0.195,0
NA20795	0|0	1,0,0
NA20796	0|0	0.99,0.01,0
NA20797	0|0	0.976023,0.023954,2.3e-05
NA20798	0|0	0.999,0.001,0
NA20799	0|0	1,0,0
NA20800	0|0	1,0,0
NA20801	0|0	1,0,0
NA20802	0|1	0.234,0.766,0
NA20803	0|0	0.366795,0.49441,0.138795
NA20804	1|0	0.00400001,0.996,0
NA20805	1|0	0,0.994,0.006
NA20806	1|0	0,1,0
NA20807	0|0	0.619,0.381,0
NA20808	0|0	0.993,0.007,0
NA20809	0|0	1,0,0
NA20810	0|0	0.999,0.001,0
NA20811	0|0	0.981,0.019,0
NA20812	0|0	1,0,0
NA20813	0|0	0.995004,0.004992,4e-06
NA20815	0|0	1,0,0
NA20818	0|0	0.984,0.016,0
NA20819	0|0	0.955,0.045,0
NA20826	0|0	0.892,0.108,0
NA20828	0|0	1,0,0
