NA18498	1|0	0,1,0
NA18500	1|0	0.00199997,0.998,0
NA18501	1|1	0,0.00300002,0.997
NA18502	0|0	0.999,0.001,0
NA18503	0|1	0.00199597,0.996008,0.001996
NA18504	1|0	0.00199997,0.998,0
NA18505	0|0	0.989,0.011,0
NA18506	0|1	0,0.998,0.002
NA18507	0|1	0,1,0
NA18508	0|0	0.998001,0.001998,1e-06
NA18515	1|1	0,0,1
NA18516	1|1	1.60001e-05,0.00796802,0.992016
NA18517	1|1	0,0.000999987,0.999
NA18519	0|1	0,1,0
NA18521	1|0	0,1,0
NA18522	0|1	0.047,0.953,0
NA18523	1|1	0,0.022,0.978
NA18852	1|0	0.000999987,0.999,0
NA18853	0|0	1,0,0
NA18854	1|0	0.00300002,0.997,0
NA18855	0|0	0.999,0.001,0
NA18856	0|1	0.008955,0.98609,0.004955
NA18857	0|0	0.998,0.002,0
NA18858	1|1	0,0.005,0.995
NA18859	0|1	0.00800002,0.992,0
NA18860	0|1	0.000999987,0.999,0
NA18861	0|1	0,1,0
NA18862	0|0	1,0,0
NA18863	0|1	0,1,0
NA18867	1|0	0.004985,0.99203,0.002985
NA18870	0|0	0.998,0.002,0
NA18871	1|0	0.014,0.986,0
NA18872	0|0	0.995,0.005,0
NA18910	1|1	0.001424,0.357152,0.641424
NA18912	1|1	0,0.000999987,0.999
NA18913	0|0	0.999,0.001,0
NA18914	1|0	0,1,0
NA19027	0|0	0.62,0.38,0
NA19028	1|0	0,0.962,0.038
NA19031	0|0	0.947682,0.051636,0.000682
NA19035	0|0	0.631,0.369,0
NA19036	0|1	0,0.998,0.002
NA19038	1|0	0.012857,0.976286,0.010857
NA19041	0|1	0,1,0
NA19092	1|0	0,0.98,0.02
NA19093	0|1	0,1,0
NA19094	1|1	0,0,1
NA19098	0|0	0.99,0.01,0
NA19099	0|0	1,0,0
NA19100	0|0	0.998,0.002,0
NA19101	1|0	0.00399601,0.995008,0.000996
NA19102	1|0	0,1,0
NA19103	0|0	0.75,0.25,0
NA19108	0|0	0.996004,0.003992,4e-06
NA19116	1|1	0,0.009,0.991
NA19118	0|0	0.997,0.003,0
NA19119	0|0	0.702,0.298,0
NA19120	0|1	0,1,0
NA19127	1|0	0.013,0.987,0
NA19128	1|1	0,0.00599998,0.994
NA19129	1|0	0,1,0
NA19130	0|1	0,0.997,0.003
NA19131	1|1	0,0.00300002,0.997
NA19132	1|1	0,0,1
NA19137	0|1	0.000999987,0.999,0
NA19138	1|0	0,1,0
NA19139	1|0	0,1,0
NA19140	0|0	0.999,0.001,0
NA19141	1|0	0.00400001,0.996,0
NA19142	0|0	0.999,0.001,0
NA19143	1|0	0.00800002,0.992,0
NA19144	0|1	0,0.996,0.004
NA19145	1|0	0,1,0
NA19146	1|0	0.097902,0.901196,0.000902
NA19150	0|1	0.019,0.981,0
NA19152	0|0	1,0,0
NA19153	0|0	0.51,0.49,0
NA19154	0|0	1,0,0
NA19159	1|0	0.000999987,0.999,0
NA19160	1|1	0,0.00400001,0.996
NA19161	1|1	0,0.000999987,0.999
NA19171	0|1	0.005,0.995,0
NA19172	1|0	0.361,0.639,0
NA19173	0|0	1,0,0
NA19189	1|0	0,0.998,0.002
NA19200	1|0	0.025,0.975,0
NA19201	1|0	0,1,0
NA19202	0|1	0,1,0
NA19203	1|1	7.99991e-06,0.00598398,0.994008
NA19204	0|1	0,0.996,0.004
NA19205	1|1	0,0,1
NA19206	0|0	0.998,0.002,0
NA19207	0|1	0,0.999,0.001
NA19208	1|0	0,1,0
NA19209	0|1	0.00199997,0.998,0
NA19210	1|0	0.00199797,0.997004,0.000998
NA19211	1|0	0,0.997,0.003
NA19213	0|0	0.899198,0.100604,0.000198
NA19221	1|1	0,0,1
NA19222	1|1	0,0.005,0.995
NA19223	0|1	0,1,0
NA19238	0|0	0.999,0.001,0
NA19239	1|1	0,0.00199997,0.998
NA19240	1|0	0.00300002,0.997,0
NA19307	0|1	0.00199997,0.998,0
NA19308	0|1	0,1,0
NA19309	0|0	0.990024,0.009952,2.4e-05
NA19310	1|0	0.00299102,0.994018,0.002991
NA19314	0|1	0.259981,0.550038,0.189981
NA19315	0|0	0.996,0.004,0
NA19316	0|0	1,0,0
NA19317	1|0	0.000998987,0.998002,0.000999
NA19319	0|0	1,0,0
NA19321	0|1	0.274,0.726,0
NA19324	0|0	0.996003,0.003994,3e-06
NA19327	1|0	0,1,0
NA19328	1|0	0,0.863,0.137
NA19332	0|1	0.377622,0.621756,0.000622
NA19334	0|0	0.999,0.001,0
NA19346	0|0	0.999,0.001,0
NA19347	0|0	0.956,0.044,0
NA19350	0|0	0.997,0.003,0
NA19360	1|1	5.99996e-06,0.004988,0.995006
NA19372	0|0	0.998,0.002,0
NA19374	1|1	1.29998e-05,0.013974,0.986013
NA19375	1|1	0,0.116,0.884
NA19376	0|0	0.765466,0.234068,0.000466
NA19377	1|0	0,1,0
NA19379	0|0	1,0,0
NA19380	1|0	0,1,0
NA19384	0|0	0.991,0.009,0
NA19385	1|1	0,0,1
NA19390	0|0	0.618,0.382,0
NA19391	1|0	0.00599998,0.994,0
NA19393	1|0	0.433293,0.559414,0.007293
NA19394	1|0	0,1,0
NA19397	0|1	0.000999987,0.999,0
NA19399	0|0	1,0,0
NA19403	0|0	1,0,0
NA19404	0|0	0.999,0.001,0
NA19428	0|0	1,0,0
NA19429	1|1	0,0.00199997,0.998
NA19430	1|1	0,0.042,0.958
NA19431	0|0	1,0,0
NA19434	0|0	1,0,0
NA19435	0|0	1,0,0
NA19436	0|1	0,0.507,0.493
NA19437	0|1	0.00196797,0.982064,0.015968
NA19438	1|0	0.00391201,0.974176,0.021912
NA19439	1|0	0.00199997,0.998,0
NA19440	0|0	0.998001,0.001998,1e-06
NA19443	0|0	1,0,0
NA19445	1|0	0.028,0.972,0
NA19446	0|0	0.995006,0.004988,6e-06
NA19448	0|0	0.998,0.002,0
NA19449	1|0	0,1,0
NA19451	0|0	1,0,0
NA19452	1|0	0.00599998,0.994,0
NA19455	0|1	0.494512,0.503976,0.001512
NA19456	0|0	1,0,0
NA19457	0|0	0.999,0.001,0
NA19462	0|1	0.009,0.991,0
NA19463	0|1	0.00198997,0.99302,0.00499
NA19466	0|1	0.346,0.654,0
NA19467	0|1	0.00299402,0.995012,0.001994
NA19468	1|0	0.494512,0.503976,0.001512
NA19471	1|0	0.00400001,0.996,0
NA19472	1|0	0,1,0
NA19473	0|1	0,1,0
NA19474	1|1	0,0,1
