NA18498	0|1	0.00599998,0.994,0
NA18500	1|1	0,0,1
NA18501	0|1	0,0.999,0.001
NA18502	1|1	0,0.027,0.973
NA18503	1|0	0,1,0
NA18504	0|0	1,0,0
NA18505	0|1	0,0.995,0.005
NA18506	1|0	0,1,0
NA18507	0|0	1,0,0
NA18508	1|0	0,1,0
NA18515	1|0	0,1,0
NA18516	1|0	0,1,0
NA18517	0|1	0,1,0
NA18519	0|1	0,0.681,0.319
NA18521	0|0	1,0,0
NA18522	1|0	0,1,0
NA18523	0|0	1,0,0
NA18852	0|0	0.989,0.011,0
NA18853	0|0	1,0,0
NA18854	0|0	1,0,0
NA18855	1|0	0,1,0
NA18856	0|0	1,0,0
NA18857	0|0	1,0,0
NA18858	0|1	0.00400001,0.996,0
NA18859	1|1	0,0,1
NA18860	0|1	0,1,0
NA18861	0|1	0.00300002,0.997,0
NA18862	1|0	0,1,0
NA18863	1|1	0,0.00199997,0.998
NA18867	0|0	1,0,0
NA18870	0|1	0,1,0
NA18871	0|0	0.54,0.46,0
NA18872	0|0	1,0,0
NA18910	1|0	0,0.595,0.405
NA18912	0|1	0.000999987,0.999,0
NA18913	0|1	0.000999987,0.999,0
NA18914	0|0	1,0,0
NA19027	0|0	0.996,0.004,0
NA19028	0|1	0,0.999,0.001
NA19031	0|1	0.000999987,0.999,0
NA19035	0|1	0,1,0
NA19036	1|1	0,0.000999987,0.999
NA19038	0|0	0.692,0.308,0
NA19041	1|1	0.00909,0.22882,0.76209
NA19092	0|0	1,0,0
NA19093	0|0	1,0,0
NA19094	0|0	1,0,0
NA19099	0|0	1,0,0
NA19100	0|0	0.999,0.001,0
NA19101	0|1	0,1,0
NA19102	1|1	0,0.000999987,0.999
NA19103	1|1	0,0.000999987,0.999
NA19108	0|1	0.00131398,0.656372,0.342314
NA19116	0|0	0.814,0.186,0
NA19118	1|1	0.000410995,0.411178,0.588411
NA19119	1|1	0,0,1
NA19120	1|0	0,1,0
NA19127	1|0	0,0.998,0.002
NA19128	1|1	0,0.019,0.981
NA19129	1|1	0,0,1
NA19130	0|1	0.00400001,0.996,0
NA19131	1|1	0,0,1
NA19132	1|0	0,1,0
NA19137	1|1	0,0,1
NA19138	1|1	0,0.000999987,0.999
NA19139	1|1	0,0,1
NA19140	0|0	1,0,0
NA19141	1|0	0.00199997,0.998,0
NA19142	0|0	1,0,0
NA19143	1|1	0,0,1
NA19144	1|1	9.99974e-07,0.00199797,0.998001
NA19146	0|1	0,1,0
NA19150	1|0	0,0.999,0.001
NA19152	1|0	0,1,0
NA19153	1|1	0,0,1
NA19154	1|1	0,0,1
NA19159	1|1	0,0.00300002,0.997
NA19160	0|1	0,1,0
NA19161	1|1	0,0,1
NA19171	1|1	0,0.000999987,0.999
NA19172	1|0	0.452,0.548,0
NA19173	1|0	0,1,0
NA19189	1|1	0,0.00199997,0.998
NA19200	0|1	0.000999987,0.999,0
NA19201	1|1	0,0,1
NA19202	0|1	0,1,0
NA19203	0|1	0.009,0.991,0
NA19204	1|0	0,1,0
NA19205	0|0	1,0,0
NA19206	0|0	1,0,0
NA19207	1|1	0,0.00199997,0.998
NA19208	1|0	0,1,0
NA19209	0|1	0.00300002,0.997,0
NA19210	1|1	0,0,1
NA19211	0|1	0,1,0
NA19213	0|1	0,1,0
NA19221	0|1	0,1,0
NA19222	1|1	0,0,1
NA19223	0|0	0.995,0.005,0
NA19238	1|1	0,0.00700003,0.993
NA19239	1|1	0,0,1
NA19240	1|1	0,0,1
NA19307	0|1	0,1,0
NA19308	0|0	1,0,0
NA19309	1|0	0.00199997,0.998,0
NA19310	0|0	0.976135,0.02373,0.000135
NA19314	0|0	0.998,0.002,0
NA19315	0|1	0.432,0.568,0
NA19316	1|0	0,1,0
NA19317	0|0	1,0,0
NA19318	0|0	0.989,0.011,0
NA19319	0|1	0.055,0.945,0
NA19321	0|0	0.999,0.001,0
NA19324	0|1	0,0.919,0.081
NA19327	1|0	0,0.972,0.028
NA19328	1|1	0,0.00999999,0.99
NA19332	0|0	1,0,0
NA19334	1|0	0.000999987,0.999,0
NA19346	1|1	0.00292801,0.368144,0.628928
NA19347	0|1	0,0.998,0.002
NA19350	0|1	0.000999987,0.999,0
NA19360	0|0	1,0,0
NA19372	1|0	0,0.994,0.006
NA19374	0|0	0.933,0.067,0
NA19375	1|0	0,1,0
NA19376	1|0	0.000999987,0.999,0
NA19377	1|1	0,0.271,0.729
NA19379	1|0	0,1,0
NA19380	0|0	1,0,0
NA19383	1|1	5.99998e-05,0.01588,0.98406
NA19384	1|0	0.023976,0.975048,0.000976
NA19385	0|1	0.294,0.706,0
NA19390	0|0	1,0,0
NA19391	0|0	1,0,0
NA19393	0|1	0,1,0
NA19394	0|1	0.05302,0.91296,0.03402
NA19397	0|1	0.421,0.579,0
NA19399	1|1	0.146118,0.498764,0.355118
NA19403	1|1	6.99994e-06,0.00798602,0.992007
NA19404	1|1	0,0.00300002,0.997
NA19428	0|1	0.374,0.626,0
NA19430	1|0	0,1,0
NA19431	0|1	0,1,0
NA19434	1|0	0,1,0
NA19435	0|0	0.998,0.002,0
NA19436	1|0	0,0.999,0.001
NA19437	0|1	0,1,0
NA19438	0|0	0.998001,0.001998,1e-06
NA19439	0|0	0.83,0.17,0
NA19440	0|1	0,0.999,0.001
NA19443	0|1	0,0.612,0.388
NA19445	1|1	0,0,1
NA19446	0|1	0.014,0.986,0
NA19448	0|0	0.873,0.127,0
NA19449	0|1	0.04524,0.72352,0.23124
NA19451	0|0	1,0,0
NA19452	0|0	0.998,0.002,0
NA19455	0|0	1,0,0
NA19456	0|0	0.999,0.001,0
NA19457	1|1	0.004956,0.358088,0.636956
NA19462	1|1	0,0.00199997,0.998
NA19463	1|0	0.000999987,0.999,0
NA19466	1|0	0.00400001,0.996,0
NA19467	0|1	0,1,0
NA19468	0|0	1,0,0
NA19471	1|1	0,0.000999987,0.999
NA19472	1|0	0.000999987,0.999,0
NA19473	1|0	0,0.928,0.072
NA19474	0|0	0.998,0.002,0
