NA18526	0|0	0	1,0,0
NA18537	0|1	1	0,1,0
NA18550	0|0	0	1,0,0
NA18555	0|0	0	1,0,0
NA18562	0|1	0.99	0.24,0.54,0.22
NA18563	0|0	0	1,0,0
NA18582	0|0	0	1,0,0
NA18603	0|0	0	1,0,0
NA18606	0|0	0	1,0,0
NA18621	0|0	0.4	0.6,0.39,0.01
NA18622	0|1	1.04	0,0.96,0.04
NA18628	0|0	0	1,0,0
NA18632	0|0	0	1,0,0
NA18636	0|0	0	1,0,0
NA18647	0|0	0	1,0,0
NA18942	0|1	1	0,1,0
NA18945	0|0	0	1,0,0
NA18947	0|0	0	1,0,0
NA18951	0|0	0	1,0,0
NA18952	1|0	1	0,1,0
NA18953	1|0	1	0,1,0
NA18956	0|0	0	1,0,0
NA18965	1|1	2	0,0,1
NA18970	0|1	1	0,1,0
NA18973	0|0	0	1,0,0
NA18977	1|0	1	0,1,0
NA18987	1|1	1.98	0,0.02,0.98
NA18990	1|0	1	0,1,0
NA18995	0|0	0	1,0,0
NA19003	0|0	0.01	0.99,0.01,0
NA19010	0|0	0	1,0,0
