NA18498	1|0	1	0,1,0
NA18502	0|0	0.01	0.99,0.01,0
NA18505	1|0	1	0,1,0
NA18507	0|0	0	1,0,0
NA18508	0|1	0.91	0.09,0.91,0
NA18517	1|1	1.62	0,0.38,0.62
NA18519	0|0	0	1,0,0
NA18867	1|0	0.99	0.01,0.99,0
NA18870	1|0	1.07	0.01,0.91,0.08
NA18910	0|1	0.76	0.24,0.76,0
NA19092	0|0	0.16	0.84,0.16,0
NA19098	0|1	1.02	0,0.98,0.02
NA19099	0|1	0.79	0.21,0.79,0
NA19102	0|1	1	0,1,0
NA19108	1|0	0.97	0.03,0.97,0
NA19119	0|1	1	0,1,0
NA19129	0|0	0	1,0,0
NA19130	0|0	0	1,0,0
NA19141	1|1	1.84	0,0.16,0.84
NA19146	1|1	1.88	0,0.12,0.88
NA19150	1|0	1	0,1,0
NA19152	1|1	2	0,0,1
NA19160	0|1	0.91	0.09,0.91,0
NA19171	0|0	0.07	0.93,0.07,0
NA19189	0|0	0	1,0,0
NA19204	0|0	0	1,0,0
NA19206	0|1	1.17	0,0.83,0.17
NA19207	0|0	0	1,0,0
NA19209	1|0	0.98	0.02,0.98,0
NA19213	0|0	0.01	0.99,0.01,0
NA11829	0|0	0	1,0,0
NA11830	0|0	0	1,0,0
NA11831	0|0	0.16	0.84,0.15,0
NA11832	0|0	0	1,0,0
NA11840	0|0	0.04	0.96,0.04,0
NA11881	0|0	0	1,0,0
NA11994	0|0	0	1,0,0
NA11995	0|0	0	1,0,0
NA12004	0|0	0	1,0,0
NA12005	0|0	0	1,0,0
NA12043	0|0	0	1,0,0
NA12044	0|0	0	1,0,0
NA12144	0|0	0.04	0.96,0.04,0
NA12154	0|0	0	1,0,0
NA12155	1|0	1	0,1,0
NA12156	0|0	0	1,0,0
NA12234	0|0	0	1,0,0
NA12717	0|0	0	1,0,0
NA12750	0|1	0.96	0.04,0.96,0
NA12760	0|0	0.23	0.77,0.23,0
NA12761	0|0	0	1,0,0
NA12762	0|0	0	1,0,0
NA12763	0|0	0.02	0.98,0.02,0
NA12812	0|0	0	1,0,0
NA12813	0|0	0	1,0,0
NA12814	0|0	0	1,0,0
NA12815	0|0	0	1,0,0
NA12872	0|0	0	1,0,0
NA12873	0|0	0	1,0,0
NA12874	0|0	0	1,0,0
NA12878	0|0	0	1,0,0
NA18526	0|0	0	1,0,0
NA18537	0|0	0	1,0,0
NA18550	0|0	0	1,0,0
NA18555	0|0	0	1,0,0
NA18562	0|0	0	1,0,0
NA18563	0|0	0.01	0.99,0.01,0
NA18582	0|0	0	1,0,0
NA18603	0|0	0	1,0,0
NA18606	0|0	0	1,0,0
NA18621	0|0	0	1,0,0
NA18622	0|0	0.09	0.91,0.09,0
NA18628	0|0	0.02	0.98,0.02,0
NA18632	0|0	0	1,0,0
NA18636	0|0	0	1,0,0
NA18647	0|0	0	1,0,0
NA18942	0|0	0	1,0,0
NA18945	0|0	0	1,0,0
NA18947	0|0	0.34	0.66,0.34,0
NA18951	0|0	0.45	0.55,0.45,0
NA18952	0|0	0	1,0,0
NA18953	0|0	0	1,0,0
NA18956	0|0	0	1,0,0
NA18965	0|0	0	1,0,0
NA18970	0|0	0	1,0,0
NA18973	0|0	0	1,0,0
NA18977	0|0	0	1,0,0
NA18987	0|0	0.02	0.98,0.02,0
NA18990	0|0	0.01	0.99,0.01,0
NA18995	0|0	0.01	0.99,0.01,0
NA19003	0|0	0	1,0,0
NA19010	0|0	0	1,0,0
