NA18498	1|1	0,0.005,0.995
NA18502	1|0	0.000999987,0.999,0
NA18505	0|0	1,0,0
NA18507	1|1	9.99986e-06,0.00697997,0.99301
NA18508	0|1	0,1,0
NA18517	0|0	0.998,0.002,0
NA18519	1|1	0,0.005,0.995
NA18858	1|0	0,1,0
NA18861	1|1	1.19998e-05,0.00797596,0.992012
NA18867	0|1	0.00199997,0.998,0
NA18870	1|0	0.000999987,0.999,0
NA18910	1|0	0.00700003,0.993,0
NA18912	1|0	0,0.999,0.001
NA19092	1|1	0,0,1
NA19093	1|1	5.49998e-05,0.01589,0.984055
NA19098	1|1	0,0.005,0.995
NA19099	0|0	0.995,0.005,0
NA19102	0|1	0.00199797,0.997004,0.000998
NA19108	1|1	3.50001e-05,0.01193,0.988035
NA19116	1|1	2.79996e-05,0.015944,0.984028
NA19118	1|0	0.00199397,0.995012,0.002994
NA19119	0|1	0.00199397,0.995012,0.002994
NA19129	1|0	0.01494,0.98112,0.00394
NA19130	1|1	0,0.00199997,0.998
NA19131	1|1	0,0,1
NA19137	0|0	0.505,0.495,0
NA19138	0|1	0,0.998,0.002
NA19141	1|0	0,1,0
NA19143	1|0	0.00700003,0.993,0
NA19144	1|0	0,0.998,0.002
NA19146	0|1	0.00199597,0.996008,0.001996
NA19150	1|1	0,0.00300002,0.997
NA19152	0|1	0.00400001,0.996,0
NA19153	1|0	0.008973,0.988054,0.002973
NA19159	1|1	1.99995e-06,0.00299596,0.997002
NA19160	0|1	0.00199997,0.998,0
NA19171	0|0	1,0,0
NA19172	1|0	0,1,0
NA19189	1|1	0,0.013,0.987
NA19200	1|0	0,0.998,0.002
NA19201	1|0	0.00300002,0.997,0
NA19204	1|1	3.99996e-06,0.004992,0.995004
NA19206	0|1	0.000999987,0.999,0
NA19207	0|1	0,1,0
NA19209	1|1	1.19998e-05,0.00797596,0.992012
NA19210	1|0	0.000999987,0.999,0
NA19213	0|1	0.00800002,0.992,0
NA19222	1|0	0,1,0
NA19223	1|0	0,1,0
NA19240	0|1	0,0.999,0.001
