NA18498	1|0	0.00300002,0.997,0
NA18500	0|1	0,1,0
NA18501	0|0	0.924,0.076,0
NA18502	0|1	0,0.999,0.001
NA18503	0|0	1,0,0
NA18504	1|0	0.00199997,0.998,0
NA18505	1|0	0.00400001,0.996,0
NA18506	0|0	1,0,0
NA18507	0|0	1,0,0
NA18508	0|0	1,0,0
NA18515	0|1	0,1,0
NA18516	0|0	1,0,0
NA18517	0|1	0,1,0
NA18519	1|0	0.000999987,0.999,0
NA18521	0|1	0,1,0
NA18522	0|0	1,0,0
NA18523	1|0	0,0.86,0.14
NA18852	0|1	0,1,0
NA18853	0|0	0.997,0.003,0
NA18854	1|0	0,1,0
NA18855	1|0	0,1,0
NA18856	0|0	1,0,0
NA18857	0|1	0,1,0
NA18858	1|0	0.00199997,0.998,0
NA18859	0|0	0.999,0.001,0
NA18860	0|0	1,0,0
NA18861	0|1	0,1,0
NA18862	0|0	1,0,0
NA18863	1|0	0,1,0
NA18867	0|1	0.000999987,0.999,0
NA18870	0|1	0,1,0
NA18871	1|0	0.000999987,0.999,0
NA18872	0|1	0,1,0
NA18910	1|1	0,0.00199997,0.998
NA18912	0|1	0.00199997,0.998,0
NA18913	0|0	1,0,0
NA18914	0|0	1,0,0
NA19027	0|0	0.997,0.003,0
NA19028	0|0	1,0,0
NA19031	0|0	1,0,0
NA19035	0|0	1,0,0
NA19036	0|0	1,0,0
NA19038	1|0	0,0.999,0.001
NA19041	0|0	1,0,0
NA19092	0|0	1,0,0
NA19093	0|0	1,0,0
NA19094	0|0	1,0,0
NA19098	1|0	0,1,0
NA19099	1|0	0.000999987,0.999,0
NA19100	0|1	0,1,0
NA19101	0|1	0.00300002,0.997,0
NA19102	0|1	0,1,0
NA19108	1|0	0,1,0
NA19116	0|0	1,0,0
NA19118	0|0	1,0,0
NA19119	1|0	0,1,0
NA19120	0|0	1,0,0
NA19127	0|1	0.000999987,0.999,0
NA19128	0|0	1,0,0
NA19129	0|0	1,0,0
NA19130	0|0	1,0,0
NA19131	0|0	1,0,0
NA19132	0|0	1,0,0
NA19137	1|1	0,0.00199997,0.998
NA19138	0|0	1,0,0
NA19139	0|1	0,1,0
NA19140	0|0	1,0,0
NA19141	0|0	1,0,0
NA19142	0|0	1,0,0
NA19143	0|0	0.998,0.002,0
NA19144	0|0	0.999,0.001,0
NA19145	0|0	1,0,0
NA19146	1|0	0.000999987,0.999,0
NA19150	0|1	0,1,0
NA19152	0|1	0,1,0
NA19153	1|0	0.017,0.983,0
NA19154	0|1	0,1,0
NA19159	0|0	1,0,0
NA19160	0|0	1,0,0
NA19161	0|0	1,0,0
NA19171	1|0	0.005,0.995,0
NA19172	1|0	0.00199997,0.998,0
NA19173	0|0	1,0,0
NA19189	1|1	2e-05,0.00896,0.99102
NA19200	0|0	1,0,0
NA19201	1|0	0.105,0.895,0
NA19202	0|0	1,0,0
NA19203	0|0	1,0,0
NA19204	0|0	1,0,0
NA19205	0|0	1,0,0
NA19206	0|0	0.999,0.001,0
NA19207	0|0	1,0,0
NA19208	0|0	1,0,0
NA19209	0|0	0.997,0.003,0
NA19210	0|0	1,0,0
NA19211	0|0	1,0,0
NA19213	1|0	0,0.961,0.039
NA19221	1|0	0,1,0
NA19222	1|0	0.00399601,0.995008,0.000996
NA19223	0|1	0,1,0
NA19238	0|0	1,0,0
NA19239	0|0	1,0,0
NA19240	0|0	1,0,0
NA19307	0|1	0.000999987,0.999,0
NA19308	0|0	0.999,0.001,0
NA19309	0|0	0.998,0.002,0
NA19310	0|0	1,0,0
NA19314	1|0	0,1,0
NA19315	0|0	0.672,0.328,0
NA19316	1|0	0,1,0
NA19317	0|0	1,0,0
NA19319	0|0	0.999,0.001,0
NA19321	0|0	1,0,0
NA19324	0|0	0.998,0.002,0
NA19327	0|0	1,0,0
NA19328	0|0	1,0,0
NA19332	0|0	1,0,0
NA19334	0|0	1,0,0
NA19346	1|0	0,1,0
NA19347	0|0	0.999,0.001,0
NA19350	0|1	0.000999987,0.999,0
NA19360	1|0	0,1,0
NA19372	0|0	1,0,0
NA19374	0|0	0.999,0.001,0
NA19375	0|1	0,1,0
NA19376	1|0	0.00400001,0.996,0
NA19377	0|0	1,0,0
NA19379	0|0	1,0,0
NA19380	0|0	0.999,0.001,0
NA19384	1|0	0.000999987,0.999,0
NA19385	1|0	0,0.997,0.003
NA19390	0|0	1,0,0
NA19391	0|0	1,0,0
NA19393	1|0	0,1,0
NA19394	1|0	0,1,0
NA19397	0|1	0,1,0
NA19399	0|0	1,0,0
NA19403	1|0	0,1,0
NA19404	0|0	1,0,0
NA19428	0|0	0.999,0.001,0
NA19429	0|0	1,0,0
NA19430	0|0	1,0,0
NA19431	1|0	0,1,0
NA19434	0|0	1,0,0
NA19435	0|0	1,0,0
NA19436	1|0	0,1,0
NA19437	0|0	1,0,0
NA19438	1|0	0,0.999,0.001
NA19439	1|1	0,0,1
NA19440	0|0	1,0,0
NA19443	0|0	1,0,0
NA19445	0|0	0.999,0.001,0
NA19446	0|0	0.988,0.012,0
NA19448	0|0	1,0,0
NA19449	0|0	0.999,0.001,0
NA19451	0|0	1,0,0
NA19452	0|0	1,0,0
NA19455	0|0	1,0,0
NA19456	0|0	1,0,0
NA19457	1|0	0.00399601,0.995008,0.000996
NA19462	0|0	1,0,0
NA19463	1|0	0,1,0
NA19466	0|0	1,0,0
NA19467	0|0	1,0,0
NA19468	0|1	0.00300002,0.997,0
NA19471	0|0	1,0,0
NA19472	0|0	1,0,0
NA19473	0|0	0.999,0.001,0
NA19474	0|0	1,0,0
