NA18498	0	0	1,0
NA18502	0|0	0	1,0,0
NA18505	0|0	0	1,0,0
NA18507	0	0	1,0
NA18508	0|0	0	1,0,0
NA18517	0|0	0	1,0,0
NA18519	0	0	1,0
NA18858	0|0	0	1,0,0
NA18861	0|0	0	1,0,0
NA18867	0|0	0	1,0,0
NA18870	0|0	0	1,0,0
NA18910	0	0	1,0
NA18912	0|0	0	1,0,0
NA19092	0	0	1,0
NA19093	0|0	0	1,0,0
NA19098	0	0	1,0
NA19099	0|0	0	1,0,0
NA19102	0|0	0	1,0,0
NA19108	0|0	0	1,0,0
NA19116	0|0	0	1,0,0
NA19118	0|0	0	1,0,0
NA19119	0	0	1,0
NA19129	0|0	0	1,0,0
NA19130	0	0	1,0
NA19131	0|0	0	1,0,0
NA19137	0|0	0	1,0,0
NA19138	0	0	1,0
NA19141	0	0	1,0
NA19143	0|0	0	1,0,0
NA19144	0	0	1,0
NA19146	0	0	1,0
NA19150	0	0	1,0
NA19152	0|0	0	1,0,0
NA19153	0	0	1,0
NA19159	0|0	0	1,0,0
NA19160	0	0	1,0
NA19171	0	0	1,0
NA19172	0|0	0	1,0,0
NA19189	0	0	1,0
NA19200	0	0	1,0
NA19201	0|0	0	1,0,0
NA19204	0|0	0	1,0,0
NA19206	0|0	0	1,0,0
NA19207	0	0	1,0
NA19209	0|0	0	1,0,0
NA19210	0	0	1,0
NA19213	0	0	1,0
NA19222	0|0	0	1,0,0
NA19223	0	0	1,0
NA19240	0|0	0	1,0,0
NA06985	0|0	0	1,0,0
NA06991	0|0	0	1,0,0
NA06993	0	0	1,0
NA06994	0	0	1,0
NA07000	0|0	0	1,0,0
NA07019	0|0	0	1,0,0
NA07022	0	0	1,0
NA07029	0	0	1,0
NA07034	0	0	1,0
NA07048	0	0	1,0
NA07055	0|0	0	1,0,0
NA07056	0|0	0	1,0,0
NA07345	0|0	0	1,0,0
NA07348	0|0	0	1,0,0
NA07357	0	0	1,0
NA10830	0	0.01	0.99,0.01
NA10831	0|0	0	1,0,0
NA10835	0	0	1,0
NA10838	0	0	1,0
NA10839	0|0	0.01	0.99,0.01,0
NA10846	0	0	1,0
NA10847	0|0	0	1,0,0
NA10851	0	0	1,0
NA10854	0|0	0	1,0,0
NA10855	0|0	0	1,0,0
NA10856	0	0	1,0
NA10857	0	0	1,0
NA10859	0|0	0	1,0,0
NA10860	0	0	1,0
NA10861	0|0	0	1,0,0
NA10863	0|0	0	1,0,0
NA11829	0	0	1,0
NA11830	0|0	0	1,0,0
NA11831	0	0	1,0
NA11832	0|0	0	1,0,0
NA11839	0	0	1,0
NA11840	0|0	0	1,0,0
NA11881	0	0	1,0
NA11882	0|0	0	1,0,0
NA11992	0	0	1,0
NA11993	0|0	0	1,0,0
NA11994	0	0	1,0
NA11995	0|0	0	1,0,0
NA12003	0	0	1,0
NA12004	0|0	0	1,0,0
NA12005	0	0	1,0
NA12006	0|0	0.08	0.92,0.08,0
NA12043	0	0	1,0
NA12044	0|0	0	1,0,0
NA12056	0	0	1,0
NA12057	0|0	0	1,0,0
NA12144	0	0	1,0
NA12145	0|0	0	1,0,0
NA12146	0	0	1,0
NA12154	0	0	1,0
NA12155	0	0	1,0
NA12156	0|0	0	1,0,0
NA12234	0|0	0	1,0,0
NA12236	0|0	0	1,0,0
NA12239	0|0	0	1,0,0
NA12248	0	0	1,0
NA12249	0|0	0.02	0.98,0.02,0
NA12264	0	0	1,0
NA12707	0	0	1,0
NA12716	0	0	1,0
NA12717	0|0	0	1,0,0
NA12740	0|0	0	1,0,0
NA12750	0	0	1,0
NA12751	0|0	0	1,0,0
NA12752	0	0	1,0
NA12753	0|0	0	1,0,0
NA12760	0	0	1,0
NA12761	0|0	0	1,0,0
NA12762	0	0	1,0
NA12763	0|0	0	1,0,0
NA12801	0	0	1,0
NA12802	0|0	0	1,0,0
NA12812	0	0	1,0
NA12813	0|0	0	1,0,0
NA12814	0	0	1,0
NA12815	0|0	0	1,0,0
NA12865	0|0	0	1,0,0
NA12872	0	0.14	0.86,0.14
NA12873	0|0	0	1,0,0
NA12874	0	0	1,0
NA12875	0|0	0	1,0,0
NA12878	0|0	0	1,0,0
NA12891	0	0	1,0
NA12892	0|0	0	1,0,0
NA20502	0|0	0	1,0,0
NA20504	0|0	0	1,0,0
NA20505	0|0	0	1,0,0
NA20506	0|0	0	1,0,0
NA20508	0|0	0	1,0,0
NA20509	0	0	1,0
NA20510	0	0	1,0
NA20512	0	0	1,0
NA20515	0	0	1,0
NA20516	0	0	1,0
NA20517	0|0	0	1,0,0
NA20518	0	0	1,0
NA20519	0	0	1,0
NA20520	0	0	1,0
NA20521	0	0	1,0
NA20522	0|0	0	1,0,0
NA20524	0	0	1,0
NA20525	0	0	1,0
NA20527	0	0	1,0
NA20528	0	0	1,0
NA20529	0|0	0	1,0,0
NA20530	0|0	0	1,0,0
NA20531	0|0	0	1,0,0
NA20534	0	0	1,0
NA20535	0|0	0	1,0,0
NA20538	0	0	1,0
NA20539	0	0	1,0
NA20540	0|0	0	1,0,0
NA20541	1|0	0.56	0.44,0.56,0
NA20542	0|0	0	1,0,0
NA20543	0	0.02	0.98,0.02
NA20544	0	0	1,0
NA20581	0	0	1,0
NA20582	0|0	0	1,0,0
NA20585	0|0	0	1,0,0
NA20586	0	0	1,0
NA20588	0	0.02	0.98,0.02
NA20589	0|0	0	1,0,0
NA20752	0	0	1,0
NA20753	0|0	0.08	0.92,0.08,0
NA20754	0	0	1,0
NA20755	0	0	1,0
NA20756	0|0	0	1,0,0
NA20757	0|0	0	1,0,0
NA20758	0	0	1,0
NA20759	0	0	1,0
NA20760	0|0	0	1,0,0
NA20761	0|0	0	1,0,0
NA20765	0	0	1,0
NA20766	0|0	0	1,0,0
NA20768	0|0	0	1,0,0
NA20769	0|0	0	1,0,0
NA20770	0	0	1,0
NA20771	0|0	0	1,0,0
NA20772	0|0	0	1,0,0
NA20773	0|0	0	1,0,0
NA20774	0|0	0	1,0,0
NA20775	0|0	0	1,0,0
NA20778	0	0	1,0
NA20783	0	0	1,0
NA20786	0|0	0	1,0,0
NA20787	0	0	1,0
NA20790	0|0	0	1,0,0
NA20792	0	0	1,0
NA20795	0|0	0.08	0.92,0.08,0
NA20796	1	1	0,1
NA20797	0|0	0	1,0,0
NA20798	0	0.04	0.96,0.04
NA20799	0|0	0	1,0,0
NA20800	0|0	0	1,0,0
NA20801	0	0.13	0.87,0.13
NA20802	0|0	0	1,0,0
NA20803	0	0	1,0
NA20804	0|0	0	1,0,0
NA20805	0	0	1,0
NA20806	0	0.02	0.98,0.02
NA20807	0|0	0	1,0,0
NA20808	0|0	0	1,0,0
NA20809	0	0.02	0.98,0.02
NA20810	0	0	1,0
NA20811	0	0.06	0.94,0.06
NA20812	0	0	1,0
NA20813	0|0	0	1,0,0
NA20815	0	0	1,0
NA20818	0|0	0	1,0,0
NA20819	0|0	0	1,0,0
NA20826	0|0	0	1,0,0
NA20828	0|0	0	1,0,0
NA18526	0|0	0	1,0,0
NA18532	0|0	0	1,0,0
NA18537	0|0	0.1	0.9,0.1,0
NA18542	0|0	0.35	0.69,0.28,0.03
NA18545	0|0	0	1,0,0
NA18547	0|0	0.14	0.87,0.13,0
NA18550	0|0	0	1,0,0
NA18552	0|0	0	1,0,0
NA18555	0|0	0	1,0,0
NA18558	0	0	1,0
NA18561	0	0	1,0
NA18562	0	0.01	0.99,0.01
NA18563	0	0	1,0
NA18564	0|0	0	1,0,0
NA18566	0|0	0	1,0,0
NA18570	0|0	0.07	0.93,0.07,0
NA18571	0|0	0	1,0,0
NA18572	0	0	1,0
NA18573	0|0	0	1,0,0
NA18577	0|0	0	1,0,0
NA18579	0|0	0.01	0.99,0.01,0
NA18582	0|0	0	1,0,0
NA18592	0|0	0.01	0.99,0.01,0
NA18593	0|0	0	1,0,0
NA18603	0	0.18	0.82,0.18
NA18605	0	0	1,0
NA18606	0	0	1,0
NA18608	0	0	1,0
NA18609	0	0	1,0
NA18611	1	0.82	0.18,0.82
NA18612	0	0	1,0
NA18620	0	0	1,0
NA18621	0	0	1,0
NA18622	0	0	1,0
NA18623	0	0.02	0.98,0.02
NA18624	1	0.9	0.1,0.9
NA18628	0|0	0.08	0.92,0.08,0
NA18632	1	0.51	0.49,0.51
NA18633	0	0	1,0
NA18635	0	0	1,0
NA18636	0	0	1,0
NA18637	1	0.87	0.13,0.87
NA18647	0	0.01	0.99,0.01
NA18940	0	0	1,0
NA18942	0|0	0.01	0.99,0.01,0
NA18943	0	0.01	0.99,0.01
NA18944	0	0	1,0
NA18945	0	0	1,0
NA18947	0|0	0	1,0,0
NA18948	0	0	1,0
NA18949	0|0	0	1,0,0
NA18951	0|0	0.3	0.71,0.29,0
NA18952	0	0	1,0
NA18953	0	0	1,0
NA18956	0|1	0.98	0.02,0.98,0
NA18959	0	0	1,0
NA18960	0	0	1,0
NA18961	0	0.01	0.99,0.01
NA18964	0|0	0	1,0,0
NA18965	0	0	1,0
NA18966	0	0	1,0
NA18967	0	0.1	0.9,0.1
NA18968	0|0	0	1,0,0
NA18969	0|0	0	1,0,0
NA18970	0	0	1,0
NA18971	0	0	1,0
NA18972	0|0	0	1,0,0
NA18973	0|0	0	1,0,0
NA18974	0	0	1,0
NA18975	1|0	0.66	0.34,0.66,0
NA18976	0|0	0.01	0.99,0.01,0
NA18978	0|0	0	1,0,0
NA18980	0|0	0	1,0,0
NA18981	0|0	0.25	0.75,0.25,0
NA18987	0|0	0	1,0,0
NA18990	0	0	1,0
NA18991	0|0	0	1,0,0
NA18992	0|0	0	1,0,0
NA18994	0	0	1,0
NA18995	0	0	1,0
NA18997	0|0	0	1,0,0
NA18998	0|0	0	1,0,0
NA18999	0|1	0.61	0.39,0.61,0
NA19000	0	0.05	0.95,0.05
NA19003	0|0	0	1,0,0
NA19005	0	0.02	0.98,0.02
NA19007	0	0	1,0
NA19010	0|0	0.02	0.98,0.02,0
NA19012	0	0	1,0
