NA18498	0|0	1,0,0
NA18500	0|0	1,0,0
NA18501	0|0	1,0,0
NA18502	0|1	0,1,0
NA18503	0|0	1,0,0
NA18504	1|0	0.009,0.991,0
NA18505	1|0	0,1,0
NA18506	1|1	0,0,1
NA18507	1|0	0,1,0
NA18508	1|0	0,0.998,0.002
NA18515	1|0	0,1,0
NA18516	1|0	0,1,0
NA18517	1|0	0,0.999,0.001
NA18519	0|0	0.998,0.002,0
NA18521	1|0	0,1,0
NA18522	0|0	0.999,0.001,0
NA18523	0|1	0,1,0
NA18852	0|0	0.998,0.002,0
NA18853	1|0	0.00300002,0.997,0
NA18854	0|0	1,0,0
NA18855	0|0	0.999,0.001,0
NA18856	0|0	0.998001,0.001998,1e-06
NA18857	0|0	1,0,0
NA18858	1|0	0,1,0
NA18859	1|0	0,1,0
NA18860	0|0	1,0,0
NA18861	0|0	1,0,0
NA18862	0|0	1,0,0
NA18863	0|0	1,0,0
NA18867	0|0	0.999,0.001,0
NA18870	0|0	1,0,0
NA18871	0|1	0,1,0
NA18872	1|0	0,1,0
NA18910	0|1	0.00199997,0.998,0
NA18912	0|1	0.053,0.947,0
NA18913	0|1	0,1,0
NA18914	1|0	0.00199997,0.998,0
NA19027	0|0	1,0,0
NA19028	1|1	0,0,1
NA19031	0|0	0.999,0.001,0
NA19035	0|1	0.005,0.995,0
NA19036	1|0	0.012,0.988,0
NA19038	1|0	0,0.988,0.012
NA19041	1|0	0.00400001,0.996,0
NA19092	1|0	0.00300002,0.997,0
NA19093	0|0	1,0,0
NA19094	0|0	1,0,0
NA19098	0|0	1,0,0
NA19099	0|1	0,1,0
NA19100	0|1	0,1,0
NA19101	1|0	0,1,0
NA19102	1|0	0.00199997,0.998,0
NA19103	1|0	0,1,0
NA19108	1|0	0,0.998,0.002
NA19116	0|0	1,0,0
NA19118	0|0	1,0,0
NA19119	0|0	1,0,0
NA19120	0|0	0.999,0.001,0
NA19127	0|0	1,0,0
NA19128	1|1	0,0.00199997,0.998
NA19129	1|0	0,1,0
NA19130	0|1	0.009,0.991,0
NA19131	0|0	0.999,0.001,0
NA19132	0|0	1,0,0
NA19137	1|0	0,1,0
NA19138	0|0	1,0,0
NA19139	0|1	0,1,0
NA19140	0|1	0,1,0
NA19141	0|0	1,0,0
NA19142	0|1	0,1,0
NA19143	0|1	0,0.998,0.002
NA19144	1|0	0.00199997,0.998,0
NA19146	1|1	2.99998e-06,0.00399401,0.996003
NA19150	0|0	0.999,0.001,0
NA19152	0|0	0.996,0.004,0
NA19153	0|0	1,0,0
NA19154	0|0	0.999,0.001,0
NA19159	1|1	0,0,1
NA19160	0|0	0.999,0.001,0
NA19161	0|1	0,1,0
NA19171	0|0	0.998,0.002,0
NA19172	0|1	0,1,0
NA19173	1|0	0,1,0
NA19189	0|0	1,0,0
NA19200	1|0	0,1,0
NA19201	0|0	1,0,0
NA19202	0|1	0,1,0
NA19203	0|0	1,0,0
NA19204	0|1	0,1,0
NA19205	0|0	1,0,0
NA19206	0|1	0.000999987,0.999,0
NA19207	0|0	0.998,0.002,0
NA19208	0|0	1,0,0
NA19209	0|0	0.715,0.285,0
NA19210	0|0	1,0,0
NA19211	0|0	1,0,0
NA19213	0|0	1,0,0
NA19221	0|0	1,0,0
NA19222	0|1	0.011,0.989,0
NA19223	0|0	1,0,0
NA19238	0|0	1,0,0
NA19239	0|0	0.999,0.001,0
NA19240	0|0	1,0,0
NA19307	0|1	0,1,0
NA19308	0|1	0.208,0.792,0
NA19309	0|1	0,0.974,0.026
NA19310	1|0	0,0.999,0.001
NA19314	0|0	0.855286,0.144428,0.000286
NA19315	0|0	0.996,0.004,0
NA19316	0|0	0.999,0.001,0
NA19317	0|0	0.999,0.001,0
NA19318	1|0	0.00400001,0.996,0
NA19319	0|0	0.998,0.002,0
NA19321	0|0	1,0,0
NA19324	0|0	1,0,0
NA19327	0|0	1,0,0
NA19328	0|0	1,0,0
NA19332	0|0	0.998,0.002,0
NA19334	0|0	1,0,0
NA19346	0|0	0.998,0.002,0
NA19347	0|0	1,0,0
NA19350	1|0	0.000999987,0.999,0
NA19360	1|0	0,0.998,0.002
NA19372	0|0	0.997,0.003,0
NA19374	0|0	1,0,0
NA19375	1|0	0,1,0
NA19376	1|0	0.00300002,0.997,0
NA19377	0|0	0.994,0.006,0
NA19379	0|1	0,1,0
NA19380	0|0	0.998001,0.001998,1e-06
NA19383	0|1	0.00300002,0.997,0
NA19384	1|0	0,0.997,0.003
NA19385	0|0	1,0,0
NA19390	0|0	0.954045,0.04591,4.5e-05
NA19391	0|1	0,0.994,0.006
NA19393	0|0	1,0,0
NA19394	0|0	0.998,0.002,0
NA19397	0|0	1,0,0
NA19399	0|0	1,0,0
NA19403	1|0	0.00199597,0.996008,0.001996
NA19404	0|1	0,0.999,0.001
NA19428	0|0	1,0,0
NA19429	0|0	1,0,0
NA19430	0|1	0.000999987,0.999,0
NA19431	0|1	0,1,0
NA19434	0|0	1,0,0
NA19435	1|0	0.448551,0.550898,0.000551
NA19436	0|0	0.999,0.001,0
NA19437	0|1	0.009,0.991,0
NA19438	1|1	0,0,1
NA19439	0|0	0.996,0.004,0
NA19440	0|1	0.00400001,0.996,0
NA19443	0|0	1,0,0
NA19445	1|0	0.012961,0.984078,0.002961
NA19446	0|0	1,0,0
NA19448	0|0	1,0,0
NA19449	1|0	0,1,0
NA19451	0|0	1,0,0
NA19452	0|1	0,1,0
NA19455	0|0	0.998001,0.001998,1e-06
NA19456	1|0	0.000999987,0.999,0
NA19457	0|0	0.996,0.004,0
NA19462	0|0	0.991,0.009,0
NA19463	0|1	0,0.964,0.036
NA19466	0|0	0.999,0.001,0
NA19467	1|0	0,0.998,0.002
NA19468	0|0	1,0,0
NA19471	0|1	0.00199997,0.998,0
NA19473	1|1	0,0.000999987,0.999
NA19474	0|0	1,0,0
NA06985	0|0	1,0,0
NA06993	0|0	1,0,0
NA06994	0|0	1,0,0
NA07000	1|0	0,0.999,0.001
NA07019	1|0	0,1,0
NA07022	1|0	0,1,0
NA07029	0|1	0.000999987,0.999,0
NA07034	0|0	1,0,0
NA07048	0|0	1,0,0
NA07055	0|0	0.999,0.001,0
NA07056	0|0	1,0,0
NA07345	0|0	0.999,0.001,0
NA07348	0|0	1,0,0
NA07357	0|0	1,0,0
NA10830	1|0	0,1,0
NA10831	0|1	0,1,0
NA10835	0|1	0,1,0
NA10838	1|0	0,1,0
NA10839	1|0	0,1,0
NA10846	0|0	1,0,0
NA10847	0|0	0.996004,0.003992,4e-06
NA10851	0|1	0,1,0
NA10854	0|0	1,0,0
NA10855	1|1	0,0,1
NA10856	0|0	1,0,0
NA10857	0|0	1,0,0
NA10859	0|0	1,0,0
NA10860	0|0	1,0,0
NA10861	1|0	0,1,0
NA10863	0|0	1,0,0
NA11829	0|0	1,0,0
NA11830	0|0	1,0,0
NA11831	0|1	0,1,0
NA11832	0|1	0,1,0
NA11839	0|0	0.975,0.025,0
NA11840	0|0	1,0,0
NA11881	0|0	1,0,0
NA11882	0|0	1,0,0
NA11992	0|0	1,0,0
NA11993	1|0	0,1,0
NA11994	1|0	0,1,0
NA11995	0|0	1,0,0
NA12003	1|1	0,0,1
NA12004	0|0	1,0,0
NA12005	0|1	0.000996987,0.996006,0.002997
NA12006	1|0	0.00199997,0.998,0
NA12043	0|1	0.00599998,0.994,0
NA12044	0|0	0.998,0.002,0
NA12056	1|1	0,0.009,0.991
NA12057	1|0	0.00700003,0.993,0
NA12144	0|1	0.00400001,0.996,0
NA12145	0|0	1,0,0
NA12146	0|0	1,0,0
NA12154	0|1	0,1,0
NA12155	0|0	1,0,0
NA12156	1|0	0,1,0
NA12234	1|0	0.011,0.989,0
NA12236	0|0	0.999,0.001,0
NA12239	0|1	0,1,0
NA12248	0|0	1,0,0
NA12249	1|0	0,1,0
NA12264	1|0	0.00199997,0.998,0
NA12707	0|1	0,1,0
NA12716	0|0	1,0,0
NA12717	0|1	0,0.999,0.001
NA12740	0|0	1,0,0
NA12750	0|0	1,0,0
NA12751	0|0	1,0,0
NA12752	0|0	1,0,0
NA12753	0|0	1,0,0
NA12760	0|0	0.998,0.002,0
NA12761	1|0	0,1,0
NA12762	0|0	0.999,0.001,0
NA12763	0|0	1,0,0
NA12801	0|0	1,0,0
NA12802	0|0	0.999,0.001,0
NA12812	0|0	1,0,0
NA12813	0|0	0.999,0.001,0
NA12814	0|1	0,1,0
NA12815	0|0	1,0,0
NA12864	0|0	1,0,0
NA12865	1|0	0,1,0
NA12872	0|1	0.00800002,0.992,0
NA12873	0|0	1,0,0
NA12874	0|0	1,0,0
NA12875	0|1	0,0.999,0.001
NA12878	0|0	1,0,0
NA12891	0|0	0.999,0.001,0
NA12892	0|0	0.999,0.001,0
NA20502	0|1	0,1,0
NA20504	0|0	0.998001,0.001998,1e-06
NA20505	1|0	0.00599998,0.994,0
NA20506	0|1	0.000999987,0.999,0
NA20508	0|0	1,0,0
NA20509	0|0	0.997,0.003,0
NA20510	0|0	0.999,0.001,0
NA20512	0|0	1,0,0
NA20515	1|0	0.000999987,0.999,0
NA20516	0|0	1,0,0
NA20517	0|1	0,1,0
NA20518	0|0	0.999,0.001,0
NA20519	0|0	0.998,0.002,0
NA20520	0|0	1,0,0
NA20521	0|0	0.999,0.001,0
NA20522	0|0	1,0,0
NA20524	0|0	0.999,0.001,0
NA20525	0|0	1,0,0
NA20527	0|0	1,0,0
NA20528	1|1	0,0.000999987,0.999
NA20529	0|1	0.008982,0.989036,0.001982
NA20530	0|0	1,0,0
NA20531	0|0	1,0,0
NA20534	1|1	0,0,1
NA20535	1|0	0.00300002,0.997,0
NA20538	0|0	0.999,0.001,0
NA20539	1|0	0.00300002,0.997,0
NA20540	0|1	0.00199997,0.998,0
NA20541	0|0	1,0,0
NA20542	0|0	0.997,0.003,0
NA20543	0|0	1,0,0
NA20544	0|0	0.997002,0.002996,2e-06
NA20581	0|0	1,0,0
NA20582	0|0	1,0,0
NA20585	0|0	1,0,0
NA20586	0|0	0.999,0.001,0
NA20588	0|0	1,0,0
NA20589	0|0	0.998,0.002,0
NA20752	0|1	0.009,0.991,0
NA20753	1|0	0.00300002,0.997,0
NA20754	0|0	0.999,0.001,0
NA20755	0|0	1,0,0
NA20756	0|0	1,0,0
NA20757	1|1	1.99995e-06,0.00299596,0.997002
NA20758	0|0	1,0,0
NA20759	0|0	0.903,0.097,0
NA20760	0|0	0.998,0.002,0
NA20761	0|0	1,0,0
NA20765	1|0	0,1,0
NA20766	0|1	0,1,0
NA20768	0|0	1,0,0
NA20769	0|0	1,0,0
NA20770	0|0	1,0,0
NA20771	0|0	0.999,0.001,0
NA20772	1|0	0,1,0
NA20773	0|0	0.999,0.001,0
NA20774	0|0	1,0,0
NA20775	0|1	0.00299702,0.996006,0.000997
NA20778	0|0	0.999,0.001,0
NA20783	1|0	0,0.999,0.001
NA20785	0|0	1,0,0
NA20786	0|0	0.999,0.001,0
NA20787	0|0	0.999,0.001,0
NA20790	0|1	0,1,0
NA20792	0|1	0,0.999,0.001
NA20795	0|0	1,0,0
NA20796	0|0	0.999,0.001,0
NA20797	0|0	1,0,0
NA20798	0|0	1,0,0
NA20799	0|0	1,0,0
NA20800	1|0	0,1,0
NA20801	0|0	1,0,0
NA20802	1|0	0,1,0
NA20803	0|0	1,0,0
NA20804	0|0	0.998001,0.001998,1e-06
NA20805	0|0	1,0,0
NA20806	0|0	1,0,0
NA20807	0|1	0,1,0
NA20808	0|0	0.999,0.001,0
NA20809	0|0	1,0,0
NA20810	0|0	0.994,0.006,0
NA20811	0|0	0.999,0.001,0
NA20812	0|0	1,0,0
NA20813	1|1	0,0.000999987,0.999
NA20815	0|0	0.999,0.001,0
NA20818	0|1	0,1,0
NA20819	0|0	1,0,0
NA20826	0|0	1,0,0
NA20828	0|0	0.999,0.001,0
NA18532	0|0	0.998,0.002,0
NA18537	0|0	1,0,0
NA18542	0|0	1,0,0
NA18545	0|1	0.028,0.972,0
NA18547	1|0	0.00700003,0.993,0
NA18550	0|0	1,0,0
NA18552	0|0	1,0,0
NA18555	1|0	0.00199997,0.998,0
NA18558	0|0	1,0,0
NA18561	0|0	0.998001,0.001998,1e-06
NA18562	0|0	0.999,0.001,0
NA18563	0|1	0.000998987,0.998002,0.000999
NA18564	0|0	1,0,0
NA18566	0|0	0.999,0.001,0
NA18570	0|0	0.999,0.001,0
NA18571	0|0	0.996003,0.003994,3e-06
NA18572	0|0	0.999,0.001,0
NA18573	0|0	0.999,0.001,0
NA18577	1|0	0,0.997,0.003
NA18579	0|1	0.024,0.976,0
NA18582	0|0	0.999,0.001,0
NA18592	0|0	0.999,0.001,0
NA18593	0|1	0.00199997,0.998,0
NA18603	0|1	0.00199997,0.998,0
NA18605	1|1	4e-05,0.01292,0.98704
NA18608	0|0	1,0,0
NA18609	0|0	0.997,0.003,0
NA18611	0|1	0.012,0.988,0
NA18612	0|0	0.998,0.002,0
NA18620	0|0	1,0,0
NA18621	1|1	0,0,1
NA18622	0|0	1,0,0
NA18623	0|0	0.999,0.001,0
NA18624	0|0	1,0,0
NA18632	0|1	0.143,0.857,0
NA18633	0|0	0.997002,0.002996,2e-06
NA18635	1|0	0.000998987,0.998002,0.000999
NA18636	1|1	0.000102999,0.103794,0.896103
NA18637	0|0	1,0,0
NA18940	0|0	1,0,0
NA18942	0|0	1,0,0
NA18943	0|0	0.999,0.001,0
NA18944	1|0	0.000997987,0.997004,0.001998
NA18945	0|1	0.00700003,0.993,0
NA18947	0|0	0.998,0.002,0
NA18948	0|0	0.999,0.001,0
NA18949	0|0	1,0,0
NA18951	1|0	0,0.998,0.002
NA18952	1|0	0.00800002,0.992,0
NA18953	1|1	0,0,1
NA18956	1|0	0.00400001,0.996,0
NA18959	0|0	0.907,0.093,0
NA18960	1|0	0,0.69,0.31
NA18961	0|0	1,0,0
NA18964	1|0	0.00199997,0.998,0
NA18965	1|0	0,1,0
NA18966	0|0	1,0,0
NA18967	0|0	1,0,0
NA18968	1|0	0.000999987,0.999,0
NA18969	0|0	1,0,0
NA18970	0|0	0.999,0.001,0
NA18971	0|1	0.00199797,0.997004,0.000998
NA18972	0|1	0,0.999,0.001
NA18973	0|1	0.00199797,0.997004,0.000998
NA18974	1|1	5.39999e-05,0.014892,0.985054
NA18975	0|0	1,0,0
NA18976	1|0	0.021,0.979,0
NA18978	0|0	1,0,0
NA18980	0|0	1,0,0
NA18981	0|0	0.996,0.004,0
NA18987	0|0	0.999,0.001,0
NA18990	0|1	0,1,0
NA18991	1|0	0,1,0
NA18992	0|0	0.999,0.001,0
NA18994	0|0	0.998,0.002,0
NA18995	1|1	0,0.483,0.517
NA18997	0|1	0.00700003,0.993,0
NA18998	1|0	0.00800002,0.992,0
NA18999	1|1	1.29998e-05,0.013974,0.986013
NA19000	0|0	0.999,0.001,0
NA19003	0|0	1,0,0
NA19005	0|0	0.999,0.001,0
NA19007	1|0	0.000999987,0.999,0
NA19012	0|0	1,0,0
