NA18532	0|0	0.998,0.002,0
NA18537	0|0	1,0,0
NA18542	0|0	1,0,0
NA18545	0|1	0.028,0.972,0
NA18547	1|0	0.00700003,0.993,0
NA18550	0|0	1,0,0
NA18552	0|0	1,0,0
NA18555	1|0	0.00199997,0.998,0
NA18558	0|0	1,0,0
NA18561	0|0	0.998001,0.001998,1e-06
NA18562	0|0	0.999,0.001,0
NA18563	0|1	0.000998987,0.998002,0.000999
NA18564	0|0	1,0,0
NA18566	0|0	0.999,0.001,0
NA18570	0|0	0.999,0.001,0
NA18571	0|0	0.996003,0.003994,3e-06
NA18572	0|0	0.999,0.001,0
NA18573	0|0	0.999,0.001,0
NA18577	1|0	0,0.997,0.003
NA18579	0|1	0.024,0.976,0
NA18582	0|0	0.999,0.001,0
NA18592	0|0	0.999,0.001,0
NA18593	0|1	0.00199997,0.998,0
NA18603	0|1	0.00199997,0.998,0
NA18605	1|1	4e-05,0.01292,0.98704
NA18608	0|0	1,0,0
NA18609	0|0	0.997,0.003,0
NA18611	0|1	0.012,0.988,0
NA18612	0|0	0.998,0.002,0
NA18620	0|0	1,0,0
NA18621	1|1	0,0,1
NA18622	0|0	1,0,0
NA18623	0|0	0.999,0.001,0
NA18624	0|0	1,0,0
NA18632	0|1	0.143,0.857,0
NA18633	0|0	0.997002,0.002996,2e-06
NA18635	1|0	0.000998987,0.998002,0.000999
NA18636	1|1	0.000102999,0.103794,0.896103
NA18637	0|0	1,0,0
NA18940	0|0	1,0,0
NA18942	0|0	1,0,0
NA18943	0|0	0.999,0.001,0
NA18944	1|0	0.000997987,0.997004,0.001998
NA18945	0|1	0.00700003,0.993,0
NA18947	0|0	0.998,0.002,0
NA18948	0|0	0.999,0.001,0
NA18949	0|0	1,0,0
NA18951	1|0	0,0.998,0.002
NA18952	1|0	0.00800002,0.992,0
NA18953	1|1	0,0,1
NA18956	1|0	0.00400001,0.996,0
NA18959	0|0	0.907,0.093,0
NA18960	1|0	0,0.69,0.31
NA18961	0|0	1,0,0
NA18964	1|0	0.00199997,0.998,0
NA18965	1|0	0,1,0
NA18966	0|0	1,0,0
NA18967	0|0	1,0,0
NA18968	1|0	0.000999987,0.999,0
NA18969	0|0	1,0,0
NA18970	0|0	0.999,0.001,0
NA18971	0|1	0.00199797,0.997004,0.000998
NA18972	0|1	0,0.999,0.001
NA18973	0|1	0.00199797,0.997004,0.000998
NA18974	1|1	5.39999e-05,0.014892,0.985054
NA18975	0|0	1,0,0
NA18976	1|0	0.021,0.979,0
NA18978	0|0	1,0,0
NA18980	0|0	1,0,0
NA18981	0|0	0.996,0.004,0
NA18987	0|0	0.999,0.001,0
NA18990	0|1	0,1,0
NA18991	1|0	0,1,0
NA18992	0|0	0.999,0.001,0
NA18994	0|0	0.998,0.002,0
NA18995	1|1	0,0.483,0.517
NA18997	0|1	0.00700003,0.993,0
NA18998	1|0	0.00800002,0.992,0
NA18999	1|1	1.29998e-05,0.013974,0.986013
NA19000	0|0	0.999,0.001,0
NA19003	0|0	1,0,0
NA19005	0|0	0.999,0.001,0
NA19007	1|0	0.000999987,0.999,0
NA19012	0|0	1,0,0
