NA18526	0|0	0	1,0,0
NA18537	1|1	1.92	0,0.08,0.92
NA18550	0|0	0	1,0,0
NA18555	0|0	0	1,0,0
NA18562	0|0	0.34	0.69,0.29,0.03
NA18563	0|0	0	1,0,0
NA18582	0|0	0.18	0.82,0.18,0
NA18603	0|0	0	1,0,0
NA18606	0|0	0	1,0,0
NA18621	0|0	0	1,0,0
NA18622	0|0	0	1,0,0
NA18628	0|0	0.02	0.98,0.02,0
NA18632	0|1	1	0,1,0
NA18636	0|0	0	1,0,0
NA18647	0|0	0	1,0,0
NA18942	0|0	0	1,0,0
NA18945	0|0	0	1,0,0
NA18947	0|0	0.03	0.97,0.03,0
NA18951	0|0	0	1,0,0
NA18952	0|0	0	1,0,0
NA18953	0|0	0	1,0,0
NA18956	0|0	0	1,0,0
NA18965	0|0	0	1,0,0
NA18970	0|0	0	1,0,0
NA18973	0|0	0	1,0,0
NA18977	0|0	0.18	0.83,0.17,0.01
NA18987	0|0	0.05	0.95,0.05,0
NA18990	0|0	0	1,0,0
NA18995	0|0	0	1,0,0
NA19003	0|0	0.02	0.98,0.02,0
NA19010	0|0	0	1,0,0
