NA18526	0|0	0.615552,0.356896,0.027552
NA18532	0|0	0.64974,0.31352,0.03674
NA18537	0|0	0.93,0.07,0
NA18542	1|0	0.00300002,0.997,0
NA18545	0|0	1,0,0
NA18547	1|0	0.024,0.976,0
NA18550	0|0	1,0,0
NA18552	1|0	0.00277202,0.921456,0.075772
NA18555	0|0	0.956,0.044,0
NA18558	0|1	0.000997987,0.997004,0.001998
NA18561	0|0	0.992,0.008,0
NA18562	0|0	0.925,0.075,0
NA18563	0|0	0.980091,0.019818,9.1e-05
NA18564	0|0	0.998,0.002,0
NA18566	0|1	0,1,0
NA18570	0|0	1,0,0
NA18571	0|1	0.05,0.95,0
NA18572	0|0	0.505,0.495,0
NA18573	0|0	0.627266,0.362468,0.010266
NA18577	0|0	0.977,0.023,0
NA18579	1|0	0.276,0.724,0
NA18582	1|0	0.00598198,0.991036,0.002982
NA18592	0|0	0.79182,0.20736,0.00082
NA18593	0|0	1,0,0
NA18603	0|0	0.598,0.402,0
NA18605	1|1	0.0013,0.1374,0.8613
NA18608	0|1	0.000999987,0.999,0
NA18609	1|0	0.276,0.724,0
NA18611	0|0	0.548,0.452,0
NA18612	0|1	0.186446,0.752108,0.061446
NA18620	0|0	0.724,0.276,0
NA18621	0|0	0.960384,0.039232,0.000384
NA18622	0|0	0.700891,0.298218,0.000891
NA18623	1|0	0,1,0
NA18624	0|1	0.021,0.979,0
NA18632	0|0	1,0,0
NA18633	0|0	0.999,0.001,0
NA18635	0|0	0.994,0.006,0
NA18636	0|0	0.941,0.059,0
NA18637	0|1	0.000999987,0.999,0
NA18940	0|0	0.897,0.103,0
NA18942	0|0	0.671,0.329,0
NA18943	0|0	0.766233,0.233534,0.000233
NA18944	0|1	0.00400001,0.996,0
NA18945	1|0	0.377622,0.621756,0.000622
NA18947	0|1	0,1,0
NA18948	0|0	0.659889,0.330222,0.009889
NA18949	0|0	0.923076,0.076848,7.6e-05
NA18951	1|0	0.481,0.519,0
NA18952	0|0	0.878,0.122,0
NA18953	0|0	1,0,0
NA18956	0|0	0.653,0.347,0
NA18959	0|0	0.999,0.001,0
NA18960	0|0	0.961,0.039,0
NA18961	0|0	0.997,0.003,0
NA18964	0|0	0.982,0.018,0
NA18965	0|0	1,0,0
NA18966	1|0	0.00128998,0.64442,0.35429
NA18967	0|1	0,1,0
NA18968	0|0	0.803,0.197,0
NA18969	0|0	1,0,0
NA18970	0|0	0.988,0.012,0
NA18971	0|1	0.012,0.988,0
NA18972	0|0	0.998,0.002,0
NA18973	0|1	0.12,0.88,0
NA18974	0|1	0.00599998,0.994,0
NA18975	0|1	0.008901,0.980198,0.010901
NA18976	1|0	0.203016,0.626968,0.170016
NA18978	0|1	0.059,0.941,0
NA18980	0|1	0.135,0.865,0
NA18981	1|0	0.025,0.975,0
NA18987	0|0	1,0,0
NA18990	0|0	0.858,0.142,0
NA18991	0|0	0.953,0.047,0
NA18992	0|0	1,0,0
NA18994	0|1	0,0.999,0.001
NA18995	1|0	0,1,0
NA18997	0|0	0.984,0.016,0
NA18998	0|1	0.00800002,0.992,0
NA18999	0|0	0.954,0.046,0
NA19000	1|1	0,0.000999987,0.999
NA19003	1|1	0,0.00700003,0.993
NA19005	0|0	0.687312,0.312376,0.000312
NA19007	0|0	1,0,0
NA19012	0|1	0,0.998,0.002
