NA18498	1|0	0,1,0
NA18500	1|0	0.00199997,0.998,0
NA18501	1|1	0,0.00300002,0.997
NA18502	0|0	0.999,0.001,0
NA18503	0|1	0.00199597,0.996008,0.001996
NA18504	1|0	0.00199997,0.998,0
NA18505	0|0	0.989,0.011,0
NA18506	0|1	0,0.998,0.002
NA18507	0|1	0,1,0
NA18508	0|0	0.998001,0.001998,1e-06
NA18515	1|1	0,0,1
NA18516	1|1	1.60001e-05,0.00796802,0.992016
NA18517	1|1	0,0.000999987,0.999
NA18519	0|1	0,1,0
NA18521	1|0	0,1,0
NA18522	0|1	0.047,0.953,0
NA18523	1|1	0,0.022,0.978
NA18852	1|0	0.000999987,0.999,0
NA18853	0|0	1,0,0
NA18854	1|0	0.00300002,0.997,0
NA18855	0|0	0.999,0.001,0
NA18856	0|1	0.008955,0.98609,0.004955
NA18857	0|0	0.998,0.002,0
NA18858	1|1	0,0.005,0.995
NA18859	0|1	0.00800002,0.992,0
NA18860	0|1	0.000999987,0.999,0
NA18861	0|1	0,1,0
NA18862	0|0	1,0,0
NA18863	0|1	0,1,0
NA18867	1|0	0.004985,0.99203,0.002985
NA18870	0|0	0.998,0.002,0
NA18871	1|0	0.014,0.986,0
NA18872	0|0	0.995,0.005,0
NA18910	1|1	0.001424,0.357152,0.641424
NA18912	1|1	0,0.000999987,0.999
NA18913	0|0	0.999,0.001,0
NA18914	1|0	0,1,0
NA19027	0|0	0.62,0.38,0
NA19028	1|0	0,0.962,0.038
NA19031	0|0	0.947682,0.051636,0.000682
NA19035	0|0	0.631,0.369,0
NA19036	0|1	0,0.998,0.002
NA19038	1|0	0.012857,0.976286,0.010857
NA19041	0|1	0,1,0
NA19092	1|0	0,0.98,0.02
NA19093	0|1	0,1,0
NA19094	1|1	0,0,1
NA19098	0|0	0.99,0.01,0
NA19099	0|0	1,0,0
NA19100	0|0	0.998,0.002,0
NA19101	1|0	0.00399601,0.995008,0.000996
NA19102	1|0	0,1,0
NA19103	0|0	0.75,0.25,0
NA19108	0|0	0.996004,0.003992,4e-06
NA19116	1|1	0,0.009,0.991
NA19118	0|0	0.997,0.003,0
NA19119	0|0	0.702,0.298,0
NA19120	0|1	0,1,0
NA19127	1|0	0.013,0.987,0
NA19128	1|1	0,0.00599998,0.994
NA19129	1|0	0,1,0
NA19130	0|1	0,0.997,0.003
NA19131	1|1	0,0.00300002,0.997
NA19132	1|1	0,0,1
NA19137	0|1	0.000999987,0.999,0
NA19138	1|0	0,1,0
NA19139	1|0	0,1,0
NA19140	0|0	0.999,0.001,0
NA19141	1|0	0.00400001,0.996,0
NA19142	0|0	0.999,0.001,0
NA19143	1|0	0.00800002,0.992,0
NA19144	0|1	0,0.996,0.004
NA19145	1|0	0,1,0
NA19146	1|0	0.097902,0.901196,0.000902
NA19150	0|1	0.019,0.981,0
NA19152	0|0	1,0,0
NA19153	0|0	0.51,0.49,0
NA19154	0|0	1,0,0
NA19159	1|0	0.000999987,0.999,0
NA19160	1|1	0,0.00400001,0.996
NA19161	1|1	0,0.000999987,0.999
NA19171	0|1	0.005,0.995,0
NA19172	1|0	0.361,0.639,0
NA19173	0|0	1,0,0
NA19189	1|0	0,0.998,0.002
NA19200	1|0	0.025,0.975,0
NA19201	1|0	0,1,0
NA19202	0|1	0,1,0
NA19203	1|1	7.99991e-06,0.00598398,0.994008
NA19204	0|1	0,0.996,0.004
NA19205	1|1	0,0,1
NA19206	0|0	0.998,0.002,0
NA19207	0|1	0,0.999,0.001
NA19208	1|0	0,1,0
NA19209	0|1	0.00199997,0.998,0
NA19210	1|0	0.00199797,0.997004,0.000998
NA19211	1|0	0,0.997,0.003
NA19213	0|0	0.899198,0.100604,0.000198
NA19221	1|1	0,0,1
NA19222	1|1	0,0.005,0.995
NA19223	0|1	0,1,0
NA19238	0|0	0.999,0.001,0
NA19239	1|1	0,0.00199997,0.998
NA19240	1|0	0.00300002,0.997,0
NA19307	0|1	0.00199997,0.998,0
NA19308	0|1	0,1,0
NA19309	0|0	0.990024,0.009952,2.4e-05
NA19310	1|0	0.00299102,0.994018,0.002991
NA19314	0|1	0.259981,0.550038,0.189981
NA19315	0|0	0.996,0.004,0
NA19316	0|0	1,0,0
NA19317	1|0	0.000998987,0.998002,0.000999
NA19319	0|0	1,0,0
NA19321	0|1	0.274,0.726,0
NA19324	0|0	0.996003,0.003994,3e-06
NA19327	1|0	0,1,0
NA19328	1|0	0,0.863,0.137
NA19332	0|1	0.377622,0.621756,0.000622
NA19334	0|0	0.999,0.001,0
NA19346	0|0	0.999,0.001,0
NA19347	0|0	0.956,0.044,0
NA19350	0|0	0.997,0.003,0
NA19360	1|1	5.99996e-06,0.004988,0.995006
NA19372	0|0	0.998,0.002,0
NA19374	1|1	1.29998e-05,0.013974,0.986013
NA19375	1|1	0,0.116,0.884
NA19376	0|0	0.765466,0.234068,0.000466
NA19377	1|0	0,1,0
NA19379	0|0	1,0,0
NA19380	1|0	0,1,0
NA19384	0|0	0.991,0.009,0
NA19385	1|1	0,0,1
NA19390	0|0	0.618,0.382,0
NA19391	1|0	0.00599998,0.994,0
NA19393	1|0	0.433293,0.559414,0.007293
NA19394	1|0	0,1,0
NA19397	0|1	0.000999987,0.999,0
NA19399	0|0	1,0,0
NA19403	0|0	1,0,0
NA19404	0|0	0.999,0.001,0
NA19428	0|0	1,0,0
NA19429	1|1	0,0.00199997,0.998
NA19430	1|1	0,0.042,0.958
NA19431	0|0	1,0,0
NA19434	0|0	1,0,0
NA19435	0|0	1,0,0
NA19436	0|1	0,0.507,0.493
NA19437	0|1	0.00196797,0.982064,0.015968
NA19438	1|0	0.00391201,0.974176,0.021912
NA19439	1|0	0.00199997,0.998,0
NA19440	0|0	0.998001,0.001998,1e-06
NA19443	0|0	1,0,0
NA19445	1|0	0.028,0.972,0
NA19446	0|0	0.995006,0.004988,6e-06
NA19448	0|0	0.998,0.002,0
NA19449	1|0	0,1,0
NA19451	0|0	1,0,0
NA19452	1|0	0.00599998,0.994,0
NA19455	0|1	0.494512,0.503976,0.001512
NA19456	0|0	1,0,0
NA19457	0|0	0.999,0.001,0
NA19462	0|1	0.009,0.991,0
NA19463	0|1	0.00198997,0.99302,0.00499
NA19466	0|1	0.346,0.654,0
NA19467	0|1	0.00299402,0.995012,0.001994
NA19468	1|0	0.494512,0.503976,0.001512
NA19471	1|0	0.00400001,0.996,0
NA19472	1|0	0,1,0
NA19473	0|1	0,1,0
NA19474	1|1	0,0,1
NA06985	0|0	1,0,0
NA06991	0|0	1,0,0
NA06993	0|0	0.995,0.005,0
NA06994	0|0	0.508,0.492,0
NA07000	0|0	0.503,0.497,0
NA07019	1|0	0,0.999,0.001
NA07022	0|0	1,0,0
NA07029	1|0	0.124,0.876,0
NA07034	0|0	1,0,0
NA07048	0|0	1,0,0
NA07055	0|0	0.996,0.004,0
NA07056	1|0	0,1,0
NA07345	0|0	1,0,0
NA07348	0|0	1,0,0
NA07357	0|0	1,0,0
NA10830	0|0	1,0,0
NA10831	0|0	0.991,0.009,0
NA10835	1|0	0,1,0
NA10838	0|0	1,0,0
NA10839	0|0	1,0,0
NA10846	0|0	1,0,0
NA10847	1|0	0.009,0.991,0
NA10851	0|0	1,0,0
NA10854	0|0	1,0,0
NA10855	0|0	1,0,0
NA10856	0|0	1,0,0
NA10857	0|0	1,0,0
NA10859	0|0	1,0,0
NA10860	0|0	1,0,0
NA10861	0|0	1,0,0
NA10863	0|0	0.955,0.045,0
NA11829	0|0	1,0,0
NA11830	0|0	1,0,0
NA11831	0|0	0.597,0.403,0
NA11832	0|0	1,0,0
NA11839	1|0	0,0.932,0.068
NA11840	0|0	1,0,0
NA11881	0|0	0.995,0.005,0
NA11882	0|0	1,0,0
NA11992	0|0	0.994,0.006,0
NA11993	0|0	1,0,0
NA11994	0|0	1,0,0
NA11995	0|0	1,0,0
NA12003	0|0	1,0,0
NA12004	1|0	0.038,0.962,0
NA12005	0|0	1,0,0
NA12006	0|0	1,0,0
NA12043	0|0	1,0,0
NA12044	0|0	0.887,0.113,0
NA12056	0|0	1,0,0
NA12057	0|0	1,0,0
NA12144	0|0	1,0,0
NA12145	0|0	1,0,0
NA12146	0|1	0,1,0
NA12154	0|0	1,0,0
NA12155	0|0	1,0,0
NA12156	0|0	1,0,0
NA12234	0|0	1,0,0
NA12239	0|0	1,0,0
NA12248	1|0	0,1,0
NA12249	0|0	1,0,0
NA12264	0|0	1,0,0
NA12707	1|0	0,1,0
NA12716	0|0	1,0,0
NA12717	1|1	0.013806,0.365388,0.620806
NA12740	0|0	1,0,0
NA12750	0|0	0.798,0.202,0
NA12751	0|0	1,0,0
NA12752	0|0	1,0,0
NA12753	0|0	1,0,0
NA12760	0|0	0.998,0.002,0
NA12761	0|0	1,0,0
NA12762	0|0	0.999,0.001,0
NA12763	0|0	1,0,0
NA12801	0|0	1,0,0
NA12802	0|0	1,0,0
NA12812	0|0	1,0,0
NA12813	0|0	1,0,0
NA12814	0|0	1,0,0
NA12815	0|0	1,0,0
NA12864	0|1	0,1,0
NA12865	1|1	0,0,1
NA12872	0|0	1,0,0
NA12873	0|1	0.000999987,0.999,0
NA12874	0|1	0,1,0
NA12875	1|0	0,1,0
NA12878	1|0	0.442,0.558,0
NA12891	0|0	1,0,0
NA12892	0|0	0.903,0.097,0
NA20502	0|0	0.514,0.486,0
NA20504	1|0	0,0.833,0.167
NA20505	0|0	0.81,0.19,0
NA20506	0|0	0.999,0.001,0
NA20508	0|0	1,0,0
NA20509	0|0	0.977,0.023,0
NA20510	0|0	1,0,0
NA20512	0|0	0.927,0.073,0
NA20515	1|0	0,1,0
NA20516	0|1	0,1,0
NA20517	0|0	0.856,0.144,0
NA20518	0|0	1,0,0
NA20519	1|0	0.300377,0.641246,0.058377
NA20520	0|0	1,0,0
NA20521	0|0	1,0,0
NA20522	0|0	1,0,0
NA20524	0|0	1,0,0
NA20525	0|0	1,0,0
NA20527	0|0	0.968,0.032,0
NA20528	0|0	0.986,0.014,0
NA20529	0|0	1,0,0
NA20530	0|0	0.991,0.009,0
NA20531	0|0	1,0,0
NA20534	0|0	0.915,0.085,0
NA20535	0|0	1,0,0
NA20538	0|0	1,0,0
NA20539	1|0	0,1,0
NA20540	0|0	1,0,0
NA20541	0|0	0.948,0.052,0
NA20542	0|0	0.832,0.168,0
NA20543	1|0	0.000999987,0.999,0
NA20544	0|0	1,0,0
NA20581	0|0	0.801,0.199,0
NA20582	1|0	0.025974,0.973052,0.000974
NA20585	0|0	1,0,0
NA20586	0|0	1,0,0
NA20588	0|0	1,0,0
NA20589	0|1	0.249,0.751,0
NA20752	0|0	0.549,0.451,0
NA20753	0|0	1,0,0
NA20754	0|0	0.881,0.119,0
NA20755	0|0	0.742,0.258,0
NA20756	0|0	0.889,0.111,0
NA20757	0|0	0.964,0.036,0
NA20758	0|0	0.878,0.122,0
NA20759	1|0	0,1,0
NA20760	0|0	1,0,0
NA20761	0|0	0.752,0.248,0
NA20765	1|0	0.326,0.674,0
NA20766	0|1	0.086177,0.865646,0.048177
NA20768	0|0	1,0,0
NA20769	0|0	1,0,0
NA20770	0|0	1,0,0
NA20771	0|0	1,0,0
NA20772	0|1	0.063872,0.934256,0.001872
NA20773	0|0	0.953,0.047,0
NA20778	0|0	0.982,0.018,0
NA20783	0|0	0.923,0.077,0
NA20785	0|0	0.999,0.001,0
NA20786	0|0	1,0,0
NA20787	0|0	1,0,0
NA20790	0|0	0.879,0.121,0
NA20792	0|0	0.805,0.195,0
NA20795	0|0	1,0,0
NA20796	0|0	0.99,0.01,0
NA20797	0|0	0.976023,0.023954,2.3e-05
NA20798	0|0	0.999,0.001,0
NA20799	0|0	1,0,0
NA20800	0|0	1,0,0
NA20801	0|0	1,0,0
NA20802	0|1	0.234,0.766,0
NA20803	0|0	0.366795,0.49441,0.138795
NA20804	1|0	0.00400001,0.996,0
NA20805	1|0	0,0.994,0.006
NA20806	1|0	0,1,0
NA20807	0|0	0.619,0.381,0
NA20808	0|0	0.993,0.007,0
NA20809	0|0	1,0,0
NA20810	0|0	0.999,0.001,0
NA20811	0|0	0.981,0.019,0
NA20812	0|0	1,0,0
NA20813	0|0	0.995004,0.004992,4e-06
NA20815	0|0	1,0,0
NA20818	0|0	0.984,0.016,0
NA20819	0|0	0.955,0.045,0
NA20826	0|0	0.892,0.108,0
NA20828	0|0	1,0,0
NA18526	0|0	0.615552,0.356896,0.027552
NA18532	0|0	0.64974,0.31352,0.03674
NA18537	0|0	0.93,0.07,0
NA18542	1|0	0.00300002,0.997,0
NA18545	0|0	1,0,0
NA18547	1|0	0.024,0.976,0
NA18550	0|0	1,0,0
NA18552	1|0	0.00277202,0.921456,0.075772
NA18555	0|0	0.956,0.044,0
NA18558	0|1	0.000997987,0.997004,0.001998
NA18561	0|0	0.992,0.008,0
NA18562	0|0	0.925,0.075,0
NA18563	0|0	0.980091,0.019818,9.1e-05
NA18564	0|0	0.998,0.002,0
NA18566	0|1	0,1,0
NA18570	0|0	1,0,0
NA18571	0|1	0.05,0.95,0
NA18572	0|0	0.505,0.495,0
NA18573	0|0	0.627266,0.362468,0.010266
NA18577	0|0	0.977,0.023,0
NA18579	1|0	0.276,0.724,0
NA18582	1|0	0.00598198,0.991036,0.002982
NA18592	0|0	0.79182,0.20736,0.00082
NA18593	0|0	1,0,0
NA18603	0|0	0.598,0.402,0
NA18605	1|1	0.0013,0.1374,0.8613
NA18608	0|1	0.000999987,0.999,0
NA18609	1|0	0.276,0.724,0
NA18611	0|0	0.548,0.452,0
NA18612	0|1	0.186446,0.752108,0.061446
NA18620	0|0	0.724,0.276,0
NA18621	0|0	0.960384,0.039232,0.000384
NA18622	0|0	0.700891,0.298218,0.000891
NA18623	1|0	0,1,0
NA18624	0|1	0.021,0.979,0
NA18632	0|0	1,0,0
NA18633	0|0	0.999,0.001,0
NA18635	0|0	0.994,0.006,0
NA18636	0|0	0.941,0.059,0
NA18637	0|1	0.000999987,0.999,0
NA18940	0|0	0.897,0.103,0
NA18942	0|0	0.671,0.329,0
NA18943	0|0	0.766233,0.233534,0.000233
NA18944	0|1	0.00400001,0.996,0
NA18945	1|0	0.377622,0.621756,0.000622
NA18947	0|1	0,1,0
NA18948	0|0	0.659889,0.330222,0.009889
NA18949	0|0	0.923076,0.076848,7.6e-05
NA18951	1|0	0.481,0.519,0
NA18952	0|0	0.878,0.122,0
NA18953	0|0	1,0,0
NA18956	0|0	0.653,0.347,0
NA18959	0|0	0.999,0.001,0
NA18960	0|0	0.961,0.039,0
NA18961	0|0	0.997,0.003,0
NA18964	0|0	0.982,0.018,0
NA18965	0|0	1,0,0
NA18966	1|0	0.00128998,0.64442,0.35429
NA18967	0|1	0,1,0
NA18968	0|0	0.803,0.197,0
NA18969	0|0	1,0,0
NA18970	0|0	0.988,0.012,0
NA18971	0|1	0.012,0.988,0
NA18972	0|0	0.998,0.002,0
NA18973	0|1	0.12,0.88,0
NA18974	0|1	0.00599998,0.994,0
NA18975	0|1	0.008901,0.980198,0.010901
NA18976	1|0	0.203016,0.626968,0.170016
NA18978	0|1	0.059,0.941,0
NA18980	0|1	0.135,0.865,0
NA18981	1|0	0.025,0.975,0
NA18987	0|0	1,0,0
NA18990	0|0	0.858,0.142,0
NA18991	0|0	0.953,0.047,0
NA18992	0|0	1,0,0
NA18994	0|1	0,0.999,0.001
NA18995	1|0	0,1,0
NA18997	0|0	0.984,0.016,0
NA18998	0|1	0.00800002,0.992,0
NA18999	0|0	0.954,0.046,0
NA19000	1|1	0,0.000999987,0.999
NA19003	1|1	0,0.00700003,0.993
NA19005	0|0	0.687312,0.312376,0.000312
NA19007	0|0	1,0,0
NA19012	0|1	0,0.998,0.002
