NA18498	0|0	0	1,0,0
NA18500	0|1	1	0,1,0
NA18501	1|1	1.67	0,0.33,0.67
NA18502	0|0	0	1,0,0
NA18503	1|1	2	0,0,1
NA18504	1|0	1.02	0,0.98,0.02
NA18505	0|1	1	0,1,0
NA18506	0|1	1	0,1,0
NA18507	1|0	1	0,1,0
NA18508	1|0	0.98	0.02,0.97,0.01
NA18515	0|1	1	0,1,0
NA18516	0|1	1.04	0,0.96,0.04
NA18517	0|0	0	1,0,0
NA18519	0|0	0	1,0,0
NA18521	0|0	0	1,0,0
NA18522	0|0	0	1,0,0
NA18523	0|0	0	1,0,0
NA18852	0|0	0	1,0,0
NA18853	0|0	0	1,0,0
NA18854	0|0	0	1,0,0
NA18855	1|0	1	0,1,0
NA18856	0|0	0	1,0,0
NA18857	0|0	0	1,0,0
NA18858	0|1	1	0,1,0
NA18859	0|0	0	1,0,0
NA18860	0|0	0	1,0,0
NA18861	1|0	0.92	0.08,0.92,0
NA18862	0|0	0	1,0,0
NA18863	0|0	0	1,0,0
NA18867	0|0	0	1,0,0
NA18870	0|0	0	1,0,0
NA18871	0|0	0	1,0,0
NA18872	0|0	0	1,0,0
NA18910	0|1	1	0,1,0
NA18912	0|0	0	1,0,0
NA18913	1|0	1	0,1,0
NA18914	0|1	1	0,1,0
NA19027	0|0	0	1,0,0
NA19028	1|1	2	0,0,1
NA19031	0|1	1	0,1,0
NA19035	0|0	0	1,0,0
NA19036	0|0	0	1,0,0
NA19038	1|0	1	0,1,0
NA19041	1|1	1.68	0,0.32,0.68
NA19092	0|0	0	1,0,0
NA19093	1|0	1	0,1,0
NA19094	0|1	1	0,1,0
NA19098	0|0	0	1,0,0
NA19099	0|0	0	1,0,0
NA19100	0|0	0	1,0,0
NA19101	0|0	0	1,0,0
NA19102	0|0	0.04	0.96,0.04,0
NA19103	0|0	0	1,0,0
NA19108	1|0	1	0,1,0
NA19116	0|0	0	1,0,0
NA19118	0|0	0	1,0,0
NA19119	0|0	0	1,0,0
NA19120	0|0	0	1,0,0
NA19127	0|0	0	1,0,0
NA19128	1|0	1	0,1,0
NA19129	1|0	1	0,1,0
NA19130	1|0	1	0,1,0
NA19131	1|0	1	0,1,0
NA19132	1|1	2	0,0,1
NA19137	1|0	1	0,1,0
NA19138	0|0	0	1,0,0
NA19139	1|0	1	0,1,0
NA19140	0|0	0	1,0,0
NA19141	0|1	1	0,1,0
NA19142	0|1	1	0,1,0
NA19143	1|0	1	0,1,0
NA19144	0|1	1	0,1,0
NA19145	0|1	1	0,1,0
NA19146	0|0	0	1,0,0
NA19150	1|0	0.98	0.02,0.98,0
NA19152	0|0	0	1,0,0
NA19153	1|0	1.12	0,0.88,0.12
NA19154	0|1	1	0,1,0
NA19159	0|1	0.98	0.02,0.98,0
NA19160	0|0	0	1,0,0
NA19161	0|0	0	1,0,0
NA19171	0|0	0	1,0,0
NA19172	0|0	0	1,0,0
NA19173	0|0	0	1,0,0
NA19189	1|0	1	0,1,0
NA19200	0|0	0	1,0,0
NA19201	0|0	0	1,0,0
NA19202	0|0	0	1,0,0
NA19203	0|0	0	1,0,0
NA19204	1|0	1	0,1,0
NA19205	0|0	0	1,0,0
NA19206	0|0	0	1,0,0
NA19207	0|0	0	1,0,0
NA19208	1|0	1	0,1,0
NA19209	0|0	0	1,0,0
NA19210	0|0	0	1,0,0
NA19211	0|0	0	1,0,0
NA19213	0|1	1	0,1,0
NA19221	0|0	0	1,0,0
NA19222	0|0	0	1,0,0
NA19223	0|0	0	1,0,0
NA19238	0|1	1	0,1,0
NA19239	1|1	2	0,0,1
NA19240	1|1	2	0,0,1
NA19307	0|0	0	1,0,0
NA19308	1|0	1	0,1,0
NA19309	0|1	1.05	0,0.95,0.05
NA19310	1|1	2	0,0,1
NA19314	0|1	1	0,1,0
NA19315	1|1	2	0,0,1
NA19316	0|1	0.97	0.03,0.97,0
NA19317	0|1	1	0,1,0
NA19319	1|0	1	0,1,0
NA19321	1|0	1	0,1,0
NA19324	0|0	0	1,0,0
NA19327	0|0	0	1,0,0
NA19328	0|0	0	1,0,0
NA19332	0|0	0	1,0,0
NA19334	0|0	0	1,0,0
NA19346	1|1	1.91	0,0.09,0.91
NA19347	1|1	2	0,0,1
NA19350	0|0	0	1,0,0
NA19360	0|1	1	0,1,0
NA19372	0|0	0.35	0.65,0.35,0
NA19374	1|0	1	0,1,0
NA19375	1|1	2	0,0,1
NA19376	1|1	1.98	0,0.02,0.98
NA19377	0|1	0.98	0.02,0.98,0
NA19379	0|0	0	1,0,0
NA19380	0|1	1	0,1,0
NA19384	0|1	1	0,1,0
NA19385	0|1	1	0,1,0
NA19390	0|0	0	1,0,0
NA19391	0|0	0.27	0.73,0.27,0
NA19393	0|0	0.38	0.62,0.38,0
NA19394	1|0	1.17	0,0.83,0.17
NA19397	0|0	0	1,0,0
NA19399	1|1	2	0,0,1
NA19403	0|0	0	1,0,0
NA19404	0|0	0	1,0,0
NA19428	0|1	1	0,1,0
NA19429	1|0	1	0,1,0
NA19430	1|0	1	0,1,0
NA19431	1|0	1	0,1,0
NA19434	0|0	0	1,0,0
NA19435	1|0	1	0,1,0
NA19436	0|0	0	1,0,0
NA19437	1|0	0.85	0.15,0.85,0
NA19438	1|0	1	0,1,0
NA19439	0|0	0.19	0.81,0.19,0
NA19440	1|0	1	0,1,0
NA19443	1|1	2	0,0,1
NA19445	0|0	0	1,0,0
NA19446	1|0	1	0,1,0
NA19448	0|0	0.07	0.93,0.07,0
NA19449	0|1	1	0,1,0
NA19451	1|1	2	0,0,1
NA19452	1|0	1	0,1,0
NA19455	0|1	1	0,1,0
NA19456	1|0	0.97	0.03,0.97,0
NA19457	0|0	0.11	0.89,0.11,0
NA19462	0|1	1	0,1,0
NA19463	1|1	2	0,0,1
NA19466	0|0	0.29	0.71,0.29,0
NA19467	0|0	0	1,0,0
NA19468	0|0	0	1,0,0
NA19471	0|0	0.07	0.93,0.07,0
NA19472	1|1	2	0,0,1
NA19473	1|0	1	0,1,0
NA19474	1|0	1	0,1,0
NA06985	1|1	1.58	0,0.42,0.58
NA06991	1|1	2	0,0,1
NA06993	0|1	1	0,1,0
NA06994	0|0	0	1,0,0
NA07000	0|0	0	1,0,0
NA07019	0|0	0	1,0,0
NA07022	0|0	0	1,0,0
NA07029	0|0	0	1,0,0
NA07034	1|0	0.97	0.03,0.97,0
NA07048	0|1	1	0,1,0
NA07055	0|1	1.33	0,0.67,0.33
NA07056	1|0	1	0,1,0
NA07345	0|1	1	0,1,0
NA07348	1|0	1	0,1,0
NA07357	1|1	2	0,0,1
NA10830	0|1	1	0,1,0
NA10831	0|1	1	0,1,0
NA10835	0|1	1	0,1,0
NA10838	1|1	2	0,0,1
NA10839	0|0	0	1,0,0
NA10846	1|0	1	0,1,0
NA10847	1|0	1	0,1,0
NA10851	1|0	1	0,1,0
NA10854	0|0	0	1,0,0
NA10855	1|0	1	0,1,0
NA10856	1|0	1	0,1,0
NA10857	1|1	2	0,0,1
NA10859	0|1	1	0,1,0
NA10860	1|1	2	0,0,1
NA10861	1|1	2	0,0,1
NA10863	0|0	0	1,0,0
NA11829	0|0	0.42	0.58,0.42,0
NA11830	1|1	2	0,0,1
NA11831	0|1	1	0,1,0
NA11832	1|0	1	0,1,0
NA11839	1|0	0.98	0.02,0.98,0
NA11840	0|0	0.02	0.98,0.02,0
NA11881	0|0	0	1,0,0
NA11882	1|0	1.18	0,0.82,0.18
NA11992	1|1	2	0,0,1
NA11993	0|1	1	0,1,0
NA11994	1|1	2	0,0,1
NA11995	1|0	1	0,1,0
NA12003	1|1	2	0,0,1
NA12004	1|0	1	0,1,0
NA12005	0|1	0.73	0.27,0.73,0
NA12006	0|0	0.49	0.51,0.49,0
NA12043	1|1	2	0,0,1
NA12044	1|1	2	0,0,1
NA12056	1|0	1	0,1,0
NA12057	0|1	1	0,1,0
NA12144	1|1	2	0,0,1
NA12145	0|1	1	0,1,0
NA12146	1|0	1	0,1,0
NA12154	1|0	0.89	0.11,0.89,0
NA12155	0|1	1	0,1,0
NA12156	0|0	0	1,0,0
NA12234	0|0	0	1,0,0
NA12236	1|0	1	0,1,0
NA12239	0|1	1	0,1,0
NA12248	1|1	2	0,0,1
NA12249	0|0	0.12	0.88,0.12,0
NA12264	0|0	0	1,0,0
NA12707	0|1	1	0,1,0
NA12716	0|0	0	1,0,0
NA12717	1|1	2	0,0,1
NA12740	0|0	0	1,0,0
NA12750	0|0	0	1,0,0
NA12751	0|1	1	0,1,0
NA12752	1|0	1	0,1,0
NA12753	0|1	0.84	0.17,0.83,0
NA12760	0|0	0	1,0,0
NA12761	1|1	1.52	0,0.48,0.52
NA12762	0|1	1.32	0,0.68,0.32
NA12763	0|0	0	1,0,0
NA12801	0|0	0	1,0,0
NA12802	0|1	1	0,1,0
NA12812	0|0	0	1,0,0
NA12813	1|0	1	0,1,0
NA12814	0|1	1	0,1,0
NA12815	1|1	2	0,0,1
NA12864	0|1	1	0,1,0
NA12865	0|1	1	0,1,0
NA12872	0|0	0	1,0,0
NA12873	1|1	1.96	0,0.04,0.96
NA12874	0|1	1	0,1,0
NA12875	0|0	0.31	0.69,0.31,0
NA12878	0|0	0	1,0,0
NA12891	1|0	1	0,1,0
NA12892	0|1	0.99	0.01,0.99,0
NA20502	0|1	0.64	0.36,0.64,0
NA20504	1|0	1.07	0,0.93,0.07
NA20505	1|0	1.44	0,0.56,0.44
NA20506	1|0	1	0,1,0
NA20508	1|0	1	0,1,0
NA20509	1|0	1	0,1,0
NA20510	1|1	2	0,0,1
NA20512	1|0	1	0,1,0
NA20515	0|1	1	0,1,0
NA20516	0|1	1.49	0,0.51,0.49
NA20517	1|0	1	0,1,0
NA20518	0|0	0.35	0.65,0.35,0
NA20519	0|0	0	1,0,0
NA20520	0|0	0.1	0.9,0.1,0
NA20521	1|0	1.03	0,0.97,0.03
NA20522	0|0	0	1,0,0
NA20524	1|1	2	0,0,1
NA20525	0|1	0.53	0.47,0.53,0
NA20527	0|0	0	1,0,0
NA20528	0|0	0	1,0,0
NA20529	0|0	0.25	0.75,0.25,0
NA20530	1|1	2	0,0,1
NA20531	1|0	1	0,1,0
NA20534	0|0	0.36	0.67,0.3,0.03
NA20535	1|1	2	0,0,1
NA20538	0|0	0	1,0,0
NA20539	1|1	2	0,0,1
NA20540	1|0	1	0,1,0
NA20541	1|0	1.01	0,0.99,0.01
NA20542	0|1	1	0,1,0
NA20543	0|0	0	1,0,0
NA20544	0|0	0	1,0,0
NA20581	1|0	0.99	0.01,0.99,0
NA20582	0|1	0.93	0.07,0.93,0
NA20585	0|0	0.28	0.72,0.28,0
NA20586	0|0	0	1,0,0
NA20588	0|1	1	0,1,0
NA20589	1|1	2	0,0,1
NA20752	1|0	1	0,1,0
NA20753	1|0	1	0,1,0
NA20754	1|1	2	0,0,1
NA20755	0|0	0.05	0.95,0.05,0
NA20756	1|1	1.93	0,0.07,0.93
NA20757	0|0	0	1,0,0
NA20758	1|0	1	0,1,0
NA20759	1|1	2	0,0,1
NA20760	1|0	1	0,1,0
NA20761	0|1	1	0,1,0
NA20765	0|0	0	1,0,0
NA20766	0|0	0	1,0,0
NA20768	1|0	1	0,1,0
NA20769	1|1	2	0,0,1
NA20770	1|1	2	0,0,1
NA20771	0|0	0	1,0,0
NA20772	1|1	2	0,0,1
NA20773	1|1	2	0,0,1
NA20774	1|0	1	0,1,0
NA20778	1|0	1	0,1,0
NA20783	1|1	1.86	0,0.14,0.86
NA20785	1|0	1	0,1,0
NA20786	0|0	0.07	0.93,0.07,0
NA20787	1|0	0.98	0.02,0.98,0
NA20790	0|0	0	1,0,0
NA20792	1|0	1	0,1,0
NA20795	1|0	1.27	0,0.73,0.27
NA20796	1|0	0.98	0.02,0.98,0
NA20797	1|0	1	0,1,0
NA20798	0|0	0.01	0.99,0.01,0
NA20799	0|0	0	1,0,0
NA20800	0|0	0	1,0,0
NA20801	0|0	0	1,0,0
NA20802	1|1	2	0,0,1
NA20803	0|1	1	0,1,0
NA20804	1|1	1.65	0,0.35,0.65
NA20805	1|0	1	0,1,0
NA20806	1|1	2	0,0,1
NA20807	0|1	1.01	0.18,0.63,0.19
NA20808	1|1	1.87	0,0.13,0.87
NA20809	1|0	1	0,1,0
NA20810	0|1	0.76	0.24,0.76,0
NA20811	0|1	1.01	0,0.99,0.01
NA20812	0|1	1.26	0,0.74,0.26
NA20813	0|1	0.72	0.28,0.72,0
NA20815	1|0	1.48	0,0.52,0.48
NA20818	1|0	1	0,1,0
NA20819	0|1	1	0,1,0
NA20826	0|1	1	0,1,0
NA20828	1|0	1	0,1,0
NA18526	0|0	0.01	0.99,0.01,0
NA18532	1|0	0.76	0.24,0.76,0
NA18537	1|1	1.94	0,0.06,0.94
NA18542	0|1	1	0,1,0
NA18545	1|1	2	0,0,1
NA18547	0|0	0	1,0,0
NA18550	0|1	1.42	0,0.58,0.42
NA18552	1|1	1.87	0,0.13,0.87
NA18555	0|0	0.51	0.53,0.43,0.04
NA18558	1|0	0.98	0.02,0.98,0
NA18561	1|0	0.68	0.32,0.68,0
NA18562	1|0	1	0,1,0
NA18563	1|1	1.98	0,0.02,0.98
NA18564	1|1	1.57	0,0.43,0.57
NA18566	0|0	0.3	0.7,0.3,0
NA18570	1|1	2	0,0,1
NA18571	1|0	1.17	0,0.83,0.17
NA18572	0|0	0	1,0,0
NA18573	0|0	0	1,0,0
NA18577	1|0	1	0,1,0
NA18579	0|1	1	0,1,0
NA18582	1|1	1.91	0,0.09,0.91
NA18592	0|1	0.58	0.42,0.58,0
NA18593	0|0	0	1,0,0
NA18603	0|1	0.75	0.25,0.75,0
NA18605	0|1	1	0,1,0
NA18608	1|1	2	0,0,1
NA18609	1|1	2	0,0,1
NA18611	1|0	1	0,1,0
NA18612	1|0	1	0,1,0
NA18620	1|1	2	0,0,1
NA18621	0|0	0	1,0,0
NA18622	0|0	0	1,0,0
NA18623	1|1	1.78	0,0.22,0.78
NA18624	0|0	0.02	0.98,0.02,0
NA18632	1|0	1.13	0,0.87,0.13
NA18633	0|0	0	1,0,0
NA18635	0|0	0.04	0.96,0.04,0
NA18636	1|0	1	0,1,0
NA18637	1|0	1	0,1,0
NA18940	0|1	1	0,1,0
NA18942	0|0	0	1,0,0
NA18943	1|1	1.96	0,0.04,0.96
NA18944	1|1	2	0,0,1
NA18945	1|1	2	0,0,1
NA18947	1|0	1	0,1,0
NA18948	1|1	2	0,0,1
NA18949	1|0	0.79	0.35,0.51,0.14
NA18951	0|1	1.05	0,0.95,0.05
NA18952	0|0	0	1,0,0
NA18953	1|1	2	0,0,1
NA18956	1|1	2	0,0,1
NA18959	1|0	1	0,1,0
NA18960	1|1	2	0,0,1
NA18961	1|0	1.17	0,0.83,0.17
NA18964	1|1	2	0,0,1
NA18965	1|1	1.94	0,0.06,0.94
NA18966	1|0	1	0.01,0.99,0
NA18967	0|0	0	1,0,0
NA18968	1|1	1.99	0,0.01,0.99
NA18969	1|0	1	0,1,0
NA18970	1|1	2	0,0,1
NA18971	1|1	1.96	0,0.04,0.96
NA18972	1|1	2	0,0,1
NA18973	0|1	1	0,1,0
NA18974	0|1	1	0,1,0
NA18975	1|0	1.08	0,0.92,0.08
NA18976	1|1	1.99	0,0.01,0.99
NA18978	0|1	0.95	0.05,0.95,0
NA18980	0|0	0	1,0,0
NA18981	1|0	1.01	0,0.99,0.01
NA18987	1|1	1.98	0,0.02,0.98
NA18990	1|1	2	0,0,1
NA18991	1|0	1	0,1,0
NA18992	0|1	1.37	0,0.63,0.37
NA18994	1|1	1.81	0,0.19,0.81
NA18995	0|1	1.03	0,0.97,0.03
NA18997	1|0	1	0,1,0
NA18998	1|0	1	0,1,0
NA18999	0|1	1	0,1,0
NA19000	0|1	1	0,1,0
NA19003	1|1	1.98	0,0.02,0.98
NA19005	1|1	2	0,0,1
NA19007	1|1	2	0,0,1
NA19012	1|0	0.87	0.13,0.87,0
