NA18498	0|0	1,0,0
NA18502	1|1	0,0.013,0.987
NA18505	1|0	0,1,0
NA18507	1|1	0,0.00199997,0.998
NA18508	0|1	0,1,0
NA18517	1|0	0,0.997,0.003
NA18519	1|1	0,0,1
NA18858	1|1	0,0,1
NA18861	0|1	0,1,0
NA18867	0|1	0.000998987,0.998002,0.000999
NA18870	0|1	0.00700003,0.993,0
NA18910	1|1	0,0,1
NA18912	1|1	0,0.016,0.984
NA19093	1|0	0,1,0
NA19098	1|1	0,0,1
NA19099	0|1	0,0.998,0.002
NA19102	0|0	1,0,0
NA19108	0|1	0.00486,0.96728,0.02786
NA19116	1|1	0,0.000999987,0.999
NA19118	0|1	0,1,0
NA19119	1|1	0,0.000999987,0.999
NA19129	0|0	1,0,0
NA19130	0|1	0.000999987,0.999,0
NA19131	1|0	0,1,0
NA19138	0|0	1,0,0
NA19141	1|0	0,0.998,0.002
NA19143	1|1	0,0.009,0.991
NA19144	1|1	0,0,1
NA19146	0|1	0,1,0
NA19152	1|1	0,0,1
NA19153	1|1	0,0.000999987,0.999
NA19159	1|0	0,0.999,0.001
NA19160	1|1	0,0,1
NA19171	1|1	0,0.017,0.983
NA19189	1|0	0,1,0
NA19200	1|0	0,1,0
NA19201	0|1	0,1,0
NA19204	0|0	0.999,0.001,0
NA19206	0|1	0.00199997,0.998,0
NA19207	0|1	0,1,0
NA19209	0|1	0.00596998,0.98906,0.00497
NA19210	1|1	0,0.00199997,0.998
NA19213	0|1	0.00300002,0.997,0
NA19222	0|0	0.998,0.002,0
NA19223	1|1	2.80002e-05,0.010944,0.989028
NA19240	0|1	0.00199997,0.998,0
NA06985	1|0	0,1,0
NA06991	1|0	0,1,0
NA06993	0|1	0.011,0.989,0
NA06994	0|0	1,0,0
NA07000	1|0	0.000999987,0.999,0
NA07022	0|0	1,0,0
NA07048	1|1	1.39999e-05,0.008972,0.991014
NA07056	0|1	0.00400001,0.996,0
NA07345	1|0	0.00599998,0.994,0
NA07348	0|0	1,0,0
NA07357	0|0	1,0,0
NA10830	1|1	1.50001e-05,0.00797002,0.992015
NA10835	0|0	1,0,0
NA10838	1|1	0,0,1
NA10839	1|0	0,1,0
NA10847	0|1	0.00599998,0.994,0
NA10851	1|1	0,0,1
NA10857	0|1	0,1,0
NA10859	0|1	0,1,0
NA10860	0|1	0,1,0
NA11829	1|0	0.048,0.952,0
NA11830	1|1	0,0,1
NA11831	1|1	0,0.00599998,0.994
NA11832	0|0	1,0,0
NA11840	1|1	0,0,1
NA11881	0|0	1,0,0
NA11992	1|1	0,0.00300002,0.997
NA11994	1|1	0,0.00199997,0.998
NA11995	0|0	1,0,0
NA12003	1|0	0,1,0
NA12004	1|1	0,0.00199997,0.998
NA12005	1|0	0,1,0
NA12006	0|0	1,0,0
NA12043	0|1	0,1,0
NA12044	0|1	0,1,0
NA12056	0|1	0,1,0
NA12144	0|1	0.000999987,0.999,0
NA12145	1|1	7.70002e-05,0.017846,0.982077
NA12146	0|0	0.999,0.001,0
NA12154	1|1	0,0,1
NA12155	1|1	3.9999e-06,0.00399195,0.996004
NA12156	0|0	1,0,0
NA12234	1|1	2.10002e-05,0.00995805,0.990021
NA12249	0|0	1,0,0
NA12716	0|1	0.005,0.995,0
NA12717	1|1	0,0,1
NA12740	1|1	0,0,1
NA12750	1|1	0,0.000999987,0.999
NA12751	0|1	0,0.999,0.001
NA12752	0|1	0,1,0
NA12760	1|1	0,0.00199997,0.998
NA12761	0|1	0,1,0
NA12762	0|1	0,1,0
NA12763	0|1	0.00199597,0.996008,0.001996
NA12802	0|1	0.000999987,0.999,0
NA12812	0|1	0,1,0
NA12813	0|1	0.000999987,0.999,0
NA12815	0|1	0.005,0.995,0
NA12864	0|0	1,0,0
NA12872	0|0	1,0,0
NA12873	0|0	1,0,0
NA12874	0|0	1,0,0
NA12878	1|1	0,0.00400001,0.996
NA12891	1|1	0,0,1
NA20502	1|1	0,0.00199997,0.998
NA20504	0|0	0.999,0.001,0
NA20505	1|0	0.00599998,0.994,0
NA20506	0|0	1,0,0
NA20508	1|1	0,0.00599998,0.994
NA20509	0|1	0.013,0.987,0
NA20510	0|1	0.00199997,0.998,0
NA20512	0|1	0,1,0
NA20515	0|0	0.996,0.004,0
NA20516	1|0	0,1,0
NA20517	0|1	0.00599998,0.994,0
NA20518	0|1	0.00799202,0.991016,0.000992
NA20519	0|0	1,0,0
NA20520	0|0	1,0,0
NA20521	0|0	1,0,0
NA20522	1|0	0.00300002,0.997,0
NA20525	0|1	0.00199997,0.998,0
NA20527	1|0	0,1,0
NA20528	0|1	0,1,0
NA20529	1|0	0,0.999,0.001
NA20530	1|1	1.19998e-05,0.00797596,0.992012
NA20531	1|0	0,0.996,0.004
NA20534	1|0	0,1,0
NA20535	0|0	1,0,0
NA20538	0|0	1,0,0
NA20539	1|1	3.99996e-06,0.004992,0.995004
NA20540	0|0	1,0,0
NA20541	1|1	9.99974e-07,0.00199797,0.998001
NA20542	1|1	0,0,1
NA20543	0|0	1,0,0
NA20544	0|0	1,0,0
NA20581	1|1	0,0.00999999,0.99
NA20582	0|0	1,0,0
NA20585	1|0	0,1,0
NA20586	0|1	0.00599998,0.994,0
NA20588	0|1	0,1,0
NA20589	1|0	0.00300002,0.997,0
NA20752	0|0	0.999,0.001,0
NA20753	1|0	0,1,0
NA20754	0|0	1,0,0
NA20755	0|1	0,1,0
NA20756	0|0	1,0,0
NA20757	0|1	0,1,0
NA20758	1|1	0,0.005,0.995
NA20759	1|1	0,0,1
NA20760	0|1	0.000999987,0.999,0
NA20761	1|1	0,0.005,0.995
NA20765	1|1	0,0.000999987,0.999
NA20766	0|0	0.996,0.004,0
NA20768	1|1	0,0.00599998,0.994
NA20769	0|1	0.021,0.979,0
NA20770	1|0	0,1,0
NA20771	1|1	0,0.000999987,0.999
NA20772	1|1	0,0.00300002,0.997
NA20773	1|1	7.99991e-06,0.00598398,0.994008
NA20774	1|1	0,0.00199997,0.998
NA20775	0|1	0.005,0.995,0
NA20778	1|0	0.00199997,0.998,0
NA20783	1|0	0.00599998,0.994,0
NA20785	0|1	0,1,0
NA20786	1|0	0.000999987,0.999,0
NA20790	0|0	1,0,0
NA20792	0|1	0,1,0
NA20795	0|1	0,1,0
NA20796	1|0	0,1,0
NA20797	0|0	0.999,0.001,0
NA20798	0|1	0.00199797,0.997004,0.000998
NA20799	1|1	0,0,1
NA20800	0|1	0,1,0
NA20801	0|0	0.996,0.004,0
NA20802	0|0	1,0,0
NA20803	1|0	0,1,0
NA20804	1|1	2.99998e-06,0.00399401,0.996003
NA20805	1|0	0.00199997,0.998,0
NA20806	1|1	0,0.00400001,0.996
NA20807	0|1	0,1,0
NA20808	0|1	0,1,0
NA20809	1|0	0,1,0
NA20810	0|0	1,0,0
NA20811	1|1	2.99999e-05,0.01094,0.98903
NA20812	1|0	0.012,0.988,0
NA20813	1|1	9.99974e-07,0.00199797,0.998001
NA20815	1|1	0,0,1
NA20818	1|0	0,1,0
NA20819	1|0	0.000999987,0.999,0
NA20826	1|1	0,0.00199997,0.998
NA20828	1|1	0,0.00199997,0.998
NA18526	1|1	0,0.00199997,0.998
NA18532	0|1	0.0999,0.8992,0.0009
NA18537	1|1	0,0.00800002,0.992
NA18547	1|1	0,0.000999987,0.999
NA18550	0|0	1,0,0
NA18555	1|1	0,0.02,0.98
NA18561	1|0	0.000999987,0.999,0
NA18562	1|1	0,0.000999987,0.999
NA18563	0|0	0.999,0.001,0
NA18566	0|1	0.00400001,0.996,0
NA18572	0|0	1,0,0
NA18577	0|0	0.769,0.231,0
NA18582	0|1	0.016,0.984,0
NA18603	0|0	0.998,0.002,0
NA18605	1|0	0.24,0.76,0
NA18606	0|0	0.935,0.065,0
NA18621	1|0	0.00299102,0.994018,0.002991
NA18622	1|1	0,0,1
NA18628	0|0	1,0,0
NA18632	0|1	0,0.577,0.423
NA18636	0|1	0.00299102,0.994018,0.002991
NA18647	1|0	0.00146798,0.733064,0.265468
NA18942	1|1	0,0,1
NA18943	0|1	0,1,0
NA18945	1|1	9.99974e-07,0.00199797,0.998001
NA18947	1|1	0,0.00199997,0.998
NA18949	1|1	0,0.000999987,0.999
NA18951	0|1	0,1,0
NA18952	0|0	1,0,0
NA18953	1|1	0,0.00199997,0.998
NA18956	0|1	0,0.999,0.001
NA18964	0|0	0.881,0.119,0
NA18965	1|1	5.20002e-05,0.016896,0.983052
NA18973	0|0	1,0,0
NA18974	1|1	6.30005e-05,0.023874,0.976063
NA18977	1|0	0.000999987,0.999,0
NA18980	1|1	0,0.00199997,0.998
NA18987	1|1	8.99997e-05,0.02082,0.97909
NA18990	1|0	0,1,0
NA18994	1|1	0,0,1
NA18995	1|1	0,0.00700003,0.993
NA19000	1|1	0,0.00199997,0.998
NA19003	0|0	0.507314,0.410372,0.082314
NA19010	1|0	0.000987987,0.987024,0.011988
