NA18498	1|1	2	0,0,1
NA18500	1|1	2	0,0,1
NA18501	1|1	2	0,0,1
NA18502	1|1	2	0,0,1
NA18503	1|1	2	0,0,1
NA18504	0|0	0	1,0,0
NA18505	1|1	2	0,0,1
NA18506	1|1	2	0,0,1
NA18507	1|1	2	0,0,1
NA18508	1|1	2	0,0,1
NA18515	1|1	2	0,0,1
NA18516	0|0	0	1,0,0
NA18517	0|1	1	0,1,0
NA18519	0|0	0	1,0,0
NA18521	0|0	0	1,0,0
NA18522	1|1	2	0,0,1
NA18523	0|0	0	1,0,0
NA18852	1|0	1	0,1,0
NA18853	1|1	2	0,0,1
NA18854	1|1	2	0,0,1
NA18855	1|1	2	0,0,1
NA18856	1|1	2	0,0,1
NA18857	1|1	2	0,0,1
NA18858	1|0	1	0,1,0
NA18859	1|1	2	0,0,1
NA18860	0|0	0	1,0,0
NA18861	1|0	1	0,1,0
NA18862	1|1	2	0,0,1
NA18863	0|0	0	1,0,0
NA18867	1|1	2	0,0,1
NA18870	1|1	1.93	0,0.07,0.93
NA18871	1|1	2	0,0,1
NA18872	1|1	2	0,0,1
NA18910	0|0	0	1,0,0
NA18912	1|0	1	0,1,0
NA18913	1|1	2	0,0,1
NA18914	1|1	2	0,0,1
NA19027	0|0	0	1,0,0
NA19028	1|1	2	0,0,1
NA19031	1|1	2	0,0,1
NA19035	1|1	2	0,0,1
NA19036	1|0	1	0,1,0
NA19038	0|1	1	0,1,0
NA19041	1|1	2	0,0,1
NA19092	1|1	2	0,0,1
NA19093	1|1	2	0,0,1
NA19094	1|1	2	0,0,1
NA19098	1|1	2	0,0,1
NA19099	0|1	1	0,1,0
NA19100	0|1	1	0,1,0
NA19101	0|0	0	1,0,0
NA19102	1|1	2	0,0,1
NA19103	1|1	2	0,0,1
NA19108	0|1	1	0,1,0
NA19116	1|0	1	0,1,0
NA19118	1|1	2	0,0,1
NA19119	1|1	2	0,0,1
NA19120	1|1	2	0,0,1
NA19127	0|1	1	0,1,0
NA19128	0|0	0	1,0,0
NA19129	0|0	0	1,0,0
NA19130	1|1	2	0,0,1
NA19131	1|0	1	0,1,0
NA19132	1|0	1	0,1,0
NA19137	0|0	0	1,0,0
NA19138	1|1	2	0,0,1
NA19139	0|0	0	1,0,0
NA19140	0|0	0	1,0,0
NA19141	1|0	1.04	0,0.96,0.04
NA19142	0|0	0	1,0,0
NA19143	0|1	1	0,1,0
NA19144	1|1	2	0,0,1
NA19145	1|1	2	0,0,1
NA19146	0|0	0	1,0,0
NA19150	1|1	2	0,0,1
NA19152	0|1	1	0,1,0
NA19153	1|1	2	0,0,1
NA19154	1|1	2	0,0,1
NA19159	1|0	1	0,1,0
NA19160	0|0	0	1,0,0
NA19161	0|0	0	1,0,0
NA19171	1|1	2	0,0,1
NA19172	1|0	1	0,1,0
NA19173	1|1	2	0,0,1
NA19189	0|0	0	1,0,0
NA19200	1|1	2	0,0,1
NA19201	1|0	0.78	0.22,0.78,0
NA19202	0|1	1	0,1,0
NA19203	1|1	2	0,0,1
NA19204	1|1	2	0,0,1
NA19205	1|1	2	0,0,1
NA19206	1|0	1	0,1,0
NA19207	0|0	0	1,0,0
NA19208	0|0	0	1,0,0
NA19209	1|1	2	0,0,1
NA19210	1|1	2	0,0,1
NA19211	1|1	2	0,0,1
NA19213	1|1	2	0,0,1
NA19221	1|0	1	0,1,0
NA19222	1|1	2	0,0,1
NA19223	0|0	0	1,0,0
NA19238	1|0	1	0,1,0
NA19239	1|0	1.24	0,0.76,0.24
NA19240	1|1	2	0,0,1
NA19307	0|0	0	1,0,0
NA19308	1|1	2	0,0,1
NA19309	1|1	2	0,0,1
NA19310	1|1	2	0,0,1
NA19314	1|1	2	0,0,1
NA19315	1|1	2	0,0,1
NA19316	1|0	1	0,1,0
NA19317	0|0	0	1,0,0
NA19319	1|1	2	0,0,1
NA19321	0|0	0.05	0.95,0.05,0
NA19324	1|1	2	0,0,1
NA19327	0|0	0	1,0,0
NA19328	1|1	2	0,0,1
NA19332	1|1	2	0,0,1
NA19334	1|1	2	0,0,1
NA19346	1|1	2	0,0,1
NA19347	0|0	0	1,0,0
NA19350	1|1	2	0,0,1
NA19360	1|1	2	0,0,1
NA19372	1|1	2	0,0,1
NA19374	1|1	2	0,0,1
NA19375	0|0	0	1,0,0
NA19376	1|1	2	0,0,1
NA19377	0|1	1	0,1,0
NA19379	1|1	2	0,0,1
NA19380	1|1	1.99	0,0.01,0.99
NA19384	0|0	0	1,0,0
NA19385	0|0	0.69	0.42,0.46,0.12
NA19390	1|1	1.99	0,0.01,0.99
NA19391	1|0	1	0,1,0
NA19393	0|0	0	1,0,0
NA19394	0|0	0	1,0,0
NA19397	1|1	2	0,0,1
NA19399	0|0	0	1,0,0
NA19403	0|0	0	1,0,0
NA19404	1|1	2	0,0,1
NA19428	0|0	0.03	0.97,0.03,0
NA19429	0|0	0	1,0,0
NA19430	0|0	0	1,0,0
NA19431	1|1	2	0,0,1
NA19434	0|0	0	1,0,0
NA19435	1|1	1.67	0,0.33,0.67
NA19436	0|1	1	0,1,0
NA19437	1|0	1	0,1,0
NA19438	1|1	2	0,0,1
NA19439	1|1	2	0,0,1
NA19440	1|0	1	0,1,0
NA19443	0|0	0	1,0,0
NA19445	0|1	1.01	0,0.99,0.01
NA19446	1|1	2	0,0,1
NA19448	1|1	2	0,0,1
NA19449	0|1	1	0,1,0
NA19451	1|1	2	0,0,1
NA19452	0|0	0	1,0,0
NA19455	1|1	2	0,0,1
NA19456	1|1	2	0,0,1
NA19457	0|1	1	0,1,0
NA19462	1|0	1	0,1,0
NA19463	1|0	1	0,1,0
NA19466	0|0	0	1,0,0
NA19467	0|0	0	1,0,0
NA19468	1|1	2	0,0,1
NA19471	0|1	1	0,1,0
NA19472	1|0	1	0,1,0
NA19473	0|1	1	0,1,0
NA19474	1|1	2	0,0,1
NA06985	0|0	0	1,0,0
NA06991	1|0	1	0,1,0
NA06993	1|1	2	0,0,1
NA06994	0|0	0	1,0,0
NA07000	0|1	1	0,1,0
NA07019	0|0	0	1,0,0
NA07022	0|0	0	1,0,0
NA07029	1|1	2	0,0,1
NA07034	1|1	2	0,0,1
NA07048	0|0	0	1,0,0
NA07055	0|0	0	1,0,0
NA07056	0|0	0	1,0,0
NA07345	0|0	0	1,0,0
NA07348	0|0	0	1,0,0
NA07357	0|0	0	1,0,0
NA10830	0|0	0	1,0,0
NA10831	0|0	0	1,0,0
NA10835	0|0	0	1,0,0
NA10838	0|0	0	1,0,0
NA10839	1|0	1	0,1,0
NA10846	0|0	0	1,0,0
NA10847	1|0	1	0,1,0
NA10851	0|0	0	1,0,0
NA10854	0|0	0	1,0,0
NA10855	0|0	0	1,0,0
NA10856	0|0	0	1,0,0
NA10857	0|0	0	1,0,0
NA10859	0|1	1	0,1,0
NA10860	0|0	0	1,0,0
NA10861	1|0	1	0,1,0
NA10863	0|0	0	1,0,0
NA11829	0|0	0	1,0,0
NA11830	0|0	0	1,0,0
NA11831	0|0	0.26	0.74,0.26,0
NA11832	0|0	0	1,0,0
NA11839	0|0	0	1,0,0
NA11840	0|0	0	1,0,0
NA11881	0|0	0	1,0,0
NA11882	1|1	2	0,0,1
NA11992	0|0	0	1,0,0
NA11993	0|0	0	1,0,0
NA11994	0|0	0	1,0,0
NA11995	1|0	1	0,1,0
NA12003	0|0	0	1,0,0
NA12004	1|0	1	0,1,0
NA12005	1|1	2	0,0,1
NA12006	0|1	1	0,1,0
NA12043	0|0	0	1,0,0
NA12044	0|1	1	0,1,0
NA12056	1|1	2	0,0,1
NA12057	0|0	0	1,0,0
NA12144	0|0	0	1,0,0
NA12145	0|0	0.49	0.51,0.49,0
NA12146	0|0	0.07	0.93,0.07,0
NA12154	0|0	0	1,0,0
NA12155	0|0	0	1,0,0
NA12156	1|0	1	0,1,0
NA12234	0|0	0	1,0,0
NA12236	1|0	1	0,1,0
NA12239	0|1	1	0,1,0
NA12248	0|0	0	1,0,0
NA12249	0|0	0	1,0,0
NA12264	0|0	0	1,0,0
NA12707	1|1	2	0,0,1
NA12716	0|0	0	1,0,0
NA12717	0|1	1	0,1,0
NA12740	0|0	0	1,0,0
NA12750	0|0	0	1,0,0
NA12751	0|0	0	1,0,0
NA12752	1|1	2	0,0,1
NA12753	0|0	0	1,0,0
NA12760	0|0	0	1,0,0
NA12761	1|1	2	0,0,1
NA12762	0|0	0	1,0,0
NA12763	0|1	1	0,1,0
NA12801	0|0	0	1,0,0
NA12802	0|1	1	0,1,0
NA12812	1|1	2	0,0,1
NA12813	0|0	0	1,0,0
NA12814	1|1	2	0,0,1
NA12815	0|0	0	1,0,0
NA12864	1|1	2	0,0,1
NA12865	1|0	1	0,1,0
NA12872	0|0	0	1,0,0
NA12873	1|1	2	0,0,1
NA12874	1|1	2	0,0,1
NA12875	1|0	0.62	0.38,0.62,0
NA12878	1|0	1	0,1,0
NA12891	0|0	0	1,0,0
NA12892	0|1	1	0,1,0
NA20502	0|0	0	1,0,0
NA20504	1|0	1	0,1,0
NA20505	1|0	1	0,1,0
NA20506	0|0	0.37	0.63,0.37,0
NA20508	0|0	0	1,0,0
NA20509	0|0	0	1,0,0
NA20510	1|1	2	0,0,1
NA20512	0|0	0	1,0,0
NA20515	0|0	0	1,0,0
NA20516	0|0	0	1,0,0
NA20517	1|0	1	0,1,0
NA20518	0|0	0	1,0,0
NA20519	1|1	2	0,0,1
NA20520	0|0	0	1,0,0
NA20521	0|0	0	1,0,0
NA20522	0|0	0	1,0,0
NA20524	0|0	0	1,0,0
NA20525	1|1	2	0,0,1
NA20527	0|0	0	1,0,0
NA20528	0|0	0	1,0,0
NA20529	1|0	1	0,1,0
NA20530	0|0	0	1,0,0
NA20531	0|0	0	1,0,0
NA20534	1|1	2	0,0,1
NA20535	0|0	0	1,0,0
NA20538	0|0	0	1,0,0
NA20539	0|0	0	1,0,0
NA20540	0|0	0	1,0,0
NA20541	0|0	0	1,0,0
NA20542	0|0	0	1,0,0
NA20543	1|1	2	0,0,1
NA20544	0|0	0	1,0,0
NA20581	0|0	0	1,0,0
NA20582	0|1	1	0,1,0
NA20585	0|0	0	1,0,0
NA20586	1|1	2	0,0,1
NA20588	0|0	0	1,0,0
NA20589	0|0	0	1,0,0
NA20752	0|0	0	1,0,0
NA20753	1|0	1	0,1,0
NA20754	0|0	0	1,0,0
NA20755	0|0	0	1,0,0
NA20756	0|0	0	1,0,0
NA20757	1|0	1	0,1,0
NA20758	0|0	0	1,0,0
NA20759	0|0	0	1,0,0
NA20760	0|0	0	1,0,0
NA20761	0|0	0	1,0,0
NA20765	0|0	0	1,0,0
NA20766	0|0	0	1,0,0
NA20768	0|0	0	1,0,0
NA20769	0|0	0	1,0,0
NA20770	1|1	2	0,0,1
NA20771	0|0	0	1,0,0
NA20772	1|0	1	0,1,0
NA20773	0|0	0	1,0,0
NA20774	0|0	0	1,0,0
NA20778	0|0	0	1,0,0
NA20783	0|0	0	1,0,0
NA20785	0|0	0	1,0,0
NA20786	1|0	1	0,1,0
NA20787	0|0	0	1,0,0
NA20790	0|0	0.01	0.99,0.01,0
NA20792	0|0	0	1,0,0
NA20795	1|0	0.99	0.01,0.99,0
NA20796	1|1	2	0,0,1
NA20797	1|0	1	0,1,0
NA20798	0|0	0	1,0,0
NA20799	1|0	1	0,1,0
NA20800	0|0	0	1,0,0
NA20801	1|1	2	0,0,1
NA20802	0|1	1	0,1,0
NA20804	0|0	0.01	0.99,0.01,0
NA20805	0|0	0	1,0,0
NA20806	0|0	0	1,0,0
NA20807	0|0	0	1,0,0
NA20808	1|1	2	0,0,1
NA20809	0|0	0	1,0,0
NA20810	0|0	0	1,0,0
NA20811	0|0	0	1,0,0
NA20812	0|0	0	1,0,0
NA20813	0|0	0.18	0.82,0.18,0
NA20815	0|0	0	1,0,0
NA20818	0|0	0.21	0.79,0.21,0
NA20819	0|1	1	0,1,0
NA20826	0|0	0	1,0,0
NA20828	0|0	0	1,0,0
NA18526	1|1	2	0,0,1
NA18532	1|0	0.8	0.2,0.8,0
NA18537	1|1	1.99	0,0.01,0.99
NA18542	1|1	2	0,0,1
NA18545	1|1	2	0,0,1
NA18547	1|1	1.8	0,0.2,0.8
NA18550	1|1	1.84	0,0.16,0.84
NA18552	0|1	1	0,1,0
NA18555	0|1	1	0,1,0
NA18558	1|1	2	0,0,1
NA18561	1|0	0.79	0.25,0.71,0.04
NA18562	1|0	1.22	0,0.78,0.22
NA18563	0|0	0	1,0,0
NA18564	1|1	2	0,0,1
NA18566	1|0	0.72	0.28,0.72,0
NA18570	1|1	2	0,0,1
NA18571	1|1	2	0,0,1
NA18572	1|1	2	0,0,1
NA18573	1|1	2	0,0,1
NA18577	1|1	2	0,0,1
NA18579	0|1	1	0,1,0
NA18582	0|0	0	1,0,0
NA18592	1|1	2	0,0,1
NA18593	1|1	2	0,0,1
NA18603	1|0	1.4	0,0.6,0.4
NA18605	1|1	2	0,0,1
NA18608	1|1	2	0,0,1
NA18609	1|1	2	0,0,1
NA18611	1|1	2	0,0,1
NA18612	1|1	2	0,0,1
NA18620	0|0	0	1,0,0
NA18621	0|0	0.66	0.45,0.45,0.1
NA18622	1|1	2	0,0,1
NA18623	1|1	2	0,0,1
NA18624	1|1	2	0,0,1
NA18632	1|1	1.74	0,0.26,0.74
NA18633	0|0	0	1,0,0
NA18635	1|1	2	0,0,1
NA18636	1|1	2	0,0,1
NA18637	1|1	2	0,0,1
NA18940	0|0	0.12	0.88,0.12,0
NA18942	1|1	2	0,0,1
NA18943	1|1	1.79	0.01,0.19,0.8
NA18944	1|1	2	0,0,1
NA18945	0|0	0	1,0,0
NA18947	1|0	1.13	0,0.87,0.13
NA18948	1|1	2	0,0,1
NA18949	0|0	0.05	0.95,0.05,0
NA18951	1|0	1.14	0,0.86,0.14
NA18952	0|0	0.29	0.73,0.26,0.02
NA18953	0|0	0	1,0,0
NA18956	1|1	2	0,0,1
NA18959	1|1	2	0,0,1
NA18960	0|0	0	1,0,0
NA18961	1|1	2	0,0,1
NA18964	1|1	2	0,0,1
NA18965	1|1	2	0,0,1
NA18966	0|0	0	1,0,0
NA18967	1|1	2	0,0,1
NA18968	1|0	1	0,1,0
NA18969	1|1	1.92	0,0.08,0.92
NA18970	1|1	1.87	0,0.13,0.87
NA18971	1|1	2	0,0,1
NA18972	0|1	1.01	0,0.99,0.01
NA18973	1|1	2	0,0,1
NA18974	1|1	2	0,0,1
NA18975	1|0	1	0,1,0
NA18976	0|1	0.98	0.02,0.98,0
NA18978	1|0	1	0,1,0
NA18980	1|1	2	0,0,1
NA18981	0|1	1	0,1,0
NA18987	1|1	1.37	0.1,0.43,0.47
NA18990	1|1	1.98	0,0.02,0.98
NA18991	0|1	0.85	0.15,0.85,0
NA18992	0|1	1	0,1,0
NA18994	0|0	0	1,0,0
NA18995	1|1	2	0,0,1
NA18997	0|1	1	0,1,0
NA18998	1|1	2	0,0,1
NA18999	1|1	2	0,0,1
NA19000	1|0	1.01	0,0.99,0.01
NA19003	1|0	1	0,1,0
NA19005	1|1	2	0,0,1
NA19007	0|0	0.03	0.97,0.03,0
NA19012	1|1	2	0,0,1
