NA11829	1	0.85	0.15,0.85
NA11830	1|0	1	0,1,0
NA11831	0	0	1,0
NA11832	1|0	1	0,1,0
NA11840	0|0	0	1,0,0
NA11881	0	0	1,0
NA11994	0	0	1,0
NA11995	1|1	2	0,0,1
NA12004	1|0	1	0,1,0
NA12005	1	1	0,1
NA12043	1	1	0,1
NA12044	0|0	0	1,0,0
NA12144	1	1	0,1
NA12154	0	0.06	0.94,0.06
NA12155	0	0	1,0
NA12156	0|0	0	1,0,0
NA12234	0|0	0	1,0,0
NA12717	1|1	2	0,0,1
NA12750	0	0	1,0
NA12760	0	0	1,0
NA12761	1|0	1	0,1,0
NA12762	1	1	0,1
NA12763	0|0	0	1,0,0
NA12812	1	1	0,1
NA12813	0|0	0	1,0,0
NA12814	0	0	1,0
NA12815	1|0	1	0,1,0
NA12872	0	0	1,0
NA12873	0|0	0	1,0,0
NA12874	1	1	0,1
NA12878	0|0	0.05	0.95,0.04,0.01
