NA18526	0|1	1.43	0,0.57,0.43
NA18532	1|0	1	0,1,0
NA18537	1|1	1.99	0,0.01,0.99
NA18542	1|1	2	0,0,1
NA18545	0|1	1.02	0,0.98,0.02
NA18547	1|1	1.97	0,0.03,0.97
NA18550	1|1	2	0,0,1
NA18552	1|1	1.68	0.01,0.3,0.69
NA18555	0|1	0.83	0.17,0.83,0
NA18558	1|1	2	0,0,1
NA18561	1|1	1.83	0,0.17,0.83
NA18562	0|1	1.06	0,0.94,0.06
NA18563	0|0	0	1,0,0
NA18564	1|1	2	0,0,1
NA18566	0|1	1	0,1,0
NA18570	1|1	2	0,0,1
NA18571	1|1	1.82	0.01,0.17,0.82
NA18572	1|1	2	0,0,1
NA18573	1|1	2	0,0,1
NA18577	1|1	2	0,0,1
NA18579	1|0	1	0,1,0
NA18582	0|0	0	1,0,0
NA18592	1|1	2	0,0,1
NA18593	1|1	2	0,0,1
NA18603	1|1	1.67	0,0.32,0.67
NA18605	1|1	1.97	0,0.03,0.97
NA18608	1|1	2	0,0,1
NA18609	1|1	2	0,0,1
NA18611	1|1	2	0,0,1
NA18612	1|1	2	0,0,1
NA18620	0|0	0	1,0,0
NA18621	1|1	2	0,0,1
NA18622	1|1	2	0,0,1
NA18623	1|1	2	0,0,1
NA18624	1|1	2	0,0,1
NA18632	1|1	1.93	0,0.07,0.93
NA18633	0|0	0	1,0,0
NA18635	1|1	2	0,0,1
NA18636	1|1	2	0,0,1
NA18637	1|1	2	0,0,1
NA18940	0|0	0.31	0.69,0.31,0
NA18942	1|1	2	0,0,1
NA18943	1|1	1.82	0.01,0.17,0.83
NA18944	1|1	2	0,0,1
NA18945	0|0	0	1,0,0
NA18947	1|0	1	0,1,0
NA18948	1|1	2	0,0,1
NA18949	0|1	1	0,1,0
NA18951	1|1	1.83	0,0.17,0.83
NA18952	1|0	1.43	0,0.57,0.43
NA18953	0|0	0	1,0,0
NA18956	1|1	2	0,0,1
NA18959	1|1	2	0,0,1
NA18960	0|0	0	1,0,0
NA18961	1|1	2	0,0,1
NA18964	1|1	1.87	0,0.13,0.87
NA18965	1|1	2	0,0,1
NA18966	0|0	0	1,0,0
NA18967	1|1	2	0,0,1
NA18968	0|1	1	0,1,0
NA18969	1|1	1.97	0,0.03,0.97
NA18970	1|1	1.67	0,0.33,0.67
NA18971	1|1	2	0,0,1
NA18972	1|1	1.91	0,0.09,0.91
NA18973	1|1	2	0,0,1
NA18974	1|1	2	0,0,1
NA18975	1|0	1	0,1,0
NA18976	1|0	1	0,1,0
NA18978	1|0	1	0,1,0
NA18980	1|1	2	0,0,1
NA18981	1|0	1	0,1,0
NA18987	0|1	1.45	0.02,0.51,0.47
NA18990	1|1	1.89	0,0.1,0.89
NA18991	0|1	0.9	0.11,0.89,0
NA18992	0|1	1	0,1,0
NA18994	0|0	0	1,0,0
NA18995	1|1	2	0,0,1
NA18997	1|0	1	0,1,0
NA18998	1|1	2	0,0,1
NA18999	1|1	2	0,0,1
NA19000	1|1	1.54	0,0.46,0.54
NA19003	1|0	1	0,1,0
NA19005	1|1	2	0,0,1
NA19007	0|0	0.03	0.97,0.03,0
NA19012	1|1	2	0,0,1
