NA18498	1|1	0,0,1
NA18500	1|1	0,0,1
NA18501	1|1	0,0.00400001,0.996
NA18502	1|1	0,0,1
NA18503	1|1	0,0.005,0.995
NA18504	1|1	0,0,1
NA18505	1|1	1.60001e-05,0.00796802,0.992016
NA18506	1|0	0.00299702,0.996006,0.000997
NA18507	1|1	1.39999e-05,0.008972,0.991014
NA18508	0|1	0.00398401,0.992032,0.003984
NA18515	1|1	0,0,1
NA18516	1|1	0,0.00800002,0.992
NA18517	0|1	0,0.998,0.002
NA18519	1|1	0,0.005,0.995
NA18521	0|1	0,1,0
NA18522	1|0	0.000999987,0.999,0
NA18523	1|1	0,0,1
NA18852	0|1	0,0.973,0.027
NA18853	1|1	0,0,1
NA18854	1|1	0,0,1
NA18855	1|1	0,0.024,0.976
NA18856	0|1	0,0.999,0.001
NA18857	1|0	0,0.995,0.005
NA18858	1|1	0,0.00599998,0.994
NA18859	1|0	0.00299402,0.995012,0.001994
NA18860	1|0	0,1,0
NA18861	1|1	0,0.00199997,0.998
NA18862	1|1	0,0.000999987,0.999
NA18863	1|1	0,0.000999987,0.999
NA18867	0|0	1,0,0
NA18870	1|1	0,0.00400001,0.996
NA18871	0|1	0,1,0
NA18872	0|1	0.000999987,0.999,0
NA18910	1|1	0,0,1
NA18912	1|1	0,0.000999987,0.999
NA18913	0|1	0.024,0.976,0
NA18914	0|1	0,1,0
NA19027	1|1	0,0.00400001,0.996
NA19028	1|1	3.79995e-05,0.038924,0.961038
NA19031	1|1	0,0,1
NA19035	1|1	0,0,1
NA19036	1|1	0,0.011,0.989
NA19038	1|0	0.00199997,0.998,0
NA19041	1|1	5.99991e-06,0.00698797,0.993006
NA19092	1|1	0,0.00599998,0.994
NA19093	1|1	0,0.081,0.919
NA19094	1|1	0,0,1
NA19098	1|1	0,0,1
NA19099	1|1	0,0.036,0.964
NA19100	1|1	0,0.00199997,0.998
NA19101	1|1	0,0.012,0.988
NA19102	0|1	0,0.994,0.006
NA19103	1|1	0,0.00199997,0.998
NA19108	1|1	0,0.014,0.986
NA19116	1|1	4.19995e-05,0.042916,0.957042
NA19118	0|1	0,1,0
NA19119	1|1	0.000105001,0.03779,0.962105
NA19120	1|1	2.59997e-05,0.014948,0.985026
NA19127	1|1	0,0.00999999,0.99
NA19128	1|1	0,0.00800002,0.992
NA19129	1|1	0,0,1
NA19130	1|1	0,0.000999987,0.999
NA19131	1|1	0,0,1
NA19132	1|1	0,0.00400001,0.996
NA19137	1|1	5.99991e-06,0.00698797,0.993006
NA19138	1|1	0,0,1
NA19139	1|1	0,0,1
NA19140	1|1	0,0.00700003,0.993
NA19141	1|1	0,0.019,0.981
NA19142	1|1	0,0,1
NA19143	1|1	0,0,1
NA19144	1|1	0,0.011,0.989
NA19145	1|1	0,0,1
NA19146	1|0	0.00197797,0.987044,0.010978
NA19150	1|1	0,0.005,0.995
NA19152	1|0	0,1,0
NA19153	1|1	0,0.000999987,0.999
NA19154	0|1	0,1,0
NA19159	1|1	0,0,1
NA19160	1|1	0,0,1
NA19161	1|1	0,0,1
NA19171	0|1	0,1,0
NA19172	1|1	0,0.000999987,0.999
NA19173	1|1	0,0.000999987,0.999
NA19189	1|1	0,0,1
NA19200	1|1	0,0,1
NA19201	1|1	0,0,1
NA19202	1|1	0,0,1
NA19203	1|1	0,0.018,0.982
NA19204	1|1	0,0,1
NA19205	1|1	0,0,1
NA19206	1|0	0,1,0
NA19207	1|1	0,0,1
NA19208	1|1	0,0,1
NA19209	1|1	0,0.013,0.987
NA19210	1|1	0,0,1
NA19211	1|1	0,0,1
NA19213	0|1	0.00800002,0.992,0
NA19221	1|1	0,0.015,0.985
NA19222	1|1	0,0,1
NA19223	1|1	3.00002e-05,0.01294,0.98703
NA19238	1|1	4.90004e-05,0.0139021,0.986049
NA19239	1|1	0,0,1
NA19240	1|1	0,0.000999987,0.999
NA19307	1|1	0,0.00199997,0.998
NA19308	1|1	0,0.00300002,0.997
NA19309	1|1	2.59997e-05,0.014948,0.985026
NA19310	1|0	0.000999987,0.999,0
NA19314	1|0	0.00199997,0.998,0
NA19315	1|0	0,0.993,0.007
NA19316	0|1	0,1,0
NA19317	1|1	0,0.023,0.977
NA19319	0|1	0,0.994,0.006
NA19321	1|1	1.20001e-05,0.00697603,0.993012
NA19324	1|1	7.00002e-05,0.01686,0.98307
NA19327	0|1	0.009,0.991,0
NA19328	1|1	0,0.012,0.988
NA19332	0|1	0.038,0.962,0
NA19334	1|1	0,0.016,0.984
NA19346	1|1	0,0.000999987,0.999
NA19347	1|1	0,0.00800002,0.992
NA19350	1|1	4.50003e-05,0.01791,0.982045
NA19360	0|1	0.00400001,0.996,0
NA19372	1|1	0,0.000999987,0.999
NA19374	1|1	5.99998e-05,0.01588,0.98406
NA19375	0|1	0,0.994,0.006
NA19376	1|1	1.19998e-05,0.00797596,0.992012
NA19377	1|1	0,0.009,0.991
NA19379	1|1	0,0.00199997,0.998
NA19380	1|1	5.20002e-05,0.016896,0.983052
NA19384	1|1	0,0.009,0.991
NA19385	1|1	0,0.000999987,0.999
NA19390	1|0	0.00599998,0.994,0
NA19391	0|1	0.013,0.987,0
NA19393	0|1	0,0.982,0.018
NA19394	1|1	0,0,1
NA19397	1|1	0,0,1
NA19399	1|1	0.000563993,0.282872,0.716564
NA19403	1|1	0,0.000999987,0.999
NA19404	1|1	0,0.009,0.991
NA19428	1|1	0,0.00199997,0.998
NA19429	1|0	0,1,0
NA19430	1|0	0,0.997,0.003
NA19431	1|1	2.10002e-05,0.00995805,0.990021
NA19434	1|1	0,0.00199997,0.998
NA19435	1|1	0,0,1
NA19436	1|1	9.00013e-06,0.00598204,0.994009
NA19437	1|1	0,0.00800002,0.992
NA19438	0|1	0.00300002,0.997,0
NA19439	1|1	1.39998e-05,0.014972,0.985014
NA19440	1|1	0,0,1
NA19443	1|1	0,0,1
NA19445	1|1	2e-05,0.00896,0.99102
NA19446	0|0	0.99,0.01,0
NA19448	1|0	0.00999999,0.99,0
NA19449	1|1	0,0.00199997,0.998
NA19451	1|0	0,1,0
NA19452	1|1	0.000108,0.023784,0.976108
NA19455	1|1	0,0,1
NA19456	1|1	0,0.00199997,0.998
NA19457	1|1	0,0.000999987,0.999
NA19462	1|0	0.02982,0.96436,0.00582
NA19463	1|1	0,0.005,0.995
NA19466	1|1	0,0,1
NA19467	1|1	6.30003e-05,0.015874,0.984063
NA19468	1|1	0,0.005,0.995
NA19471	1|0	0,1,0
NA19472	1|1	0,0.00599998,0.994
NA19473	1|1	7.50005e-05,0.02785,0.972075
NA19474	1|1	0,0.000999987,0.999
