NA18498	1|1	1.26	0.13,0.49,0.39
NA18502	0|0	0	1,0,0
NA18505	0|0	0	1,0,0
NA18507	0|0	0.41	0.63,0.33,0.04
NA18508	0|0	0.44	0.56,0.44,0
NA18517	1|0	0.79	0.21,0.79,0
NA18519	0|0	0	1,0,0
NA18867	0|0	0	1,0,0
NA18870	0|1	1	0,1,0
NA18910	0|0	0.01	0.99,0.01,0
NA19092	0|0	0	1,0,0
NA19098	0|0	0	1,0,0
NA19099	1|0	1.02	0,0.98,0.02
NA19102	1|0	1	0,1,0
NA19108	0|1	1	0,1,0
NA19118	0|1	0.96	0.04,0.96,0
NA19119	0|0	0.15	0.85,0.14,0
NA19129	1|1	2	0,0,1
NA19130	1|1	2	0,0,1
NA19141	0|0	0	1,0,0
NA19146	0|0	0	1,0,0
NA19150	0|0	0.01	0.99,0.01,0
NA19152	0|0	0.27	0.73,0.27,0
NA19160	1|0	1	0,1,0
NA19171	0|0	0	1,0,0
NA19189	0|0	0	1,0,0
NA19204	1|0	1	0,1,0
NA19206	1|0	1.22	0,0.78,0.22
NA19207	1|1	2	0,0,1
NA19209	0|1	1	0,1,0
NA19213	1|1	1.9	0,0.1,0.9
NA19240	1|1	2	0,0,1
NA11829	0|0	0	1,0,0
NA11830	1|1	2	0,0,1
NA11831	1|1	2	0,0,1
NA11832	1|0	1.12	0,0.88,0.12
NA11840	1|0	1	0,1,0
NA11881	1|0	1	0,1,0
NA11994	1|1	2	0,0,1
NA11995	0|0	0.12	0.88,0.12,0
NA12004	0|0	0.01	0.99,0.01,0
NA12005	1|0	1	0,1,0
NA12043	0|0	0	1,0,0
NA12044	0|1	1.09	0.01,0.88,0.1
NA12144	0|0	0	1,0,0
NA12154	1|1	1.91	0,0.09,0.91
NA12155	1|1	1.54	0,0.46,0.54
NA12156	0|0	0	1,0,0
NA12234	1|1	2	0,0,1
NA12717	0|0	0	1,0,0
NA12750	1|1	1.99	0,0.01,0.99
NA12760	0|0	0	1,0,0
NA12762	0|0	0	1,0,0
NA12763	1|0	1	0,1,0
NA12812	0|0	0	1,0,0
NA12813	0|0	0.15	0.86,0.14,0.01
NA12814	0|0	0	1,0,0
NA12815	0|1	1.14	0,0.86,0.14
NA12872	0|0	0.5	0.53,0.44,0.03
NA12873	0|0	0.26	0.74,0.25,0
NA12874	0|0	0	1,0,0
NA12878	1|1	2	0,0,1
NA18526	0|0	0	1,0,0
NA18537	0|0	0.01	0.99,0.01,0
NA18550	0|0	0.25	0.76,0.24,0.01
NA18555	1|0	1.48	0,0.52,0.48
NA18562	0|0	0.11	0.89,0.1,0
NA18563	1|1	2	0,0,1
NA18582	0|0	0.02	0.98,0.02,0
NA18603	0|0	0	1,0,0
NA18606	0|1	1.14	0.05,0.76,0.19
NA18621	0|0	0.02	0.98,0.02,0
NA18622	0|1	1.11	0.04,0.81,0.15
NA18628	0|1	1	0,1,0
NA18632	0|0	0	1,0,0
NA18636	1|1	1.44	0.08,0.41,0.51
NA18647	0|0	0.11	0.89,0.11,0
NA18942	1|0	0.99	0.01,0.99,0
NA18945	1|1	2	0,0,1
NA18947	1|0	0.56	0.44,0.56,0
NA18951	0|1	0.61	0.42,0.55,0.03
NA18952	1|1	2	0,0,1
NA18953	1|1	2	0,0,1
NA18965	1|1	1.68	0.02,0.27,0.71
NA18970	0|0	0	1,0,0
NA18977	0|0	0	1,0,0
NA18987	1|0	1	0,1,0
NA18990	1|1	1.57	0.04,0.35,0.61
NA18995	0|0	0	1,0,0
NA19003	1|0	1	0,1,0
NA19010	0|0	0.35	0.66,0.32,0.01
