NA18498	1|1	1.26	0.13,0.49,0.39
NA18502	0|0	0	1,0,0
NA18505	0|0	0	1,0,0
NA18507	0|0	0.41	0.63,0.33,0.04
NA18508	0|0	0.44	0.56,0.44,0
NA18517	1|0	0.79	0.21,0.79,0
NA18519	0|0	0	1,0,0
NA18867	0|0	0	1,0,0
NA18870	0|1	1	0,1,0
NA18910	0|0	0.01	0.99,0.01,0
NA19092	0|0	0	1,0,0
NA19098	0|0	0	1,0,0
NA19099	1|0	1.02	0,0.98,0.02
NA19102	1|0	1	0,1,0
NA19108	0|1	1	0,1,0
NA19118	0|1	0.96	0.04,0.96,0
NA19119	0|0	0.15	0.85,0.14,0
NA19129	1|1	2	0,0,1
NA19130	1|1	2	0,0,1
NA19141	0|0	0	1,0,0
NA19146	0|0	0	1,0,0
NA19150	0|0	0.01	0.99,0.01,0
NA19152	0|0	0.27	0.73,0.27,0
NA19160	1|0	1	0,1,0
NA19171	0|0	0	1,0,0
NA19189	0|0	0	1,0,0
NA19204	1|0	1	0,1,0
NA19206	1|0	1.22	0,0.78,0.22
NA19207	1|1	2	0,0,1
NA19209	0|1	1	0,1,0
NA19213	1|1	1.9	0,0.1,0.9
NA19240	1|1	2	0,0,1
