NA18498	1|1	2	0,0,1
NA18502	0|0	0	1,0,0
NA18505	1|0	1.04	0,0.96,0.04
NA18507	1|1	2	0,0,1
NA18508	1|1	2	0,0,1
NA18517	1|1	2	0,0,1
NA18519	1|1	2	0,0,1
NA18867	0|1	1	0,1,0
NA18870	0|1	1	0,1,0
NA18910	1|1	2	0,0,1
NA19092	1|1	2	0,0,1
NA19098	1|1	2	0,0,1
NA19099	1|1	2	0,0,1
NA19102	0|0	0	1,0,0
NA19108	1|1	2	0,0,1
NA19118	0|0	0.21	0.79,0.21,0
NA19119	1|1	2	0,0,1
NA19129	0|1	1	0,1,0
NA19130	0|0	0	1,0,0
NA19141	1|1	2	0,0,1
NA19146	1|1	2	0,0,1
NA19150	1|1	2	0,0,1
NA19152	1|0	1	0,1,0
NA19160	1|1	2	0,0,1
NA19171	0|0	0	1,0,0
NA19189	0|0	0	1,0,0
NA19204	0|1	1	0,1,0
NA19206	0|0	0	1,0,0
NA19207	1|1	2	0,0,1
NA19209	0|1	1.1	0,0.9,0.1
NA19213	0|0	0	1,0,0
NA19240	1|0	1.18	0,0.82,0.18
NA11829	0|1	0.7	0.37,0.56,0.07
NA11830	0|0	0.03	0.97,0.03,0
NA11831	0|0	0	1,0,0
NA11832	0|0	0	1,0,0
NA11840	0|0	0	1,0,0
NA11881	0|0	0	1,0,0
NA11994	1|1	2	0,0,1
NA11995	0|0	0	1,0,0
NA12004	0|1	1	0,1,0
NA12005	0|0	0	1,0,0
NA12043	0|0	0	1,0,0
NA12044	1|0	1	0,1,0
NA12144	1|1	2	0,0,1
NA12154	1|0	1.09	0,0.91,0.09
NA12155	0|0	0	1,0,0
NA12156	0|0	0	1,0,0
NA12234	0|0	0	1,0,0
NA12717	0|0	0	1,0,0
NA12750	0|0	0	1,0,0
NA12760	0|0	0	1,0,0
NA12761	0|0	0	1,0,0
NA12762	0|0	0	1,0,0
NA12763	0|0	0	1,0,0
NA12812	0|0	0	1,0,0
NA12813	0|0	0	1,0,0
NA12814	0|0	0	1,0,0
NA12815	1|0	1	0,1,0
NA12872	0|0	0	1,0,0
NA12873	0|0	0.06	0.94,0.06,0
NA12874	0|0	0	1,0,0
NA18526	1|0	1	0,1,0
NA18537	0|1	1	0,1,0
NA18550	0|0	0	1,0,0
NA18555	0|0	0	1,0,0
NA18562	0|0	0	1,0,0
NA18563	0|0	0	1,0,0
NA18582	0|0	0	1,0,0
NA18603	0|0	0	1,0,0
NA18606	0|0	0.06	0.94,0.06,0
NA18621	0|0	0	1,0,0
NA18622	0|0	0	1,0,0
NA18628	0|0	0	1,0,0
NA18632	0|0	0.07	0.93,0.07,0
NA18636	0|0	0	1,0,0
NA18647	0|0	0	1,0,0
NA18942	0|0	0	1,0,0
NA18945	0|0	0.01	0.99,0.01,0
NA18947	0|0	0	1,0,0
NA18951	0|1	1	0,1,0
NA18952	0|0	0	1,0,0
NA18953	0|0	0	1,0,0
NA18956	0|0	0	1,0,0
NA18965	1|1	2	0,0,1
NA18970	0|0	0	1,0,0
NA18973	0|0	0	1,0,0
NA18977	0|0	0	1,0,0
NA18987	0|0	0	1,0,0
NA18990	0|0	0	1,0,0
NA18995	0|0	0	1,0,0
NA19003	0|0	0	1,0,0
NA19010	0|0	0	1,0,0
