NA18498	0|1	1	0,1,0
NA18500	0|0	0	1,0,0
NA18501	0|0	0	1,0,0
NA18502	0|0	0	1,0,0
NA18503	1|0	1	0,1,0
NA18504	0|0	0	1,0,0
NA18505	1|1	2	0,0,1
NA18506	1|0	1	0,1,0
NA18507	1|1	1.94	0,0.06,0.94
NA18508	0|1	1	0,1,0
NA18515	0|0	0	1,0,0
NA18516	0|1	1	0,1,0
NA18517	0|0	0	1,0,0
NA18519	1|0	1	0,1,0
NA18521	0|0	0	1,0,0
NA18522	0|0	0	1,0,0
NA18523	0|0	0	1,0,0
NA18852	0|1	1	0,1,0
NA18853	1|0	1	0,1,0
NA18854	0|1	1	0,1,0
NA18855	0|0	0	1,0,0
NA18856	0|1	1	0,1,0
NA18857	0|0	0	1,0,0
NA18858	0|1	1	0,1,0
NA18859	0|0	0	1,0,0
NA18860	0|0	0	1,0,0
NA18861	0|0	0	1,0,0
NA18862	0|0	0	1,0,0
NA18863	0|0	0	1,0,0
NA18867	0|1	1	0,1,0
NA18870	0|0	0	1,0,0
NA18871	0|0	0	1,0,0
NA18872	0|0	0	1,0,0
NA18910	0|1	1	0,1,0
NA18912	0|0	0	1,0,0
NA18913	0|0	0.05	0.95,0.05,0
NA18914	0|0	0	1,0,0
NA19027	0|1	1	0,1,0
NA19028	0|0	0	1,0,0
NA19031	0|0	0	1,0,0
NA19035	1|0	1	0,1,0
NA19036	0|1	1	0,1,0
NA19038	0|1	0.82	0.18,0.82,0
NA19041	0|1	1	0,1,0
NA19092	1|1	2	0,0,1
NA19093	1|0	1	0,1,0
NA19094	1|0	1	0,1,0
NA19098	0|0	0	1,0,0
NA19099	0|1	1	0,1,0
NA19100	1|0	1	0,1,0
NA19101	1|1	2	0,0,1
NA19102	0|0	0	1,0,0
NA19103	0|1	1	0,1,0
NA19108	1|0	1	0,1,0
NA19116	1|0	1	0,1,0
NA19118	0|0	0	1,0,0
NA19119	0|0	0	1,0,0
NA19120	0|1	1	0,1,0
NA19127	0|0	0	1,0,0
NA19128	0|0	0	1,0,0
NA19129	0|0	0	1,0,0
NA19130	0|0	0	1,0,0
NA19131	0|1	1	0,1,0
NA19132	1|0	1	0,1,0
NA19137	0|0	0	1,0,0
NA19138	0|0	0	1,0,0
NA19139	0|0	0	1,0,0
NA19140	0|0	0	1,0,0
NA19141	0|0	0	1,0,0
NA19142	0|0	0	1,0,0
NA19143	0|0	0	1,0,0
NA19144	1|0	1.07	0,0.93,0.07
NA19145	1|0	1	0,1,0
NA19146	0|0	0	1,0,0
NA19150	1|0	1	0,1,0
NA19152	1|0	1	0,1,0
NA19153	0|0	0	1,0,0
NA19154	0|0	0	1,0,0
NA19159	0|0	0	1,0,0
NA19160	0|1	1	0,1,0
NA19161	0|0	0	1,0,0
NA19171	0|1	1	0,1,0
NA19172	1|0	1	0,1,0
NA19173	0|1	1	0,1,0
NA19189	0|1	0.95	0.05,0.95,0
NA19200	0|0	0	1,0,0
NA19201	1|0	1	0,1,0
NA19202	0|0	0	1,0,0
NA19203	1|0	1	0,1,0
NA19204	0|0	0	1,0,0
NA19205	0|0	0	1,0,0
NA19206	0|1	1	0,1,0
NA19207	0|0	0	1,0,0
NA19208	0|1	1	0,1,0
NA19209	0|1	1	0,1,0
NA19210	0|1	1	0,1,0
NA19211	0|1	1	0,1,0
NA19213	1|1	2	0,0,1
NA19221	0|1	1	0,1,0
NA19222	0|0	0	1,0,0
NA19223	1|0	1	0,1,0
NA19238	0|0	0	1,0,0
NA19239	0|0	0	1,0,0
NA19240	0|0	0	1,0,0
NA19307	0|0	0	1,0,0
NA19308	1|0	1	0,1,0
NA19309	0|0	0	1,0,0
NA19310	0|0	0	1,0,0
NA19314	0|0	0	1,0,0
NA19315	0|1	1	0,1,0
NA19316	0|0	0	1,0,0
NA19317	1|0	1	0,1,0
NA19319	0|0	0	1,0,0
NA19321	0|1	1	0,1,0
NA19324	0|0	0.3	0.7,0.3,0
NA19327	0|0	0	1,0,0
NA19328	0|0	0	1,0,0
NA19332	0|0	0	1,0,0
NA19334	0|0	0	1,0,0
NA19346	0|0	0	1,0,0
NA19347	0|1	1	0,1,0
NA19350	0|1	1	0,1,0
NA19360	0|0	0	1,0,0
NA19372	0|0	0	1,0,0
NA19374	0|0	0	1,0,0
NA19375	0|0	0	1,0,0
NA19376	1|0	0.71	0.29,0.71,0
NA19377	0|0	0	1,0,0
NA19379	0|0	0	1,0,0
NA19380	0|0	0	1,0,0
NA19384	0|0	0	1,0,0
NA19385	0|1	1	0,1,0
NA19390	0|0	0	1,0,0
NA19391	0|0	0.01	0.99,0.01,0
NA19393	0|0	0	1,0,0
NA19394	0|0	0	1,0,0
NA19397	1|0	0.75	0.25,0.75,0
NA19399	0|0	0	1,0,0
NA19403	0|1	1	0,1,0
NA19404	0|0	0	1,0,0
NA19428	0|0	0	1,0,0
NA19429	0|0	0	1,0,0
NA19430	0|0	0	1,0,0
NA19431	0|0	0	1,0,0
NA19434	1|0	0.7	0.3,0.7,0
NA19435	0|1	1	0,1,0
NA19436	0|1	1	0,1,0
NA19437	1|1	2	0,0,1
NA19438	0|1	1	0,1,0
NA19439	1|1	1.86	0,0.14,0.86
NA19440	0|0	0	1,0,0
NA19443	0|0	0	1,0,0
NA19445	0|0	0	1,0,0
NA19446	0|0	0	1,0,0
NA19448	1|0	1	0,1,0
NA19449	0|0	0	1,0,0
NA19451	0|0	0	1,0,0
NA19452	1|0	1	0,1,0
NA19455	1|0	1	0,1,0
NA19456	0|0	0.11	0.89,0.11,0
NA19457	1|0	1	0,1,0
NA19462	0|0	0	1,0,0
NA19463	0|0	0	1,0,0
NA19466	0|0	0	1,0,0
NA19467	0|1	1	0,1,0
NA19468	1|1	2	0,0,1
NA19471	0|0	0	1,0,0
NA19472	0|0	0	1,0,0
NA19473	0|0	0	1,0,0
NA19474	0|0	0	1,0,0
