NA18498	1|0	0.00300002,0.997,0
NA18500	0|0	1,0,0
NA18501	0|0	0.995,0.005,0
NA18502	0|0	0.997,0.003,0
NA18503	0|0	1,0,0
NA18504	0|0	0.995,0.005,0
NA18505	0|0	1,0,0
NA18506	1|1	0,0,1
NA18507	1|0	0,1,0
NA18508	1|0	0,0.999,0.001
NA18515	0|1	0,1,0
NA18516	1|0	0,1,0
NA18517	0|0	0.936,0.064,0
NA18519	1|0	0.00199797,0.997004,0.000998
NA18521	1|0	0,1,0
NA18522	1|0	0,1,0
NA18523	0|1	0,0.999,0.001
NA18852	0|0	0.999,0.001,0
NA18853	0|1	0.00300002,0.997,0
NA18854	0|0	1,0,0
NA18855	1|1	0,0,1
NA18856	0|1	0,0.918,0.082
NA18857	1|1	0,0,1
NA18858	1|0	0,0.996,0.004
NA18859	1|0	0.000999987,0.999,0
NA18860	0|1	0,1,0
NA18861	0|0	1,0,0
NA18862	1|0	0.00300002,0.997,0
NA18863	0|0	1,0,0
NA18867	1|0	0,1,0
NA18870	1|0	0.000999987,0.999,0
NA18871	1|0	0,1,0
NA18872	0|1	0,1,0
NA18910	0|0	0.994008,0.005984,8e-06
NA18912	0|1	0,1,0
NA18913	1|0	0.000999987,0.999,0
NA18914	0|1	0,0.957,0.043
NA19027	1|1	0,0.00300002,0.997
NA19028	0|1	0,1,0
NA19031	0|1	0,1,0
NA19035	1|0	0,1,0
NA19036	0|1	0,0.998,0.002
NA19038	1|1	0.104902,0.457196,0.437902
NA19041	0|0	0.999,0.001,0
NA19092	1|1	0,0,1
NA19093	0|0	0.962,0.038,0
NA19094	0|1	0,1,0
NA19098	0|1	0.000999987,0.999,0
NA19099	1|1	0,0.005,0.995
NA19100	0|1	0,1,0
NA19101	1|0	0,0.504,0.496
NA19102	1|0	0.00599998,0.994,0
NA19108	0|1	0,1,0
NA19116	0|0	0.611,0.389,0
NA19118	1|1	0,0.018,0.982
NA19119	0|0	1,0,0
NA19120	0|0	1,0,0
NA19127	1|0	0.268268,0.642464,0.089268
NA19128	0|1	0,0.522,0.478
NA19129	1|0	0,0.903,0.097
NA19130	1|0	0.044,0.956,0
NA19131	0|1	0,1,0
NA19132	0|0	1,0,0
NA19137	0|1	0,1,0
NA19138	0|0	1,0,0
NA19139	0|1	0,1,0
NA19140	1|0	0,1,0
NA19141	1|1	0,0.000999987,0.999
NA19142	1|1	0,0,1
NA19143	1|0	0.000999987,0.999,0
NA19144	0|1	0,1,0
NA19145	1|0	0,1,0
NA19146	1|1	0,0,1
NA19150	1|0	0.000998987,0.998002,0.000999
NA19152	0|0	0.993,0.007,0
NA19153	1|0	0,1,0
NA19154	1|0	0,1,0
NA19159	1|0	0,1,0
NA19160	0|0	1,0,0
NA19161	0|0	1,0,0
NA19171	0|0	0.988,0.012,0
NA19172	0|1	0,1,0
NA19173	1|0	0,1,0
NA19189	0|0	0.93132,0.06836,0.00032
NA19200	0|0	0.991,0.009,0
NA19201	0|0	0.81144,0.18512,0.00344
NA19202	0|0	0.985014,0.014972,1.4e-05
NA19203	0|1	0,1,0
NA19204	1|1	0,0.00400001,0.996
NA19205	1|1	0,0,1
NA19206	1|0	0,0.755,0.245
NA19207	1|1	5.10004e-05,0.019898,0.980051
NA19208	1|1	0,0.00199997,0.998
NA19209	1|1	0,0,1
NA19210	0|1	0.00199997,0.998,0
NA19211	0|1	0,1,0
NA19213	0|0	1,0,0
NA19221	0|1	0,1,0
NA19222	1|1	7.99991e-06,0.00598398,0.994008
NA19223	0|0	1,0,0
NA19238	0|1	0,1,0
NA19239	0|0	0.999,0.001,0
NA19240	0|0	1,0,0
NA19307	1|0	0,0.998,0.002
NA19308	1|1	0,0,1
NA19309	1|1	0,0.00800002,0.992
NA19310	0|1	0,1,0
NA19314	0|1	0.00398801,0.993024,0.002988
NA19315	0|0	1,0,0
NA19316	1|0	0.00390401,0.972192,0.023904
NA19317	1|1	0,0,1
NA19319	1|1	0,0.00199997,0.998
NA19321	0|1	0.00400001,0.996,0
NA19327	0|0	1,0,0
NA19328	0|1	0,0.731,0.269
NA19332	1|0	0,1,0
NA19334	1|1	0,0.00300002,0.997
NA19346	0|1	0.00700003,0.993,0
NA19347	1|1	0,0.00300002,0.997
NA19350	0|0	1,0,0
NA19360	0|0	0.996,0.004,0
NA19372	1|0	0.000999987,0.999,0
NA19374	1|1	0.000252002,0.086496,0.913252
NA19375	0|0	1,0,0
NA19376	0|1	0,1,0
NA19377	0|0	0.602,0.398,0
NA19379	1|1	0,0.000999987,0.999
NA19380	1|0	0,1,0
NA19384	1|0	0,1,0
NA19385	1|1	0,0.08,0.92
NA19391	1|0	0.042,0.958,0
NA19393	0|0	0.997,0.003,0
NA19394	1|0	0.178,0.822,0
NA19397	0|0	0.989,0.011,0
NA19399	1|1	1.79998e-05,0.010964,0.989018
NA19403	0|0	1,0,0
NA19404	1|1	0,0.034,0.966
NA19428	0|1	0,1,0
NA19429	0|0	0.999,0.001,0
NA19430	1|0	0.042,0.958,0
NA19431	1|1	0,0,1
NA19434	1|0	0,1,0
NA19435	0|0	0.999,0.001,0
NA19436	1|0	0.000999987,0.999,0
NA19437	1|1	0,0,1
NA19438	0|1	0.034755,0.95849,0.006755
NA19439	1|1	0,0.011,0.989
NA19440	1|0	0,0.998,0.002
NA19443	1|0	0,1,0
NA19445	0|0	1,0,0
NA19446	0|1	0.008982,0.989036,0.001982
NA19448	0|1	0,1,0
NA19449	1|1	0,0,1
NA19451	1|1	0,0.00300002,0.997
NA19452	1|1	0,0,1
NA19455	0|1	0.000999987,0.999,0
NA19456	1|1	0.000132998,0.133734,0.866133
NA19457	1|0	0,1,0
NA19462	1|0	0.00400001,0.996,0
NA19463	0|0	0.999,0.001,0
NA19466	1|1	0,0,1
NA19467	0|1	0,1,0
NA19468	1|0	0,1,0
NA19471	1|1	0.00022,0.04856,0.95122
NA19472	0|1	0,1,0
NA19473	1|1	0,0,1
NA19474	0|0	1,0,0
NA06985	0|1	0.372,0.628,0
NA06991	0|0	1,0,0
NA06993	1|0	0,1,0
NA06994	0|0	1,0,0
NA07000	1|0	0.000998987,0.998002,0.000999
NA07019	1|1	0,0,1
NA07022	1|1	0,0.101,0.899
NA07029	0|0	1,0,0
NA07034	0|0	1,0,0
NA07048	0|1	0,1,0
NA07055	1|1	0,0.032,0.968
NA07056	1|1	0,0,1
NA07345	0|1	0,0.996,0.004
NA07348	1|1	0,0,1
NA07357	1|0	0,0.956,0.044
NA10830	1|0	0,1,0
NA10831	0|1	0,1,0
NA10835	0|0	1,0,0
NA10838	1|0	0,1,0
NA10839	0|1	0,1,0
NA10846	0|1	0,1,0
NA10847	1|0	0,1,0
NA10851	0|0	1,0,0
NA10854	0|0	1,0,0
NA10855	0|0	1,0,0
NA10857	0|1	0,1,0
NA10859	0|1	0,1,0
NA10860	1|0	0,0.996,0.004
NA10861	1|1	0,0,1
NA10863	1|1	0,0.00599998,0.994
NA11829	0|1	0.021,0.979,0
NA11830	0|1	0,1,0
NA11831	0|1	0.00800002,0.992,0
NA11832	0|0	0.926,0.074,0
NA11839	0|0	1,0,0
NA11840	0|0	1,0,0
NA11881	1|0	0,1,0
NA11882	1|0	0.00199997,0.998,0
NA11992	1|0	0.00300002,0.997,0
NA11993	0|1	0,1,0
NA11994	1|1	0,0.00700003,0.993
NA11995	0|1	0,1,0
NA12003	1|1	0,0.012,0.988
NA12004	0|0	1,0,0
NA12005	0|0	1,0,0
NA12006	0|1	0,1,0
NA12043	0|0	0.992,0.008,0
NA12044	1|1	0,0,1
NA12056	0|0	1,0,0
NA12057	0|0	1,0,0
NA12144	0|1	0.00400001,0.996,0
NA12145	1|1	0,0.000999987,0.999
NA12146	1|1	0,0,1
NA12154	0|0	0.996,0.004,0
NA12155	0|1	0,1,0
NA12156	1|0	0.000999987,0.999,0
NA12234	1|1	0,0.012,0.988
NA12236	0|1	0,0.999,0.001
NA12239	0|1	0,1,0
NA12248	0|0	0.663,0.337,0
NA12249	0|1	0,1,0
NA12264	1|1	0,0.009,0.991
NA12707	1|0	0,1,0
NA12716	0|1	0,1,0
NA12717	1|1	0,0,1
NA12740	1|1	0,0.000999987,0.999
NA12750	1|1	0,0,1
NA12751	1|1	0,0.076,0.924
NA12752	1|1	0,0,1
NA12753	0|1	0,1,0
NA12760	1|1	0,0.00400001,0.996
NA12761	1|1	0,0.00700003,0.993
NA12762	1|0	0,1,0
NA12763	1|1	0,0,1
NA12801	1|0	0,1,0
NA12802	1|1	0,0,1
NA12812	0|1	0.000999987,0.999,0
NA12813	1|1	0,0.00199997,0.998
NA12814	1|1	0,0.395,0.605
NA12815	0|1	0,1,0
NA12864	1|1	0,0,1
NA12865	1|1	0,0,1
NA12872	1|0	0,0.687,0.313
NA12873	0|1	0,0.999,0.001
NA12874	1|0	0,1,0
NA12875	1|1	0,0.00199997,0.998
NA12878	0|1	0,1,0
NA12891	0|1	0,1,0
NA12892	1|1	0,0,1
NA20502	0|0	0.897,0.103,0
NA20504	1|1	0,0.000999987,0.999
NA20505	0|0	1,0,0
NA20506	1|0	0.000999987,0.999,0
NA20508	0|1	0.000999987,0.999,0
NA20509	0|0	0.993,0.007,0
NA20510	0|0	1,0,0
NA20512	1|0	0.00396001,0.98608,0.00996
NA20515	0|0	0.994,0.006,0
NA20516	0|1	0,1,0
NA20517	1|1	0,0,1
NA20518	0|1	0,0.961,0.039
NA20519	0|0	1,0,0
NA20520	1|1	0,0,1
NA20521	1|1	0,0.000999987,0.999
NA20522	0|0	0.975,0.025,0
NA20524	0|1	0.00199797,0.997004,0.000998
NA20525	0|1	0.00299402,0.995012,0.001994
NA20527	0|0	1,0,0
NA20528	1|1	0,0.000999987,0.999
NA20529	1|0	0,1,0
NA20530	1|0	0,1,0
NA20531	0|1	0,1,0
NA20534	1|0	0,1,0
NA20535	0|0	0.985,0.015,0
NA20538	1|1	0.000285002,0.0974301,0.902285
NA20539	1|1	0,0,1
NA20540	0|0	0.997002,0.002996,2e-06
NA20541	0|1	0.163,0.837,0
NA20542	1|1	0,0.023,0.977
NA20543	0|1	0.009,0.991,0
NA20544	0|0	1,0,0
NA20581	0|1	0.000999987,0.999,0
NA20582	1|0	0.00158798,0.792824,0.205588
NA20585	1|1	0,0.000999987,0.999
NA20586	0|0	0.995,0.005,0
NA20588	0|1	0.11,0.89,0
NA20589	1|0	0,1,0
NA20752	0|1	0.005,0.995,0
NA20753	0|0	0.875,0.125,0
NA20754	1|0	0.00198797,0.992024,0.005988
NA20755	0|0	1,0,0
NA20756	1|0	0,1,0
NA20758	1|1	0,0.016,0.984
NA20759	1|1	0.000368995,0.369262,0.630369
NA20760	1|1	0,0.087,0.913
NA20761	1|0	0.00496,0.98708,0.00796
NA20765	0|1	0,1,0
NA20766	1|1	0,0.000999987,0.999
NA20768	0|1	0,0.839,0.161
NA20769	1|0	0,1,0
NA20770	0|1	0,1,0
NA20771	0|1	0.00564202,0.801716,0.192642
NA20772	0|0	1,0,0
NA20773	1|1	0.000984002,0.129032,0.869984
NA20774	0|0	1,0,0
NA20778	1|0	0.176646,0.821708,0.001646
NA20783	0|1	0.00800002,0.992,0
NA20785	1|0	0,1,0
NA20786	1|1	0,0,1
NA20787	0|1	0.00300002,0.997,0
NA20790	0|0	0.983,0.017,0
NA20792	0|1	0.012909,0.980182,0.006909
NA20796	1|1	0,0.00199997,0.998
NA20797	0|0	1,0,0
NA20798	0|1	0.00199997,0.998,0
NA20799	0|0	1,0,0
NA20800	0|0	1,0,0
NA20801	1|0	0,0.999,0.001
NA20802	0|0	0.988,0.012,0
NA20803	0|0	1,0,0
NA20804	1|0	0.009,0.991,0
NA20805	0|1	0.092,0.908,0
NA20806	0|1	0,0.979,0.021
NA20807	1|0	0.00447599,0.743048,0.252476
NA20808	0|1	0.493506,0.505988,0.000506
NA20809	0|0	1,0,0
NA20810	0|1	0.00199597,0.996008,0.001996
NA20811	0|1	0,1,0
NA20812	1|1	2.99998e-06,0.00399401,0.996003
NA20813	0|0	0.99301,0.00698,1e-05
NA20815	0|1	0.015952,0.981096,0.002952
NA20818	1|1	0,0.13,0.87
NA20819	0|1	0.00400001,0.996,0
NA20826	0|1	0.00400001,0.996,0
NA20828	0|1	0,1,0
NA18526	1|0	0,1,0
NA18532	1|0	0.005,0.995,0
NA18537	0|1	0,1,0
NA18542	0|1	0,1,0
NA18545	0|1	0.005,0.995,0
NA18547	0|1	0,1,0
NA18550	1|0	0,1,0
NA18552	1|0	0.04,0.96,0
NA18555	0|0	1,0,0
NA18558	0|1	0,1,0
NA18561	0|1	0.00300002,0.997,0
NA18562	0|0	1,0,0
NA18563	0|0	0.998,0.002,0
NA18564	1|0	0.00199997,0.998,0
NA18566	1|0	0,1,0
NA18570	0|1	0,0.821,0.179
NA18571	1|0	0.00199997,0.998,0
NA18572	0|0	1,0,0
NA18573	0|1	0.055,0.945,0
NA18577	1|0	0.00700003,0.993,0
NA18579	1|1	0,0.000999987,0.999
NA18582	0|0	1,0,0
NA18592	0|1	0,0.998,0.002
NA18593	1|1	0,0,1
NA18603	0|1	0.00800002,0.992,0
NA18605	0|1	0,0.999,0.001
NA18608	0|0	0.962,0.038,0
NA18609	1|1	0,0.00599998,0.994
NA18611	1|0	0,1,0
NA18612	0|1	0.082,0.918,0
NA18620	1|0	0,1,0
NA18621	0|0	1,0,0
NA18622	0|0	1,0,0
NA18623	0|0	1,0,0
NA18624	1|1	2e-05,0.00896,0.99102
NA18632	1|0	0,1,0
NA18633	0|0	0.668,0.332,0
NA18635	0|0	0.999,0.001,0
NA18636	0|1	0.000999987,0.999,0
NA18637	0|0	0.999,0.001,0
NA18940	0|1	0,1,0
NA18942	1|0	0.005,0.995,0
NA18943	0|0	0.988,0.012,0
NA18944	0|0	0.957042,0.042916,4.2e-05
NA18945	0|0	0.997,0.003,0
NA18947	0|0	0.999,0.001,0
NA18948	0|0	1,0,0
NA18949	1|0	0,1,0
NA18951	0|1	0,1,0
NA18952	0|0	0.713,0.287,0
NA18953	1|0	0,1,0
NA18956	1|1	0.00029,0.06242,0.93729
NA18959	1|0	0.004995,0.99401,0.000995
NA18960	0|0	1,0,0
NA18961	1|1	0,0.00400001,0.996
NA18964	1|0	0.00199997,0.998,0
NA18965	0|1	0.000999987,0.999,0
NA18966	0|0	0.985,0.015,0
NA18967	0|0	1,0,0
NA18968	0|0	0.999,0.001,0
NA18969	1|0	0.00199797,0.997004,0.000998
NA18970	0|0	1,0,0
NA18971	0|0	0.693,0.307,0
NA18972	0|1	0.00386401,0.962272,0.033864
NA18973	0|1	0.011,0.989,0
NA18974	1|0	0.00199797,0.997004,0.000998
NA18975	0|1	0,0.958,0.042
NA18976	0|1	0,1,0
NA18978	0|0	1,0,0
NA18980	1|1	0,0.013,0.987
NA18981	0|0	0.814,0.186,0
NA18987	0|0	1,0,0
NA18990	0|0	0.999,0.001,0
NA18991	1|0	0,0.999,0.001
NA18992	0|0	0.999,0.001,0
NA18994	1|0	0.319,0.681,0
NA18995	0|1	0,0.998,0.002
NA18997	1|0	0,0.665,0.335
NA18998	0|1	0.146,0.854,0
NA18999	1|1	0.000123001,0.043754,0.956123
NA19000	0|1	0,1,0
NA19003	0|1	0.008991,0.990018,0.000991
NA19005	1|0	0,0.998,0.002
NA19007	1|0	0.01183,0.89934,0.08883
NA19012	0|0	0.999,0.001,0
