NA06985	0|1	0.372,0.628,0
NA06991	0|0	1,0,0
NA06993	1|0	0,1,0
NA06994	0|0	1,0,0
NA07000	1|0	0.000998987,0.998002,0.000999
NA07019	1|1	0,0,1
NA07022	1|1	0,0.101,0.899
NA07029	0|0	1,0,0
NA07034	0|0	1,0,0
NA07048	0|1	0,1,0
NA07055	1|1	0,0.032,0.968
NA07056	1|1	0,0,1
NA07345	0|1	0,0.996,0.004
NA07348	1|1	0,0,1
NA07357	1|0	0,0.956,0.044
NA10830	1|0	0,1,0
NA10831	0|1	0,1,0
NA10835	0|0	1,0,0
NA10838	1|0	0,1,0
NA10839	0|1	0,1,0
NA10846	0|1	0,1,0
NA10847	1|0	0,1,0
NA10851	0|0	1,0,0
NA10854	0|0	1,0,0
NA10855	0|0	1,0,0
NA10857	0|1	0,1,0
NA10859	0|1	0,1,0
NA10860	1|0	0,0.996,0.004
NA10861	1|1	0,0,1
NA10863	1|1	0,0.00599998,0.994
NA11829	0|1	0.021,0.979,0
NA11830	0|1	0,1,0
NA11831	0|1	0.00800002,0.992,0
NA11832	0|0	0.926,0.074,0
NA11839	0|0	1,0,0
NA11840	0|0	1,0,0
NA11881	1|0	0,1,0
NA11882	1|0	0.00199997,0.998,0
NA11992	1|0	0.00300002,0.997,0
NA11993	0|1	0,1,0
NA11994	1|1	0,0.00700003,0.993
NA11995	0|1	0,1,0
NA12003	1|1	0,0.012,0.988
NA12004	0|0	1,0,0
NA12005	0|0	1,0,0
NA12006	0|1	0,1,0
NA12043	0|0	0.992,0.008,0
NA12044	1|1	0,0,1
NA12056	0|0	1,0,0
NA12057	0|0	1,0,0
NA12144	0|1	0.00400001,0.996,0
NA12145	1|1	0,0.000999987,0.999
NA12146	1|1	0,0,1
NA12154	0|0	0.996,0.004,0
NA12155	0|1	0,1,0
NA12156	1|0	0.000999987,0.999,0
NA12234	1|1	0,0.012,0.988
NA12236	0|1	0,0.999,0.001
NA12239	0|1	0,1,0
NA12248	0|0	0.663,0.337,0
NA12249	0|1	0,1,0
NA12264	1|1	0,0.009,0.991
NA12707	1|0	0,1,0
NA12716	0|1	0,1,0
NA12717	1|1	0,0,1
NA12740	1|1	0,0.000999987,0.999
NA12750	1|1	0,0,1
NA12751	1|1	0,0.076,0.924
NA12752	1|1	0,0,1
NA12753	0|1	0,1,0
NA12760	1|1	0,0.00400001,0.996
NA12761	1|1	0,0.00700003,0.993
NA12762	1|0	0,1,0
NA12763	1|1	0,0,1
NA12801	1|0	0,1,0
NA12802	1|1	0,0,1
NA12812	0|1	0.000999987,0.999,0
NA12813	1|1	0,0.00199997,0.998
NA12814	1|1	0,0.395,0.605
NA12815	0|1	0,1,0
NA12864	1|1	0,0,1
NA12865	1|1	0,0,1
NA12872	1|0	0,0.687,0.313
NA12873	0|1	0,0.999,0.001
NA12874	1|0	0,1,0
NA12875	1|1	0,0.00199997,0.998
NA12878	0|1	0,1,0
NA12891	0|1	0,1,0
NA12892	1|1	0,0,1
NA20502	0|0	0.897,0.103,0
NA20504	1|1	0,0.000999987,0.999
NA20505	0|0	1,0,0
NA20506	1|0	0.000999987,0.999,0
NA20508	0|1	0.000999987,0.999,0
NA20509	0|0	0.993,0.007,0
NA20510	0|0	1,0,0
NA20512	1|0	0.00396001,0.98608,0.00996
NA20515	0|0	0.994,0.006,0
NA20516	0|1	0,1,0
NA20517	1|1	0,0,1
NA20518	0|1	0,0.961,0.039
NA20519	0|0	1,0,0
NA20520	1|1	0,0,1
NA20521	1|1	0,0.000999987,0.999
NA20522	0|0	0.975,0.025,0
NA20524	0|1	0.00199797,0.997004,0.000998
NA20525	0|1	0.00299402,0.995012,0.001994
NA20527	0|0	1,0,0
NA20528	1|1	0,0.000999987,0.999
NA20529	1|0	0,1,0
NA20530	1|0	0,1,0
NA20531	0|1	0,1,0
NA20534	1|0	0,1,0
NA20535	0|0	0.985,0.015,0
NA20538	1|1	0.000285002,0.0974301,0.902285
NA20539	1|1	0,0,1
NA20540	0|0	0.997002,0.002996,2e-06
NA20541	0|1	0.163,0.837,0
NA20542	1|1	0,0.023,0.977
NA20543	0|1	0.009,0.991,0
NA20544	0|0	1,0,0
NA20581	0|1	0.000999987,0.999,0
NA20582	1|0	0.00158798,0.792824,0.205588
NA20585	1|1	0,0.000999987,0.999
NA20586	0|0	0.995,0.005,0
NA20588	0|1	0.11,0.89,0
NA20589	1|0	0,1,0
NA20752	0|1	0.005,0.995,0
NA20753	0|0	0.875,0.125,0
NA20754	1|0	0.00198797,0.992024,0.005988
NA20755	0|0	1,0,0
NA20756	1|0	0,1,0
NA20758	1|1	0,0.016,0.984
NA20759	1|1	0.000368995,0.369262,0.630369
NA20760	1|1	0,0.087,0.913
NA20761	1|0	0.00496,0.98708,0.00796
NA20765	0|1	0,1,0
NA20766	1|1	0,0.000999987,0.999
NA20768	0|1	0,0.839,0.161
NA20769	1|0	0,1,0
NA20770	0|1	0,1,0
NA20771	0|1	0.00564202,0.801716,0.192642
NA20772	0|0	1,0,0
NA20773	1|1	0.000984002,0.129032,0.869984
NA20774	0|0	1,0,0
NA20778	1|0	0.176646,0.821708,0.001646
NA20783	0|1	0.00800002,0.992,0
NA20785	1|0	0,1,0
NA20786	1|1	0,0,1
NA20787	0|1	0.00300002,0.997,0
NA20790	0|0	0.983,0.017,0
NA20792	0|1	0.012909,0.980182,0.006909
NA20796	1|1	0,0.00199997,0.998
NA20797	0|0	1,0,0
NA20798	0|1	0.00199997,0.998,0
NA20799	0|0	1,0,0
NA20800	0|0	1,0,0
NA20801	1|0	0,0.999,0.001
NA20802	0|0	0.988,0.012,0
NA20803	0|0	1,0,0
NA20804	1|0	0.009,0.991,0
NA20805	0|1	0.092,0.908,0
NA20806	0|1	0,0.979,0.021
NA20807	1|0	0.00447599,0.743048,0.252476
NA20808	0|1	0.493506,0.505988,0.000506
NA20809	0|0	1,0,0
NA20810	0|1	0.00199597,0.996008,0.001996
NA20811	0|1	0,1,0
NA20812	1|1	2.99998e-06,0.00399401,0.996003
NA20813	0|0	0.99301,0.00698,1e-05
NA20815	0|1	0.015952,0.981096,0.002952
NA20818	1|1	0,0.13,0.87
NA20819	0|1	0.00400001,0.996,0
NA20826	0|1	0.00400001,0.996,0
NA20828	0|1	0,1,0
