NA18498	0|0	0	1,0,0
NA18502	0|0	0	1,0,0
NA18505	0|0	0	1,0,0
NA18507	0|0	0	1,0,0
NA18508	0|0	0	1,0,0
NA18517	0|0	0	1,0,0
NA18519	0|0	0	1,0,0
NA18867	0|0	0	1,0,0
NA18870	0|0	0	1,0,0
NA18910	0|0	0	1,0,0
NA19092	0|0	0	1,0,0
NA19098	0|0	0	1,0,0
NA19099	0|0	0	1,0,0
NA19102	0|0	0	1,0,0
NA19108	0|0	0	1,0,0
NA19118	0|0	0	1,0,0
NA19119	0|0	0	1,0,0
NA19129	0|0	0	1,0,0
NA19130	0|0	0	1,0,0
NA19141	0|0	0	1,0,0
NA19146	0|0	0	1,0,0
NA19150	0|0	0	1,0,0
NA19152	0|0	0	1,0,0
NA19160	0|0	0	1,0,0
NA19171	0|0	0	1,0,0
NA19189	0|0	0	1,0,0
NA19204	0|0	0	1,0,0
NA19206	0|0	0	1,0,0
NA19207	0|0	0	1,0,0
NA19209	0|0	0	1,0,0
NA19213	0|0	0	1,0,0
NA19240	0|0	0	1,0,0
NA11829	0|0	0	1,0,0
NA11830	0|0	0	1,0,0
NA11831	0|0	0	1,0,0
NA11832	0|0	0	1,0,0
NA11840	0|0	0	1,0,0
NA11881	0|0	0	1,0,0
NA11994	0|0	0	1,0,0
NA11995	0|0	0	1,0,0
NA12004	0|0	0.04	0.96,0.04,0
NA12005	0|0	0	1,0,0
NA12043	1|0	0.89	0.11,0.89,0
NA12044	0|0	0	1,0,0
NA12144	0|0	0	1,0,0
NA12154	0|0	0	1,0,0
NA12155	0|0	0.03	0.97,0.03,0
NA12156	0|0	0.03	0.97,0.03,0
NA12234	0|0	0	1,0,0
NA12717	0|0	0.03	0.97,0.03,0
NA12750	0|0	0	1,0,0
NA12760	1|0	1	0,1,0
NA12761	0|0	0	1,0,0
NA12762	0|0	0	1,0,0
NA12763	0|0	0	1,0,0
NA12812	0|0	0	1,0,0
NA12813	0|0	0	1,0,0
NA12814	0|0	0	1,0,0
NA12815	0|0	0	1,0,0
NA12872	0|0	0.01	0.99,0.01,0
NA12873	0|0	0	1,0,0
NA12874	0|0	0	1,0,0
NA12878	0|0	0	1,0,0
NA18526	0|1	1.12	0,0.87,0.13
NA18537	1|1	1.98	0,0.02,0.98
NA18550	0|0	0.03	0.97,0.03,0
NA18555	0|1	1.17	0,0.83,0.17
NA18562	0|1	1	0,1,0
NA18563	1|0	1.1	0,0.9,0.1
NA18582	0|0	0.01	0.99,0.01,0
NA18603	1|1	2	0,0,1
NA18606	0|1	1	0,1,0
NA18621	1|0	1.46	0.01,0.52,0.47
NA18622	1|0	1.03	0,0.97,0.03
NA18628	0|1	1.05	0,0.95,0.05
NA18632	0|0	0.01	0.99,0.01,0
NA18636	1|0	1.03	0,0.97,0.03
NA18647	0|1	1	0,1,0
NA18942	1|1	1.86	0,0.14,0.86
NA18945	1|0	0.96	0.04,0.96,0
NA18947	0|0	0	1,0,0
NA18951	1|0	1.05	0.01,0.93,0.06
NA18952	1|1	1.99	0,0.01,0.99
NA18953	0|1	1.06	0,0.94,0.06
NA18956	0|1	0.62	0.38,0.62,0
NA18965	0|1	1.15	0,0.85,0.15
NA18970	1|0	1	0,1,0
NA18973	0|1	1	0,1,0
NA18977	0|0	0	1,0,0
NA18987	0|0	0	1,0,0
NA18990	1|0	1	0,1,0
NA18995	1|0	1.14	0.06,0.75,0.2
NA19003	1|1	2	0,0,1
NA19010	0|1	1.05	0,0.95,0.05
