NA18526	1|0	0,1,0
NA18532	1|0	0.013,0.987,0
NA18537	0|1	0,1,0
NA18542	0|1	0,1,0
NA18545	1|0	0.00199997,0.998,0
NA18547	0|1	0,1,0
NA18550	1|0	0,1,0
NA18552	0|0	0.819366,0.178268,0.002366
NA18555	0|0	1,0,0
NA18558	0|1	0.000981987,0.981036,0.017982
NA18561	0|1	0.00127998,0.63944,0.35928
NA18562	0|0	0.999,0.001,0
NA18563	0|0	1,0,0
NA18564	1|0	0.000988987,0.988022,0.010989
NA18566	0|1	0.014985,0.98403,0.000985
NA18570	1|1	0,0.273,0.727
NA18571	0|0	0.822,0.178,0
NA18572	0|0	0.968,0.032,0
NA18573	1|0	0,1,0
NA18577	1|0	0.00299702,0.996006,0.000997
NA18579	1|1	0,0.000999987,0.999
NA18582	0|0	1,0,0
NA18592	1|0	0.00786402,0.975272,0.016864
NA18593	1|1	1.99995e-06,0.00299596,0.997002
NA18603	1|0	0.016,0.984,0
NA18605	1|0	0,0.923,0.077
NA18608	0|0	0.999,0.001,0
NA18609	1|1	0,0.009,0.991
NA18611	1|0	0,1,0
NA18612	1|0	0.474572,0.523856,0.001572
NA18620	0|1	0.00199997,0.998,0
NA18621	0|0	0.998001,0.001998,1e-06
NA18622	0|0	0.999,0.001,0
NA18623	0|0	1,0,0
NA18624	1|1	0,0.00400001,0.996
NA18632	1|0	0,1,0
NA18633	0|0	0.999,0.001,0
NA18635	0|0	1,0,0
NA18636	0|1	0.00269402,0.895612,0.101694
NA18637	0|0	0.901,0.099,0
NA18940	0|1	0,0.997,0.003
NA18942	1|0	0,0.993,0.007
NA18943	0|0	0.999,0.001,0
NA18944	0|0	0.999,0.001,0
NA18945	0|0	0.999,0.001,0
NA18947	0|0	1,0,0
NA18948	0|0	0.633,0.367,0
NA18949	1|0	0,1,0
NA18951	0|1	0,1,0
NA18952	0|0	0.508,0.492,0
NA18953	0|1	0.00199997,0.998,0
NA18956	1|0	0.000971987,0.971056,0.027972
NA18959	1|0	0,1,0
NA18960	0|0	1,0,0
NA18961	1|1	0,0.00400001,0.996
NA18964	1|0	0.280719,0.718562,0.000719
NA18965	1|0	0.00400001,0.996,0
NA18966	0|0	0.999,0.001,0
NA18967	0|0	0.999,0.001,0
NA18968	0|0	0.998,0.002,0
NA18969	1|0	0,1,0
NA18970	1|0	0.233,0.767,0
NA18971	0|0	1,0,0
NA18972	0|1	0.008991,0.990018,0.000991
NA18973	0|0	1,0,0
NA18974	1|1	0,0.009,0.991
NA18975	1|0	0,0.784,0.216
NA18976	0|1	0,1,0
NA18978	0|0	1,0,0
NA18980	1|1	0,0.359,0.641
NA18981	0|0	0.998,0.002,0
NA18987	0|0	1,0,0
NA18990	0|0	0.999,0.001,0
NA18991	1|0	0,0.947,0.053
NA18992	0|0	0.999,0.001,0
NA18994	0|1	0.30049,0.69602,0.00349
NA18995	1|0	0,1,0
NA18997	0|1	0.00295802,0.983084,0.013958
NA18998	0|0	0.998,0.002,0
NA18999	1|1	0,0.00999999,0.99
NA19000	0|1	0,1,0
NA19003	1|0	0.00199997,0.998,0
NA19005	1|0	0.00800002,0.992,0
NA19007	0|0	0.591408,0.408184,0.000408
NA19012	0|0	1,0,0
