NA18526	1|1	0,0.000999987,0.999
NA18532	0|0	0.941058,0.058884,5.8e-05
NA18537	1|1	9.60004e-05,0.019808,0.980096
NA18547	1|1	0,0,1
NA18550	0|0	1,0,0
NA18555	1|1	0,0,1
NA18561	0|1	0.00300002,0.997,0
NA18562	1|1	3.60001e-05,0.012928,0.987036
NA18563	0|0	1,0,0
NA18566	0|1	0.00999999,0.99,0
NA18572	0|0	0.997,0.003,0
NA18577	0|0	0.998,0.002,0
NA18582	0|1	0.00300002,0.997,0
NA18603	0|0	1,0,0
NA18605	1|0	0,1,0
NA18606	0|1	0,1,0
NA18621	0|1	0,1,0
NA18622	1|1	6.99999e-05,0.01886,0.98107
NA18628	0|0	0.999,0.001,0
NA18632	1|0	0,0.849,0.151
NA18636	0|1	0.004995,0.99401,0.000995
NA18647	1|0	0.00300002,0.997,0
NA18942	1|1	0,0.00599998,0.994
NA18943	0|1	0,1,0
NA18945	1|1	0,0.022,0.978
NA18947	1|1	0,0.019,0.981
NA18949	1|1	0,0.015,0.985
NA18951	0|1	0,1,0
NA18952	0|0	1,0,0
NA18953	1|1	0,0.00199997,0.998
NA18956	0|1	0,1,0
NA18964	0|0	0.875,0.125,0
NA18965	1|1	0,0.00999999,0.99
NA18973	0|0	0.999,0.001,0
NA18974	1|1	0,0.024,0.976
NA18977	1|0	0.000999987,0.999,0
NA18980	1|1	0,0.000999987,0.999
NA18987	1|1	9.99974e-07,0.00199797,0.998001
NA18990	1|0	0.009,0.991,0
NA18994	1|1	0,0.00700003,0.993
NA18995	1|1	0,0.00199997,0.998
NA19000	1|1	0,0,1
NA19003	0|0	0.782901,0.204198,0.012901
NA19010	0|1	0.00999999,0.99,0
