NA18498	0|0	1,0,0
NA18502	0|0	1,0,0
NA18505	1|1	0,0,1
NA18507	0|1	0.389,0.611,0
NA18508	0|0	0.999,0.001,0
NA18517	0|1	0.003885,0.77423,0.221885
NA18519	0|0	1,0,0
NA18867	0|1	0.000999987,0.999,0
NA18870	0|1	0.000999987,0.999,0
NA18910	0|0	0.981,0.019,0
NA19092	0|1	0,0.978,0.022
NA19098	0|1	0,1,0
NA19099	0|0	0.999,0.001,0
NA19102	1|0	0,1,0
NA19108	0|1	0.005,0.995,0
NA19119	1|0	0,1,0
NA19129	0|0	0.998,0.002,0
NA19130	0|0	0.996,0.004,0
NA19141	1|1	1.60001e-05,0.00796802,0.992016
NA19146	1|1	9.99974e-07,0.00199797,0.998001
NA19150	0|0	0.999,0.001,0
NA19152	1|1	0,0.00599998,0.994
NA19160	0|0	1,0,0
NA19171	1|0	0,1,0
NA19189	0|0	0.967,0.033,0
NA19204	0|0	1,0,0
NA19206	1|0	0.382305,0.61339,0.004305
NA19207	0|0	1,0,0
NA19209	0|1	0.00300002,0.997,0
NA19213	0|0	1,0,0
