NA18526	1|1	1.73	0.01,0.25,0.74
NA18537	0|1	1.12	0.07,0.75,0.19
NA18550	1|0	1	0,1,0
NA18555	0|0	0.32	0.68,0.32,0
NA18562	0|1	1.01	0,0.99,0.01
NA18563	0|0	0.09	0.91,0.09,0
NA18582	0|0	0.49	0.51,0.49,0
NA18603	1|1	2	0,0,1
NA18606	0|0	0.04	0.96,0.04,0
NA18621	1|1	1.97	0,0.03,0.97
NA18622	0|0	0.28	0.72,0.28,0
NA18628	0|1	1.01	0.01,0.97,0.02
NA18632	0|0	0	1,0,0
NA18636	0|1	1	0,1,0
NA18647	0|0	0.02	0.98,0.02,0
NA18942	0|0	0.09	0.91,0.09,0
NA18945	0|0	0.41	0.59,0.41,0
NA18947	0|1	0.99	0.01,0.99,0
NA18951	0|0	0.11	0.89,0.11,0
NA18952	1|1	1.86	0,0.14,0.86
NA18953	1|0	0.98	0.02,0.98,0
NA18956	0|1	0.93	0.07,0.93,0
NA18965	0|0	0.16	0.85,0.15,0
NA18970	1|0	1	0,1,0
NA18973	0|1	1	0,1,0
NA18977	1|1	1.93	0,0.07,0.93
NA18987	0|1	1	0,1,0
NA18990	0|1	1.35	0.02,0.61,0.37
NA18995	1|1	2	0,0,1
NA19003	0|1	0.94	0.06,0.94,0
NA19010	0|0	0.01	0.99,0.01,0
