NA06985	0|0	0	1,0,0
NA06994	0|1	1	0,1,0
NA07048	1|0	0.98	0.02,0.98,0
NA07056	0|0	0	1,0,0
NA07357	0|0	0	1,0,0
NA10847	1|0	1	0,1,0
NA10851	0|0	0	1,0,0
NA11829	1|0	1	0,1,0
NA11830	0|0	0	1,0,0
NA11831	0|0	0	1,0,0
NA11832	0|0	0	1,0,0
NA11840	0|1	1.31	0,0.69,0.31
NA11881	0|1	1	0,1,0
NA11992	0|0	0.05	0.95,0.05,0
NA11994	0|0	0	1,0,0
NA11995	0|0	0	1,0,0
NA12004	0|1	1	0,1,0
NA12005	1|0	1	0,1,0
NA12006	0|0	0.01	0.99,0.01,0
NA12043	1|0	1	0,1,0
NA12044	0|0	0	1,0,0
NA12144	0|1	1	0,1,0
NA12154	0|0	0	1,0,0
NA12155	0|0	0	1,0,0
NA12156	1|0	1	0,1,0
NA12234	0|0	0	1,0,0
NA12249	1|0	1	0,1,0
NA12716	0|0	0	1,0,0
NA12717	0|1	1	0,1,0
NA12750	1|0	1	0,1,0
NA12751	0|1	1	0,1,0
NA12760	0|0	0	1,0,0
NA12761	0|0	0	1,0,0
NA12762	0|0	0	1,0,0
NA12763	1|0	1	0,1,0
NA12812	0|0	0	1,0,0
NA12813	1|0	1	0,1,0
NA12814	1|0	1	0,1,0
NA12815	0|1	0.99	0.01,0.99,0
NA12872	0|0	0	1,0,0
NA12873	0|1	1	0,1,0
NA12874	0|0	0	1,0,0
NA12878	0|0	0	1,0,0
NA20502	0|0	0.11	0.89,0.11,0
NA20504	0|1	1	0,1,0
NA20505	1|0	1	0,1,0
NA20506	0|0	0	1,0,0
NA20508	0|1	1	0,1,0
NA20509	1|1	2	0,0,1
NA20510	1|0	1	0,1,0
NA20512	0|0	0	1,0,0
NA20515	0|1	1	0,1,0
NA20516	0|1	1	0,1,0
NA20517	1|0	1	0,1,0
NA20518	0|1	1	0,1,0
NA20519	1|0	1	0,1,0
NA20520	0|1	1	0,1,0
NA20521	0|0	0	1,0,0
NA20522	0|0	0	1,0,0
NA20524	0|1	1	0,1,0
NA20525	0|0	0.02	0.98,0.02,0
NA20527	0|1	1	0,1,0
NA20528	1|1	1.65	0,0.35,0.65
NA20529	1|0	1	0,1,0
NA20530	1|0	1	0,1,0
NA20531	0|1	1	0,1,0
NA20534	1|1	2	0,0,1
NA20535	1|0	1	0,1,0
NA20538	0|1	1	0,1,0
NA20539	0|0	0	1,0,0
NA20540	1|0	1	0,1,0
NA20541	0|0	0	1,0,0
NA20542	1|1	2	0,0,1
NA20543	0|0	0	1,0,0
NA20544	0|1	1	0,1,0
NA20581	0|0	0	1,0,0
NA20582	0|1	1	0,1,0
NA20585	0|1	1	0,1,0
NA20586	1|1	1.99	0,0.01,0.99
NA20588	1|0	1	0,1,0
NA20589	0|0	0	1,0,0
NA20752	0|0	0.26	0.74,0.26,0
NA20753	0|0	0	1,0,0
NA20754	0|1	1	0,1,0
NA20755	0|0	0	1,0,0
NA20756	0|0	0	1,0,0
NA20757	0|0	0	1,0,0
NA20758	0|1	1	0,1,0
NA20760	0|1	1	0,1,0
NA20761	0|0	0	1,0,0
NA20765	0|0	0	1,0,0
NA20766	0|1	1	0,1,0
NA20768	0|0	0	1,0,0
NA20769	0|0	0	1,0,0
NA20770	1|0	1	0,1,0
NA20771	0|0	0	1,0,0
NA20772	1|0	1	0,1,0
NA20773	1|1	2	0,0,1
NA20774	1|0	1	0,1,0
NA20775	1|1	2	0,0,1
NA20778	1|1	2	0,0,1
NA20783	0|0	0	1,0,0
NA20785	0|0	0	1,0,0
NA20786	0|1	1	0,1,0
NA20787	0|0	0	1,0,0
NA20790	0|1	1	0,1,0
NA20792	0|0	0.02	0.98,0.02,0
NA20795	0|0	0	1,0,0
NA20796	1|0	1	0,1,0
NA20797	0|1	1	0,1,0
NA20798	0|1	1	0,1,0
NA20799	1|1	2	0,0,1
NA20800	1|1	2	0,0,1
NA20801	0|1	1	0,1,0
NA20802	0|1	1	0,1,0
NA20803	0|1	1	0,1,0
NA20804	1|0	1	0,1,0
NA20805	0|0	0	1,0,0
NA20806	1|0	0.55	0.46,0.53,0.01
NA20807	0|0	0	1,0,0
NA20808	0|0	0	1,0,0
NA20809	0|1	0.96	0.04,0.96,0
NA20810	0|1	0.71	0.29,0.71,0
NA20811	1|0	1	0,1,0
NA20812	1|0	1	0,1,0
NA20813	0|0	0	1,0,0
NA20815	0|1	1	0,1,0
NA20818	0|0	0	1,0,0
NA20819	0|0	0.06	0.94,0.06,0
NA20826	1|1	2	0,0,1
NA20828	1|1	2	0,0,1
