NA18498	1|1	2	0,0,1
NA18502	1|0	1	0,1,0
NA18505	0|1	1	0,1,0
NA18507	1|1	2	0,0,1
NA18508	0|0	0	1,0,0
NA18517	0|0	0	1,0,0
NA18519	1|0	1.14	0,0.86,0.14
NA18858	1|1	1.8	0,0.2,0.8
NA18861	0|0	0.12	0.88,0.12,0
NA18867	1|1	1.95	0,0.05,0.95
NA18870	0|1	1	0,1,0
NA18910	1|1	2	0,0,1
NA18912	0|1	1	0,1,0
NA19092	1|1	1.66	0,0.34,0.66
NA19093	0|1	1	0,1,0
NA19098	1|1	2	0,0,1
NA19099	0|0	0	1,0,0
NA19102	1|0	1.06	0,0.94,0.06
NA19108	1|1	2	0,0,1
NA19116	1|1	1.98	0,0.02,0.98
NA19118	0|1	1	0,1,0
NA19119	1|0	1.38	0,0.62,0.38
NA19129	1|1	2	0,0,1
NA19130	1|1	2	0,0,1
NA19131	0|1	1.18	0,0.82,0.18
NA19137	1|0	0.86	0.22,0.7,0.08
NA19138	1|0	1	0,1,0
NA19141	0|1	1.48	0,0.52,0.48
NA19143	1|1	2	0,0,1
NA19144	0|1	1.04	0,0.96,0.04
NA19146	0|1	0.93	0.07,0.93,0
NA19150	1|1	2	0,0,1
NA19152	1|0	1.1	0,0.9,0.1
NA19153	1|0	1	0,1,0
NA19159	1|1	2	0,0,1
NA19160	0|1	1	0,1,0
NA19171	0|0	0	1,0,0
NA19172	1|0	1	0,1,0
NA19189	1|1	2	0,0,1
NA19200	0|1	0.93	0.07,0.93,0
NA19201	0|1	1	0,1,0
NA19204	1|1	2	0,0,1
NA19206	1|0	1	0,1,0
NA19207	1|1	2	0,0,1
NA19209	1|1	2	0,0,1
NA19210	0|0	0.16	0.84,0.16,0
NA19213	1|0	1	0,1,0
NA19222	0|1	1	0,1,0
NA19223	1|1	1.95	0,0.05,0.95
NA19240	1|0	0.76	0.24,0.76,0
