NA18526	0|0	1,0,0
NA18537	0|0	0.73,0.27,0
NA18550	0|0	1,0,0
NA18555	1|1	0,0.406,0.594
NA18562	0|0	1,0,0
NA18563	1|1	0,0,1
NA18582	0|0	1,0,0
NA18603	0|0	1,0,0
NA18606	1|1	0.001521,0.074958,0.923521
NA18621	0|0	1,0,0
NA18622	0|0	1,0,0
NA18628	0|1	0,1,0
NA18632	0|0	1,0,0
NA18636	1|1	0.002704,0.098592,0.898704
NA18647	0|0	1,0,0
NA18942	1|0	0.00300002,0.997,0
NA18945	1|1	0,0,1
NA18947	1|0	0.00199997,0.998,0
NA18951	0|1	0,1,0
NA18952	0|0	1,0,0
NA18953	1|1	0,0,1
NA18965	0|0	1,0,0
NA18970	0|0	1,0,0
NA18977	0|0	1,0,0
NA18987	1|0	0.00400001,0.996,0
NA18990	1|1	9.99974e-07,0.00199797,0.998001
NA18995	0|0	1,0,0
NA19003	1|0	0,1,0
NA19010	0|1	0.000999987,0.999,0
