NA18532	0|1	1	0,1,0
NA18537	1|1	2	0,0,1
NA18542	1|1	2	0,0,1
NA18545	0|0	0.45	0.56,0.44,0
NA18547	0|1	1.35	0,0.65,0.35
NA18550	0|1	1	0,1,0
NA18552	0|1	1.34	0,0.66,0.34
NA18555	1|0	0.96	0.04,0.96,0
NA18558	0|0	0	1,0,0
NA18561	0|0	0.02	0.98,0.02,0
NA18562	0|0	0.44	0.57,0.42,0.01
NA18563	1|1	1.97	0,0.03,0.97
NA18564	1|1	1.73	0,0.27,0.73
NA18566	0|1	1.02	0,0.97,0.03
NA18570	1|1	1.69	0,0.3,0.7
NA18571	1|0	0.93	0.08,0.92,0
NA18572	1|0	1	0,1,0
NA18573	0|0	0	1,0,0
NA18577	0|1	1.06	0,0.94,0.06
NA18579	1|0	0.55	0.45,0.55,0
NA18582	0|1	0.59	0.42,0.58,0
NA18592	0|1	0.95	0.08,0.9,0.02
NA18593	1|0	1	0,1,0
NA18603	1|0	1	0,1,0
NA18605	1|0	0.84	0.16,0.84,0
NA18608	0|0	0	1,0,0
NA18609	1|0	1	0,1,0
NA18611	0|0	0	1,0,0
NA18612	1|1	1.97	0,0.03,0.97
NA18620	0|1	1.41	0,0.59,0.41
NA18621	0|0	0.63	0.46,0.44,0.1
NA18622	0|1	1	0,1,0
NA18623	0|0	0.13	0.87,0.13,0
NA18624	1|0	0.82	0.18,0.82,0
NA18632	0|0	0.23	0.77,0.23,0
NA18633	0|1	0.57	0.43,0.57,0
NA18635	0|1	0.96	0.04,0.96,0
NA18636	0|1	1.04	0,0.96,0.04
NA18637	1|0	1.13	0.04,0.79,0.17
NA18940	0|1	1	0,1,0
NA18942	0|1	1	0,1,0
NA18943	0|1	0.69	0.4,0.51,0.09
NA18944	1|1	2	0,0,1
NA18945	1|0	0.66	0.34,0.66,0
NA18947	1|0	1	0,1,0
NA18948	1|0	1	0,1,0
NA18949	1|0	1	0,1,0
NA18951	1|0	0.91	0.09,0.91,0
NA18952	1|1	1.99	0,0.01,0.99
NA18953	1|1	1.99	0,0.01,0.99
NA18956	1|1	1.68	0,0.32,0.68
NA18959	1|1	1.93	0,0.07,0.93
NA18960	1|0	1	0,1,0
NA18961	0|0	0.5	0.5,0.5,0
NA18964	0|1	1.02	0,0.98,0.02
NA18965	1|1	1.7	0,0.3,0.7
NA18966	1|1	2	0,0,1
NA18967	1|1	1.99	0,0.01,0.99
NA18968	0|1	1.42	0,0.58,0.42
NA18969	0|0	0	1,0,0
NA18970	1|0	1	0,1,0
NA18971	0|0	0.13	0.87,0.13,0
NA18972	0|1	1.02	0,0.98,0.02
NA18973	0|0	0.37	0.63,0.37,0
NA18974	0|1	1	0,1,0
NA18975	1|0	0.58	0.43,0.57,0
NA18976	0|1	1.44	0,0.56,0.44
NA18978	0|0	0	1,0,0
NA18980	0|0	0.15	0.85,0.15,0
NA18981	0|0	0.01	0.99,0.01,0
NA18987	0|1	1	0,1,0
NA18990	0|0	0	1,0,0
NA18991	0|1	0.69	0.31,0.69,0
NA18992	0|1	1.05	0,0.95,0.05
NA18994	1|1	1.84	0,0.16,0.84
NA18995	0|0	0.02	0.98,0.02,0
NA18997	1|1	1.98	0,0.02,0.98
NA18998	0|0	0.21	0.79,0.21,0
NA18999	1|1	1.57	0.02,0.39,0.59
NA19000	0|1	1	0.01,0.99,0
NA19003	1|0	1.07	0,0.92,0.08
NA19005	1|1	2	0,0,1
NA19007	0|1	0.97	0.03,0.97,0
NA19012	1|1	2	0,0,1
