NA06985	1|0	1	0,1,0
NA06991	0|1	1	0,1,0
NA06993	1|1	1.95	0,0.05,0.95
NA06994	1|1	1.89	0.01,0.1,0.89
NA07000	1|1	2	0,0,1
NA07019	1|1	2	0,0,1
NA07022	1|1	2	0,0,1
NA07029	1|1	1.98	0,0.02,0.98
NA07034	1|1	2	0,0,1
NA07048	1|0	1	0,1,0
NA07055	1|0	0.97	0.03,0.97,0
NA07056	1|0	1	0,1,0
NA07345	0|0	0.01	0.99,0.01,0
NA07348	0|0	0	1,0,0
NA07357	1|0	1	0,1,0
NA10830	1|0	1	0,1,0
NA10831	1|1	2	0,0,1
NA10835	0|1	1	0,1,0
NA10838	0|1	0.99	0.01,0.99,0
NA10839	0|1	1.03	0,0.97,0.03
NA10846	1|0	1	0,1,0
NA10847	1|1	2	0,0,1
NA10851	1|0	1	0,1,0
NA10854	0|0	0	1,0,0
NA10855	0|1	1	0,1,0
NA10856	1|1	2	0,0,1
NA10857	1|1	2	0,0,1
NA10859	0|0	0	1,0,0
NA10860	1|1	2	0,0,1
NA10861	1|1	2	0,0,1
NA10863	1|0	1	0,1,0
NA11829	1|1	1.96	0,0.04,0.96
NA11830	1|1	2	0,0,1
NA11831	1|1	2	0,0,1
NA11832	1|0	0.87	0.13,0.87,0
NA11839	1|0	0.88	0.12,0.88,0
NA11840	1|1	2	0,0,1
NA11881	0|1	1	0,1,0
NA11882	1|0	1	0,1,0
NA11992	1|0	1	0,1,0
NA11993	1|1	2	0,0,1
NA11994	1|0	1	0,1,0
NA11995	1|1	2	0,0,1
NA12003	0|1	1	0,1,0
NA12004	0|0	0	1,0,0
NA12005	0|0	0	1,0,0
NA12006	1|1	2	0,0,1
NA12043	1|1	2	0,0,1
NA12044	0|1	1	0,1,0
NA12056	0|1	1	0,1,0
NA12057	0|1	1	0,1,0
NA12144	1|0	1	0,1,0
NA12145	1|1	2	0,0,1
NA12146	1|1	2	0,0,1
NA12154	1|0	1	0,1,0
NA12155	0|1	1.18	0,0.82,0.18
NA12156	1|0	1	0,1,0
NA12234	0|1	1	0,1,0
NA12236	0|1	1.16	0,0.83,0.17
NA12239	1|1	1.7	0,0.3,0.7
NA12248	1|0	1	0,1,0
NA12249	0|1	1	0,1,0
NA12264	1|1	2	0,0,1
NA12707	0|0	0	1,0,0
NA12716	0|0	0.03	0.97,0.03,0
NA12717	0|0	0.02	0.98,0.02,0
NA12740	1|1	2	0,0,1
NA12750	1|1	1.89	0,0.11,0.89
NA12751	1|1	2	0,0,1
NA12752	1|1	2	0,0,1
NA12753	1|0	1	0,1,0
NA12760	0|1	1	0,1,0
NA12761	1|1	1.82	0,0.18,0.82
NA12762	0|1	1.34	0,0.66,0.34
NA12763	1|0	1	0,1,0
NA12801	0|0	0	1,0,0
NA12802	1|1	2	0,0,1
NA12812	1|0	1	0,1,0
NA12813	0|0	0	1,0,0
NA12814	1|1	1.77	0,0.23,0.77
NA12815	1|0	1	0,1,0
NA12864	1|1	2	0,0,1
NA12865	1|0	1	0,1,0
NA12872	1|1	2	0,0,1
NA12873	1|1	2	0,0,1
NA12874	1|0	1	0,1,0
NA12875	1|1	2	0,0,1
NA12878	1|1	2	0,0,1
NA12891	1|1	1.98	0,0.02,0.98
NA12892	1|0	1	0,1,0
NA20502	1|0	1	0,1,0
NA20504	1|0	1.24	0,0.76,0.24
NA20505	1|0	0.99	0.01,0.99,0
NA20506	1|1	1.97	0,0.03,0.97
NA20508	1|1	2	0,0,1
NA20509	0|1	1	0,1,0
NA20510	1|0	1	0,1,0
NA20512	0|0	0.01	0.99,0.01,0
NA20515	1|0	0.72	0.28,0.72,0
NA20516	0|1	0.58	0.42,0.58,0
NA20517	0|0	0.25	0.76,0.23,0.01
NA20518	1|1	2	0,0,1
NA20519	0|0	0.47	0.53,0.47,0
NA20520	0|1	0.98	0.02,0.98,0
NA20521	1|1	1.9	0,0.1,0.9
NA20522	1|1	2	0,0,1
NA20524	1|1	1.94	0,0.06,0.94
NA20525	1|1	2	0,0,1
NA20527	0|0	0.34	0.66,0.34,0
NA20528	1|0	0.99	0.01,0.99,0
NA20529	0|1	1	0,1,0
NA20530	0|0	0	1,0,0
NA20531	1|1	2	0,0,1
NA20534	1|0	0.76	0.24,0.76,0
NA20535	0|1	1.27	0,0.73,0.27
NA20538	1|1	1.78	0,0.22,0.78
NA20539	0|0	0	1,0,0
NA20540	1|1	2	0,0,1
NA20541	1|1	2	0,0,1
NA20542	1|0	0.91	0.09,0.91,0
NA20543	1|1	1.96	0,0.04,0.96
NA20544	0|1	1.4	0,0.6,0.4
NA20581	0|1	0.87	0.13,0.87,0
NA20582	0|1	1	0,1,0
NA20585	1|0	1	0.01,0.99,0
NA20586	1|0	1	0,1,0
NA20588	1|1	1.54	0,0.45,0.55
NA20589	0|1	1.44	0,0.56,0.44
NA20752	1|1	2	0,0,1
NA20753	0|1	0.88	0.12,0.88,0
NA20754	0|1	0.9	0.1,0.9,0
NA20755	0|1	1	0,1,0
NA20756	0|0	0	1,0,0
NA20757	0|1	1	0,1,0
NA20758	1|1	1.99	0,0.01,0.99
NA20759	1|0	1	0,1,0
NA20760	0|1	1	0,1,0
NA20761	1|0	1	0,1,0
NA20765	1|0	1	0,1,0
NA20766	0|1	0.99	0.01,0.99,0
NA20768	1|0	1.07	0,0.93,0.07
NA20769	0|1	1	0,1,0
NA20770	0|1	1	0,1,0
NA20771	0|1	1	0,1,0
NA20772	1|0	0.97	0.03,0.97,0
NA20773	1|1	2	0,0,1
NA20774	0|1	1.36	0.07,0.51,0.42
NA20775	0|0	0	1,0,0
NA20778	0|0	0.05	0.95,0.05,0
NA20783	1|1	2	0,0,1
NA20785	1|1	2	0,0,1
NA20786	0|1	0.99	0.01,0.99,0
NA20787	1|1	1.99	0,0.01,0.99
NA20790	1|0	1.46	0,0.54,0.46
NA20792	0|0	0.12	0.88,0.12,0
NA20795	1|1	2	0,0,1
NA20796	0|1	1	0,1,0
NA20797	1|0	1	0,1,0
NA20798	1|1	1.83	0,0.17,0.83
NA20799	1|0	1	0,1,0
NA20800	1|1	1.74	0,0.26,0.74
NA20801	1|0	1.01	0,0.99,0.01
NA20802	1|1	2	0,0,1
NA20803	1|0	0.99	0.01,0.99,0
NA20804	0|1	1	0,1,0
NA20805	0|1	1	0,1,0
NA20806	1|1	2	0,0,1
NA20807	1|1	1.82	0,0.18,0.82
NA20808	1|1	2	0,0,1
NA20809	0|0	0.01	0.99,0.01,0
NA20810	0|1	1	0,1,0
NA20811	0|0	0	1,0,0
NA20812	0|1	1.01	0,0.99,0.01
NA20813	1|1	1.71	0,0.29,0.71
NA20815	1|1	2	0,0,1
NA20818	1|1	2	0,0,1
NA20819	0|0	0	1,0,0
NA20826	0|1	1	0,1,0
NA20828	1|1	2	0,0,1
