NA18498	0|0	1,0,0
NA18500	0|0	1,0,0
NA18501	0|0	1,0,0
NA18502	0|0	1,0,0
NA18503	0|0	1,0,0
NA18504	0|0	1,0,0
NA18505	0|0	1,0,0
NA18506	0|0	1,0,0
NA18507	0|0	1,0,0
NA18508	0|0	1,0,0
NA18515	0|0	1,0,0
NA18516	0|0	1,0,0
NA18517	0|0	1,0,0
NA18519	0|0	1,0,0
NA18521	0|0	1,0,0
NA18522	0|0	1,0,0
NA18523	0|0	1,0,0
NA18852	0|0	1,0,0
NA18853	0|0	1,0,0
NA18854	0|0	1,0,0
NA18855	0|0	1,0,0
NA18856	0|0	1,0,0
NA18857	0|0	1,0,0
NA18858	0|0	1,0,0
NA18859	0|0	1,0,0
NA18861	0|0	1,0,0
NA18862	0|0	1,0,0
NA18863	0|0	1,0,0
NA18867	0|0	1,0,0
NA18870	0|0	1,0,0
NA18871	0|0	1,0,0
NA18872	0|0	1,0,0
NA18910	0|0	1,0,0
NA18912	0|0	1,0,0
NA18913	0|0	1,0,0
NA18914	0|0	1,0,0
NA19027	0|0	1,0,0
NA19028	0|0	1,0,0
NA19031	0|0	1,0,0
NA19035	0|0	1,0,0
NA19036	0|0	1,0,0
NA19038	0|0	1,0,0
NA19041	0|0	1,0,0
NA19092	0|0	1,0,0
NA19093	0|0	1,0,0
NA19094	0|0	1,0,0
NA19098	0|0	1,0,0
NA19100	0|0	1,0,0
NA19101	0|0	1,0,0
NA19102	0|0	1,0,0
NA19103	0|0	1,0,0
NA19108	0|0	1,0,0
NA19116	0|0	1,0,0
NA19118	0|0	1,0,0
NA19119	0|0	1,0,0
NA19120	0|0	1,0,0
NA19127	0|0	1,0,0
NA19128	0|0	1,0,0
NA19129	0|0	1,0,0
NA19130	0|0	1,0,0
NA19131	0|0	1,0,0
NA19132	0|0	1,0,0
NA19137	0|0	1,0,0
NA19138	0|0	1,0,0
NA19139	0|0	1,0,0
NA19140	0|0	1,0,0
NA19141	0|0	1,0,0
NA19142	0|0	1,0,0
NA19143	0|0	1,0,0
NA19144	0|0	1,0,0
NA19145	0|0	1,0,0
NA19146	0|0	1,0,0
NA19150	0|0	1,0,0
NA19153	0|0	1,0,0
NA19154	0|0	1,0,0
NA19159	0|0	1,0,0
NA19160	1|0	0,1,0
NA19161	1|0	0,1,0
NA19171	0|0	1,0,0
NA19172	0|0	1,0,0
NA19173	0|0	1,0,0
NA19189	0|0	1,0,0
NA19200	0|0	1,0,0
NA19201	0|0	1,0,0
NA19202	0|0	1,0,0
NA19203	0|0	0.999,0.001,0
NA19204	0|0	1,0,0
NA19205	0|0	1,0,0
NA19206	0|0	1,0,0
NA19207	0|0	1,0,0
NA19208	0|0	1,0,0
NA19209	0|0	1,0,0
NA19210	0|0	1,0,0
NA19211	0|0	1,0,0
NA19221	0|0	1,0,0
NA19222	0|0	1,0,0
NA19223	0|0	1,0,0
NA19238	0|0	1,0,0
NA19239	0|0	1,0,0
NA19240	0|0	1,0,0
NA19307	0|0	1,0,0
NA19308	0|0	1,0,0
NA19309	0|0	1,0,0
NA19310	0|0	1,0,0
NA19314	0|0	1,0,0
NA19315	0|0	1,0,0
NA19316	0|0	1,0,0
NA19317	0|0	1,0,0
NA19318	0|0	1,0,0
NA19319	0|0	1,0,0
NA19321	0|0	1,0,0
NA19324	0|0	1,0,0
NA19327	0|0	1,0,0
NA19328	0|0	1,0,0
NA19332	0|0	1,0,0
NA19334	0|0	1,0,0
NA19346	0|0	1,0,0
NA19347	0|0	1,0,0
NA19350	0|0	1,0,0
NA19360	0|0	1,0,0
NA19372	0|0	1,0,0
NA19374	0|0	1,0,0
NA19375	0|0	1,0,0
NA19376	0|0	1,0,0
NA19377	0|0	1,0,0
NA19379	0|0	1,0,0
NA19380	0|0	1,0,0
NA19383	0|0	1,0,0
NA19384	0|0	1,0,0
NA19385	0|0	1,0,0
NA19390	0|0	1,0,0
NA19391	0|0	1,0,0
NA19393	0|0	1,0,0
NA19397	0|0	1,0,0
NA19399	0|0	1,0,0
NA19403	0|0	1,0,0
NA19404	0|0	1,0,0
NA19428	0|1	0,1,0
NA19429	0|0	1,0,0
NA19430	0|0	1,0,0
NA19431	0|0	1,0,0
NA19434	0|0	1,0,0
NA19435	0|0	1,0,0
NA19436	0|0	1,0,0
NA19437	0|0	1,0,0
NA19438	0|0	1,0,0
NA19439	0|0	1,0,0
NA19440	0|0	1,0,0
NA19443	0|0	1,0,0
NA19445	0|0	1,0,0
NA19446	0|0	1,0,0
NA19448	0|0	1,0,0
NA19449	0|0	1,0,0
NA19451	0|0	1,0,0
NA19452	0|0	1,0,0
NA19455	0|0	1,0,0
NA19456	0|0	1,0,0
NA19457	0|0	1,0,0
NA19462	0|0	1,0,0
NA19463	0|0	1,0,0
NA19466	0|0	0.732,0.268,0
NA19467	0|0	1,0,0
NA19468	0|0	1,0,0
NA19471	0|0	1,0,0
NA19472	0|0	1,0,0
NA19473	0|0	1,0,0
NA19474	0|0	1,0,0
NA06985	0|0	1,0,0
NA06991	0|0	1,0,0
NA06993	0|0	1,0,0
NA06994	0|0	1,0,0
NA07000	0|0	1,0,0
NA07019	0|0	1,0,0
NA07022	0|0	1,0,0
NA07029	0|0	1,0,0
NA07034	0|0	1,0,0
NA07055	0|0	1,0,0
NA07056	0|0	1,0,0
NA07345	0|1	0,1,0
NA07348	1|0	0,1,0
NA07357	0|0	1,0,0
NA10830	1|0	0.005,0.995,0
NA10831	0|0	1,0,0
NA10835	0|0	1,0,0
NA10838	0|0	1,0,0
NA10846	0|0	1,0,0
NA10847	0|0	1,0,0
NA10851	0|0	1,0,0
NA10854	0|0	1,0,0
NA10855	0|0	1,0,0
NA10856	0|0	1,0,0
NA10857	0|0	1,0,0
NA10859	0|0	1,0,0
NA18526	0|0	1,0,0
NA18532	0|0	1,0,0
NA18537	0|0	1,0,0
NA18542	0|0	1,0,0
NA18545	0|0	1,0,0
NA18547	0|0	1,0,0
NA18550	0|0	1,0,0
NA18552	0|0	0.683,0.317,0
NA18555	0|0	1,0,0
NA18558	1|0	0.03,0.97,0
NA18561	0|0	1,0,0
NA18562	0|0	1,0,0
NA18563	0|0	1,0,0
NA18564	0|0	1,0,0
NA18566	0|0	1,0,0
NA18570	0|0	1,0,0
NA18571	0|0	1,0,0
NA18572	0|0	1,0,0
NA18573	0|0	1,0,0
NA18577	0|0	1,0,0
NA18579	0|0	1,0,0
NA18582	0|0	1,0,0
NA18592	0|0	1,0,0
NA18593	0|0	1,0,0
NA18603	0|0	1,0,0
NA18605	0|0	1,0,0
NA18608	0|0	1,0,0
NA18609	0|0	1,0,0
NA18611	0|0	1,0,0
NA18612	0|0	1,0,0
NA18620	0|0	1,0,0
NA18621	0|0	1,0,0
NA18622	0|0	1,0,0
NA18623	0|0	1,0,0
NA18624	0|0	1,0,0
NA18628	0|0	1,0,0
NA18632	0|0	1,0,0
NA18633	0|0	1,0,0
NA18635	0|0	1,0,0
NA18636	0|0	1,0,0
NA18637	0|0	1,0,0
NA18647	0|0	1,0,0
NA18940	0|0	1,0,0
NA18942	0|0	1,0,0
NA18943	0|0	1,0,0
NA18944	0|0	1,0,0
NA18945	0|0	1,0,0
NA18947	0|0	1,0,0
NA18948	0|0	1,0,0
NA18951	0|0	1,0,0
NA18952	0|0	1,0,0
NA18953	0|0	1,0,0
NA18956	0|0	1,0,0
NA18959	0|0	1,0,0
NA18960	0|0	1,0,0
NA18961	0|0	1,0,0
NA18964	0|0	1,0,0
NA18965	0|0	1,0,0
NA18966	0|0	1,0,0
NA18967	0|0	1,0,0
NA18968	0|0	1,0,0
NA18969	0|0	1,0,0
NA18970	0|0	1,0,0
NA18971	0|0	1,0,0
NA18972	0|0	1,0,0
NA18973	0|0	1,0,0
NA18974	0|0	1,0,0
NA18975	0|0	1,0,0
NA18976	0|0	1,0,0
NA18977	0|0	1,0,0
NA18978	0|0	1,0,0
NA18980	0|0	1,0,0
NA18981	0|0	1,0,0
NA18987	0|0	1,0,0
NA18990	0|0	1,0,0
NA18991	0|0	1,0,0
NA18992	0|0	1,0,0
NA18994	0|0	1,0,0
NA18995	0|0	1,0,0
NA18997	0|0	1,0,0
NA18998	0|0	1,0,0
NA18999	0|0	1,0,0
NA19000	0|0	1,0,0
NA19003	0|0	1,0,0
NA19005	0|0	1,0,0
NA19007	0|0	1,0,0
NA19012	0|0	1,0,0
