NA06985	1|1	9.99974e-07,0.00199797,0.998001
NA06994	0|1	0,1,0
NA07000	0|1	0.004975,0.99005,0.004975
NA07048	0|1	0,1,0
NA07056	1|1	0,0.00199997,0.998
NA07348	1|0	0,1,0
NA07357	0|0	1,0,0
NA10847	1|0	0.00199997,0.998,0
NA10851	0|0	0.998001,0.001998,1e-06
NA11829	1|0	0.00199997,0.998,0
NA11830	0|1	0.00700003,0.993,0
NA11831	1|0	0.005,0.995,0
NA11832	0|0	1,0,0
NA11840	0|1	0.00700003,0.993,0
NA11881	1|1	0,0.000999987,0.999
NA11992	1|1	1.99995e-06,0.00299596,0.997002
NA11994	1|1	0,0,1
NA11995	1|1	0,0.005,0.995
NA12003	0|0	1,0,0
NA12004	0|1	0,0.999,0.001
NA12005	1|1	0,0.00300002,0.997
NA12006	1|1	6.99994e-06,0.00798602,0.992007
NA12043	0|1	0,1,0
NA12044	1|0	0,1,0
NA12144	1|1	0,0.00400001,0.996
NA12154	1|1	5.99996e-06,0.004988,0.995006
NA12155	0|1	0.00300002,0.997,0
NA12156	0|0	1,0,0
NA12234	0|1	0,0.995,0.005
NA12249	0|0	1,0,0
NA12716	0|0	0.999,0.001,0
NA12717	0|0	0.996,0.004,0
NA12750	1|1	0,0.000999987,0.999
NA12751	0|1	0,1,0
NA12760	0|0	1,0,0
NA12761	1|1	0,0,1
NA12762	1|0	0.00700003,0.993,0
NA12763	0|1	0,1,0
NA12812	1|1	0,0.000999987,0.999
NA12813	0|0	1,0,0
NA12814	0|0	1,0,0
NA12815	1|1	0,0.00300002,0.997
NA12872	1|1	0,0.000999987,0.999
NA12873	1|0	0.005,0.995,0
NA12874	0|0	0.994,0.006,0
NA12878	0|0	1,0,0
NA20502	0|0	1,0,0
NA20504	1|0	0.00400001,0.996,0
NA20505	0|1	0,1,0
NA20506	1|1	0,0,1
NA20508	0|0	1,0,0
NA20509	1|1	5.99996e-06,0.004988,0.995006
NA20510	1|0	0.000999987,0.999,0
NA20512	0|0	0.999,0.001,0
NA20515	0|1	0,0.999,0.001
NA20516	1|1	0,0.00400001,0.996
NA20517	1|1	0,0.00199997,0.998
NA20518	1|1	0,0.00300002,0.997
NA20519	0|1	0.00400001,0.996,0
NA20520	1|1	9.99974e-07,0.00199797,0.998001
NA20521	1|0	0,1,0
NA20522	1|0	0,1,0
NA20524	0|1	0,1,0
NA20525	1|0	0.016,0.984,0
NA20527	0|1	0.00400001,0.996,0
NA20528	1|0	0.00199997,0.998,0
NA20529	0|1	0,1,0
NA20530	0|1	0,1,0
NA20531	1|1	0,0.00400001,0.996
NA20534	0|0	1,0,0
NA20535	0|1	0.027,0.973,0
NA20538	1|0	0,1,0
NA20539	0|1	0.00299702,0.996006,0.000997
NA20540	0|1	0.00300002,0.997,0
NA20541	1|0	0.00199997,0.998,0
NA20542	0|1	0.00199997,0.998,0
NA20543	1|1	5.99996e-06,0.004988,0.995006
NA20544	1|0	0,1,0
NA20581	1|0	0,1,0
NA20582	0|1	0,1,0
NA20585	1|1	0,0.00700003,0.993
NA20586	1|0	0,1,0
NA20588	0|0	1,0,0
NA20589	1|1	0,0.00599998,0.994
NA20752	0|1	0.005,0.995,0
NA20753	1|1	0,0.005,0.995
NA20754	1|1	0,0.00400001,0.996
NA20755	1|0	0,1,0
NA20756	1|1	5.99996e-06,0.004988,0.995006
NA20757	0|1	0,1,0
NA20758	0|0	0.999,0.001,0
NA20759	0|0	0.998,0.002,0
NA20760	0|0	1,0,0
NA20761	1|0	0,0.995,0.005
NA20765	1|0	0,1,0
NA20766	1|0	0,0.999,0.001
NA20768	0|0	1,0,0
NA20769	1|0	0,1,0
NA20770	1|1	0,0.00300002,0.997
NA20771	1|1	0,0,1
NA20772	1|0	0,0.999,0.001
NA20773	0|0	0.999,0.001,0
NA20774	0|1	0.005,0.995,0
NA20775	0|0	1,0,0
NA20778	1|1	5.99991e-06,0.00698797,0.993006
NA20783	0|0	1,0,0
NA20785	1|0	0.00400001,0.996,0
NA20786	1|1	1.20001e-05,0.00697603,0.993012
NA20787	0|0	1,0,0
NA20790	1|1	2.10002e-05,0.00995805,0.990021
NA20792	1|0	0.00300002,0.997,0
NA20795	1|1	0,0,1
NA20796	1|0	0.011,0.989,0
NA20797	0|0	1,0,0
NA20798	0|1	0.00399601,0.995008,0.000996
NA20799	1|1	0,0.016,0.984
NA20800	0|0	1,0,0
NA20801	1|1	9.99986e-06,0.00697997,0.99301
NA20802	0|0	0.997,0.003,0
NA20803	0|0	1,0,0
NA20804	0|0	0.999,0.001,0
NA20805	1|0	0.005,0.995,0
NA20806	1|1	0,0,1
NA20807	1|1	0,0.04,0.96
NA20808	0|1	0,1,0
NA20809	0|1	0.000999987,0.999,0
NA20810	0|0	0.997002,0.002996,2e-06
NA20811	1|1	0,0.005,0.995
NA20812	1|1	0,0.00400001,0.996
NA20813	0|0	1,0,0
NA20815	0|0	0.999,0.001,0
NA20818	1|1	0,0,1
NA20819	1|0	0.005,0.995,0
NA20826	0|1	0,0.997,0.003
NA20828	1|1	0,0,1
