NA18526	1|1	1.74	0.01,0.25,0.75
NA18537	0|1	1.27	0,0.73,0.27
NA18550	0|1	0.93	0.07,0.93,0
NA18555	0|0	0.09	0.91,0.09,0
NA18562	1|0	1	0,1,0
NA18563	0|0	0.43	0.57,0.43,0
NA18582	0|0	0.23	0.77,0.23,0
NA18603	1|1	2	0,0,1
NA18606	0|0	0	1,0,0
NA18621	0|0	0.18	0.82,0.18,0
NA18622	1|0	1.43	0.01,0.54,0.45
NA18628	1|0	0.95	0.05,0.95,0
NA18632	0|0	0	1,0,0
NA18636	1|0	1	0,1,0
NA18647	0|1	0.61	0.41,0.57,0.02
NA18942	0|0	0	1,0,0
NA18945	0|0	0.34	0.66,0.34,0
NA18947	0|0	0	1,0,0
NA18951	1|1	1.83	0,0.17,0.83
NA18952	1|1	1.97	0,0.03,0.97
NA18953	0|1	0.98	0.03,0.95,0.01
NA18956	0|1	0.8	0.2,0.8,0
NA18965	0|1	1.37	0.04,0.56,0.41
NA18970	0|0	0.04	0.96,0.04,0
NA18973	1|0	0.65	0.35,0.65,0
NA18977	0|1	1	0.06,0.88,0.06
NA18987	1|0	1.01	0,0.99,0.01
NA18990	0|1	1.04	0,0.96,0.04
NA18995	1|1	2	0,0,1
NA19003	0|0	0.01	0.99,0.01,0
NA19010	0|0	0.57	0.49,0.45,0.06
