NA06985	1|1	0,0.00300002,0.997
NA06991	1|1	0,0,1
NA06993	0|1	0,1,0
NA06994	0|0	1,0,0
NA07000	0|0	1,0,0
NA07019	0|0	1,0,0
NA07022	0|0	1,0,0
NA07029	0|0	1,0,0
NA07034	1|0	0.000999987,0.999,0
NA07048	1|1	8.79989e-05,0.088824,0.911088
NA07055	0|1	0.000999987,0.999,0
NA07056	1|0	0,1,0
NA07345	0|1	0.000999987,0.999,0
NA07348	1|0	0,1,0
NA07357	1|1	0,0.00300002,0.997
NA10830	0|1	0,1,0
NA10831	0|1	0,1,0
NA10835	0|1	0,1,0
NA10838	1|1	1.59998e-05,0.00996799,0.990016
NA10839	0|0	1,0,0
NA10846	0|0	0.72,0.28,0
NA10847	1|0	0,1,0
NA10851	1|0	0,0.984,0.016
NA10854	0|0	1,0,0
NA10855	1|0	0,1,0
NA10856	1|0	0,1,0
NA10857	1|1	0,0,1
NA10859	0|1	0,1,0
NA10860	1|1	0,0,1
NA10861	1|1	0,0,1
NA10863	0|0	1,0,0
NA11829	0|1	0.331,0.669,0
NA11830	1|1	0,0.005,0.995
NA11831	0|1	0,1,0
NA11832	1|0	0,1,0
NA11839	1|0	0.061,0.939,0
NA11840	0|0	0.844,0.156,0
NA11881	0|0	1,0,0
NA11882	1|0	0,0.995,0.005
NA11992	1|1	0,0.00199997,0.998
NA11993	0|1	0,0.957,0.043
NA11994	1|1	0,0.00800002,0.992
NA11995	1|0	0,1,0
NA12003	1|1	3.99996e-06,0.004992,0.995004
NA12004	1|0	0,1,0
NA12005	0|1	0.005,0.995,0
NA12006	0|0	0.567,0.433,0
NA12043	1|1	0,0,1
NA12044	1|1	0,0,1
NA12056	1|0	0.00199997,0.998,0
NA12057	0|1	0,1,0
NA12144	1|1	9.99986e-06,0.01098,0.98901
NA12145	0|1	0,1,0
NA12146	1|0	0,1,0
NA12154	1|0	0.114,0.886,0
NA12155	0|1	0,1,0
NA12156	0|0	1,0,0
NA12234	0|0	1,0,0
NA12236	1|0	0,1,0
NA12239	0|1	0.019,0.981,0
NA12248	1|1	0,0,1
NA12249	0|0	0.886,0.114,0
NA12264	0|0	1,0,0
NA12707	0|1	0,1,0
NA12716	0|0	1,0,0
NA12717	1|1	0,0.00999999,0.99
NA12740	0|0	1,0,0
NA12750	0|0	0.997,0.003,0
NA12751	0|1	0.00199997,0.998,0
NA12752	1|0	0,1,0
NA12753	0|1	0,1,0
NA12760	0|0	1,0,0
NA12761	1|1	0,0.494,0.506
NA12762	0|1	0,0.672,0.328
NA12763	0|0	0.999,0.001,0
NA12801	0|0	1,0,0
NA12802	0|1	0,1,0
NA12812	0|0	1,0,0
NA12813	1|0	0,1,0
NA12814	0|1	0.000999987,0.999,0
NA12815	1|1	0,0,1
NA12864	0|1	0,1,0
NA12865	0|1	0.000999987,0.999,0
NA12872	0|0	1,0,0
NA12873	1|1	0,0.33,0.67
NA12874	0|1	0.000999987,0.999,0
NA12875	0|0	0.977,0.023,0
NA12878	0|0	1,0,0
NA12891	1|0	0,1,0
NA12892	0|1	0.00400001,0.996,0
NA20502	0|1	0.131,0.869,0
NA20504	1|0	0.00999999,0.99,0
NA20505	1|0	0.013136,0.810728,0.176136
NA20506	1|0	0,1,0
NA20508	1|0	0.000999987,0.999,0
NA20509	1|0	0,0.97,0.03
NA20510	1|1	9.99974e-07,0.00199797,0.998001
NA20512	1|0	0.000999987,0.999,0
NA20515	0|1	0,1,0
NA20516	1|1	0,0.026,0.974
NA20517	1|0	0,1,0
NA20518	0|0	0.651,0.349,0
NA20519	0|0	0.997,0.003,0
NA20520	0|0	0.977,0.023,0
NA20521	1|0	0.012,0.988,0
NA20522	0|0	1,0,0
NA20524	1|1	1.99995e-06,0.00299596,0.997002
NA20525	0|0	0.505,0.495,0
NA20527	0|0	0.999,0.001,0
NA20528	0|0	0.971,0.029,0
NA20529	0|0	0.904,0.096,0
NA20530	1|1	0,0,1
NA20531	1|0	0.00299702,0.996006,0.000997
NA20534	0|0	0.96628,0.03344,0.00028
NA20535	1|1	0,0.00199997,0.998
NA20538	0|0	1,0,0
NA20539	1|1	0,0.00199997,0.998
NA20540	1|0	0.00299402,0.995012,0.001994
NA20541	1|0	0.000999987,0.999,0
NA20542	0|1	0.00400001,0.996,0
NA20543	0|0	1,0,0
NA20544	0|0	1,0,0
NA20581	0|0	0.986024,0.013952,2.4e-05
NA20582	0|1	0.00400001,0.996,0
NA20585	1|0	0.148,0.852,0
NA20586	0|0	0.999,0.001,0
NA20588	0|1	0,1,0
NA20589	1|1	0,0,1
NA20752	1|0	0.000999987,0.999,0
NA20753	1|0	0,1,0
NA20754	1|1	0,0.00199997,0.998
NA20755	0|0	0.993,0.007,0
NA20756	1|1	9.99986e-06,0.01098,0.98901
NA20757	0|0	1,0,0
NA20758	1|0	0,0.999,0.001
NA20759	1|1	0,0.000999987,0.999
NA20760	1|0	0,1,0
NA20761	0|1	0.000999987,0.999,0
NA20765	0|0	1,0,0
NA20766	0|0	1,0,0
NA20768	1|0	0,1,0
NA20769	1|1	0,0.000999987,0.999
NA20770	1|1	0,0.00400001,0.996
NA20771	0|0	0.997,0.003,0
NA20772	1|1	5.49998e-05,0.01589,0.984055
NA20773	1|1	0,0,1
NA20774	1|0	0,0.997,0.003
NA20778	1|0	0,1,0
NA20783	1|1	0.001308,0.328384,0.670308
NA20785	1|0	0.00400001,0.996,0
NA20786	0|0	0.944,0.056,0
NA20787	1|0	0.067,0.933,0
NA20790	0|0	0.868,0.132,0
NA20792	1|0	0,1,0
NA20795	1|0	0.004662,0.517676,0.477662
NA20796	1|0	0,0.988,0.012
NA20797	1|0	0,1,0
NA20798	0|0	0.999,0.001,0
NA20799	0|0	0.999,0.001,0
NA20800	0|0	0.998,0.002,0
NA20801	0|0	1,0,0
NA20802	1|1	5.39993e-05,0.028892,0.971054
NA20803	0|1	0.000999987,0.999,0
NA20804	1|1	5.99996e-06,0.004988,0.995006
NA20805	1|0	0.00400001,0.996,0
NA20806	1|1	0,0.00199997,0.998
NA20807	0|1	0.00925202,0.764496,0.226252
NA20808	1|1	0,0.221,0.779
NA20809	1|0	0.03,0.97,0
NA20810	0|1	0.301,0.699,0
NA20811	0|1	0.000990987,0.990018,0.008991
NA20812	1|1	1.99995e-06,0.00299596,0.997002
NA20813	0|0	0.8,0.2,0
NA20815	1|0	0,0.566,0.434
NA20818	1|0	0,1,0
NA20819	0|1	0.000999987,0.999,0
NA20826	0|1	0,1,0
NA20828	1|0	0,1,0
