NA18498	0|0	0.998,0.002,0
NA18500	0|1	0,1,0
NA18501	1|0	0,0.56,0.44
NA18502	0|0	0.996,0.004,0
NA18503	1|1	0,0.000999987,0.999
NA18504	1|0	0,0.952,0.048
NA18505	0|1	0,1,0
NA18506	0|1	0,1,0
NA18507	1|0	0,1,0
NA18508	0|0	0.779,0.221,0
NA18515	0|1	0.025,0.975,0
NA18516	0|1	0,0.869,0.131
NA18517	0|0	1,0,0
NA18519	0|0	1,0,0
NA18521	0|0	0.999,0.001,0
NA18522	0|0	1,0,0
NA18523	0|0	1,0,0
NA18852	0|0	0.998,0.002,0
NA18853	0|0	1,0,0
NA18854	0|0	1,0,0
NA18855	1|0	0,1,0
NA18856	0|0	1,0,0
NA18857	0|0	1,0,0
NA18858	0|1	0,1,0
NA18859	0|0	1,0,0
NA18860	0|0	1,0,0
NA18861	1|0	0,1,0
NA18862	0|0	0.999,0.001,0
NA18863	0|0	1,0,0
NA18867	0|0	1,0,0
NA18870	0|0	1,0,0
NA18871	0|0	1,0,0
NA18872	0|0	0.999,0.001,0
NA18910	0|1	0.000999987,0.999,0
NA18912	0|0	1,0,0
NA18913	1|0	0,1,0
NA18914	0|1	0,1,0
NA19027	0|0	0.999,0.001,0
NA19028	0|1	0.000999987,0.999,0
NA19031	0|1	0.000999987,0.999,0
NA19035	0|0	1,0,0
NA19036	0|0	1,0,0
NA19038	1|0	0,1,0
NA19041	1|1	0.000603992,0.302792,0.696604
NA19092	0|0	1,0,0
NA19093	1|0	0.000999987,0.999,0
NA19094	0|1	0,1,0
NA19098	0|0	0.998,0.002,0
NA19099	0|0	0.999,0.001,0
NA19100	0|0	0.998,0.002,0
NA19101	0|0	1,0,0
NA19102	0|0	0.919,0.081,0
NA19103	0|0	1,0,0
NA19108	1|0	0,1,0
NA19116	0|0	0.992,0.008,0
NA19118	0|0	1,0,0
NA19119	0|0	0.993,0.007,0
NA19120	0|0	1,0,0
NA19127	0|0	1,0,0
NA19128	1|0	0,1,0
NA19129	1|0	0,1,0
NA19130	1|0	0,1,0
NA19131	1|0	0,1,0
NA19132	1|1	0,0,1
NA19137	1|0	0,1,0
NA19138	0|0	1,0,0
NA19139	1|0	0,1,0
NA19140	0|0	1,0,0
NA19141	0|1	0.000998987,0.998002,0.000999
NA19142	0|1	0,1,0
NA19143	1|0	0,1,0
NA19144	0|1	0,1,0
NA19145	0|1	0,1,0
NA19146	0|0	1,0,0
NA19150	1|0	0.000999987,0.999,0
NA19152	0|0	1,0,0
NA19153	1|1	0,0.032,0.968
NA19154	0|1	0,1,0
NA19159	0|1	0.10879,0.88142,0.00979
NA19160	0|0	1,0,0
NA19161	0|0	0.998,0.002,0
NA19171	0|0	1,0,0
NA19172	0|0	1,0,0
NA19173	0|0	1,0,0
NA19189	1|0	0,0.999,0.001
NA19200	0|0	1,0,0
NA19201	0|0	1,0,0
NA19202	0|0	0.998,0.002,0
NA19203	0|0	0.999,0.001,0
NA19204	1|0	0,1,0
NA19205	0|0	1,0,0
NA19206	0|0	1,0,0
NA19207	0|0	0.993,0.007,0
NA19208	0|0	0.996003,0.003994,3e-06
NA19209	0|0	0.998,0.002,0
NA19210	0|0	0.988,0.012,0
NA19211	0|0	1,0,0
NA19213	0|1	0,1,0
NA19221	0|0	0.999,0.001,0
NA19222	0|0	1,0,0
NA19223	0|0	1,0,0
NA19238	0|1	0,1,0
NA19239	1|1	0,0.00300002,0.997
NA19240	1|1	0,0.009,0.991
NA19307	0|0	0.997,0.003,0
NA19308	1|0	0.00199997,0.998,0
NA19309	0|1	0,0.998,0.002
NA19310	1|1	0,0,1
NA19314	0|1	0,0.997,0.003
NA19315	1|1	9.99986e-06,0.01098,0.98901
NA19316	0|1	0,1,0
NA19317	0|1	0,1,0
NA19319	1|0	0,1,0
NA19321	1|0	0,1,0
NA19324	0|0	0.991014,0.008972,1.4e-05
NA19327	0|0	1,0,0
NA19328	0|0	0.986013,0.013974,1.3e-05
NA19332	0|0	0.998,0.002,0
NA19334	0|0	1,0,0
NA19346	1|0	0.00174198,0.869516,0.128742
NA19347	1|1	0,0,1
NA19350	0|0	0.999,0.001,0
NA19360	0|1	0,0.998,0.002
NA19372	0|1	0.495008,0.500984,0.004008
NA19374	1|0	0.00400001,0.996,0
NA19375	1|1	2.99998e-06,0.00399401,0.996003
NA19376	1|1	0,0.018,0.982
NA19377	0|1	0.344,0.656,0
NA19379	0|0	0.998,0.002,0
NA19380	0|1	0,1,0
NA19384	0|1	0.056,0.944,0
NA19385	0|1	0.00199997,0.998,0
NA19390	0|0	0.998,0.002,0
NA19391	0|0	0.987,0.013,0
NA19393	0|1	0.017,0.983,0
NA19394	1|0	0,0.562,0.438
NA19397	0|0	1,0,0
NA19399	1|1	0,0,1
NA19403	0|0	1,0,0
NA19404	0|0	1,0,0
NA19428	0|1	0,0.998,0.002
NA19429	1|0	0,1,0
NA19430	1|0	0.000999987,0.999,0
NA19431	1|0	0,0.998,0.002
NA19434	0|0	1,0,0
NA19435	1|0	0,0.999,0.001
NA19436	0|0	0.997,0.003,0
NA19437	0|0	0.771,0.229,0
NA19438	1|0	0.000999987,0.999,0
NA19439	0|0	0.991,0.009,0
NA19440	1|0	0.00598798,0.992024,0.001988
NA19443	1|1	0,0,1
NA19445	0|0	0.999,0.001,0
NA19446	1|0	0.00199997,0.998,0
NA19448	0|1	0.005,0.995,0
NA19449	0|1	0,1,0
NA19451	1|1	0,0,1
NA19452	1|0	0,1,0
NA19455	0|1	0,0.98,0.02
NA19456	1|0	0,1,0
NA19457	0|0	0.973,0.027,0
NA19462	0|1	0.000999987,0.999,0
NA19463	1|1	0,0,1
NA19466	0|0	1,0,0
NA19467	0|0	0.998,0.002,0
NA19468	0|0	0.997,0.003,0
NA19471	0|0	0.996,0.004,0
NA19472	1|1	0,0.00199997,0.998
NA19473	1|0	0,1,0
NA19474	1|0	0.000999987,0.999,0
NA06985	1|1	0,0.00300002,0.997
NA06991	1|1	0,0,1
NA06993	0|1	0,1,0
NA06994	0|0	1,0,0
NA07000	0|0	1,0,0
NA07019	0|0	1,0,0
NA07022	0|0	1,0,0
NA07029	0|0	1,0,0
NA07034	1|0	0.000999987,0.999,0
NA07048	1|1	8.79989e-05,0.088824,0.911088
NA07055	0|1	0.000999987,0.999,0
NA07056	1|0	0,1,0
NA07345	0|1	0.000999987,0.999,0
NA07348	1|0	0,1,0
NA07357	1|1	0,0.00300002,0.997
NA10830	0|1	0,1,0
NA10831	0|1	0,1,0
NA10835	0|1	0,1,0
NA10838	1|1	1.59998e-05,0.00996799,0.990016
NA10839	0|0	1,0,0
NA10846	0|0	0.72,0.28,0
NA10847	1|0	0,1,0
NA10851	1|0	0,0.984,0.016
NA10854	0|0	1,0,0
NA10855	1|0	0,1,0
NA10856	1|0	0,1,0
NA10857	1|1	0,0,1
NA10859	0|1	0,1,0
NA10860	1|1	0,0,1
NA10861	1|1	0,0,1
NA10863	0|0	1,0,0
NA11829	0|1	0.331,0.669,0
NA11830	1|1	0,0.005,0.995
NA11831	0|1	0,1,0
NA11832	1|0	0,1,0
NA11839	1|0	0.061,0.939,0
NA11840	0|0	0.844,0.156,0
NA11881	0|0	1,0,0
NA11882	1|0	0,0.995,0.005
NA11992	1|1	0,0.00199997,0.998
NA11993	0|1	0,0.957,0.043
NA11994	1|1	0,0.00800002,0.992
NA11995	1|0	0,1,0
NA12003	1|1	3.99996e-06,0.004992,0.995004
NA12004	1|0	0,1,0
NA12005	0|1	0.005,0.995,0
NA12006	0|0	0.567,0.433,0
NA12043	1|1	0,0,1
NA12044	1|1	0,0,1
NA12056	1|0	0.00199997,0.998,0
NA12057	0|1	0,1,0
NA12144	1|1	9.99986e-06,0.01098,0.98901
NA12145	0|1	0,1,0
NA12146	1|0	0,1,0
NA12154	1|0	0.114,0.886,0
NA12155	0|1	0,1,0
NA12156	0|0	1,0,0
NA12234	0|0	1,0,0
NA12236	1|0	0,1,0
NA12239	0|1	0.019,0.981,0
NA12248	1|1	0,0,1
NA12249	0|0	0.886,0.114,0
NA12264	0|0	1,0,0
NA12707	0|1	0,1,0
NA12716	0|0	1,0,0
NA12717	1|1	0,0.00999999,0.99
NA12740	0|0	1,0,0
NA12750	0|0	0.997,0.003,0
NA12751	0|1	0.00199997,0.998,0
NA12752	1|0	0,1,0
NA12753	0|1	0,1,0
NA12760	0|0	1,0,0
NA12761	1|1	0,0.494,0.506
NA12762	0|1	0,0.672,0.328
NA12763	0|0	0.999,0.001,0
NA12801	0|0	1,0,0
NA12802	0|1	0,1,0
NA12812	0|0	1,0,0
NA12813	1|0	0,1,0
NA12814	0|1	0.000999987,0.999,0
NA12815	1|1	0,0,1
NA12864	0|1	0,1,0
NA12865	0|1	0.000999987,0.999,0
NA12872	0|0	1,0,0
NA12873	1|1	0,0.33,0.67
NA12874	0|1	0.000999987,0.999,0
NA12875	0|0	0.977,0.023,0
NA12878	0|0	1,0,0
NA12891	1|0	0,1,0
NA12892	0|1	0.00400001,0.996,0
NA20502	0|1	0.131,0.869,0
NA20504	1|0	0.00999999,0.99,0
NA20505	1|0	0.013136,0.810728,0.176136
NA20506	1|0	0,1,0
NA20508	1|0	0.000999987,0.999,0
NA20509	1|0	0,0.97,0.03
NA20510	1|1	9.99974e-07,0.00199797,0.998001
NA20512	1|0	0.000999987,0.999,0
NA20515	0|1	0,1,0
NA20516	1|1	0,0.026,0.974
NA20517	1|0	0,1,0
NA20518	0|0	0.651,0.349,0
NA20519	0|0	0.997,0.003,0
NA20520	0|0	0.977,0.023,0
NA20521	1|0	0.012,0.988,0
NA20522	0|0	1,0,0
NA20524	1|1	1.99995e-06,0.00299596,0.997002
NA20525	0|0	0.505,0.495,0
NA20527	0|0	0.999,0.001,0
NA20528	0|0	0.971,0.029,0
NA20529	0|0	0.904,0.096,0
NA20530	1|1	0,0,1
NA20531	1|0	0.00299702,0.996006,0.000997
NA20534	0|0	0.96628,0.03344,0.00028
NA20535	1|1	0,0.00199997,0.998
NA20538	0|0	1,0,0
NA20539	1|1	0,0.00199997,0.998
NA20540	1|0	0.00299402,0.995012,0.001994
NA20541	1|0	0.000999987,0.999,0
NA20542	0|1	0.00400001,0.996,0
NA20543	0|0	1,0,0
NA20544	0|0	1,0,0
NA20581	0|0	0.986024,0.013952,2.4e-05
NA20582	0|1	0.00400001,0.996,0
NA20585	1|0	0.148,0.852,0
NA20586	0|0	0.999,0.001,0
NA20588	0|1	0,1,0
NA20589	1|1	0,0,1
NA20752	1|0	0.000999987,0.999,0
NA20753	1|0	0,1,0
NA20754	1|1	0,0.00199997,0.998
NA20755	0|0	0.993,0.007,0
NA20756	1|1	9.99986e-06,0.01098,0.98901
NA20757	0|0	1,0,0
NA20758	1|0	0,0.999,0.001
NA20759	1|1	0,0.000999987,0.999
NA20760	1|0	0,1,0
NA20761	0|1	0.000999987,0.999,0
NA20765	0|0	1,0,0
NA20766	0|0	1,0,0
NA20768	1|0	0,1,0
NA20769	1|1	0,0.000999987,0.999
NA20770	1|1	0,0.00400001,0.996
NA20771	0|0	0.997,0.003,0
NA20772	1|1	5.49998e-05,0.01589,0.984055
NA20773	1|1	0,0,1
NA20774	1|0	0,0.997,0.003
NA20778	1|0	0,1,0
NA20783	1|1	0.001308,0.328384,0.670308
NA20785	1|0	0.00400001,0.996,0
NA20786	0|0	0.944,0.056,0
NA20787	1|0	0.067,0.933,0
NA20790	0|0	0.868,0.132,0
NA20792	1|0	0,1,0
NA20795	1|0	0.004662,0.517676,0.477662
NA20796	1|0	0,0.988,0.012
NA20797	1|0	0,1,0
NA20798	0|0	0.999,0.001,0
NA20799	0|0	0.999,0.001,0
NA20800	0|0	0.998,0.002,0
NA20801	0|0	1,0,0
NA20802	1|1	5.39993e-05,0.028892,0.971054
NA20803	0|1	0.000999987,0.999,0
NA20804	1|1	5.99996e-06,0.004988,0.995006
NA20805	1|0	0.00400001,0.996,0
NA20806	1|1	0,0.00199997,0.998
NA20807	0|1	0.00925202,0.764496,0.226252
NA20808	1|1	0,0.221,0.779
NA20809	1|0	0.03,0.97,0
NA20810	0|1	0.301,0.699,0
NA20811	0|1	0.000990987,0.990018,0.008991
NA20812	1|1	1.99995e-06,0.00299596,0.997002
NA20813	0|0	0.8,0.2,0
NA20815	1|0	0,0.566,0.434
NA20818	1|0	0,1,0
NA20819	0|1	0.000999987,0.999,0
NA20826	0|1	0,1,0
NA20828	1|0	0,1,0
NA18526	0|0	0.999,0.001,0
NA18532	0|0	0.689,0.311,0
NA18537	1|1	0,0.00400001,0.996
NA18542	0|1	0.009,0.991,0
NA18545	1|1	0,0.00599998,0.994
NA18547	0|0	1,0,0
NA18550	0|1	0.000999987,0.999,0
NA18552	1|1	0.000187,0.027626,0.972187
NA18555	0|0	0.986,0.014,0
NA18558	1|0	0.067,0.933,0
NA18561	0|0	1,0,0
NA18562	1|0	0,1,0
NA18563	1|1	0.000476,0.047048,0.952476
NA18564	0|1	0.00579999,0.5784,0.4158
NA18566	0|0	0.605,0.395,0
NA18570	1|1	0,0.000999987,0.999
NA18571	1|0	0.00197797,0.987044,0.010978
NA18572	0|0	0.996,0.004,0
NA18573	0|0	0.981,0.019,0
NA18577	1|0	0.009,0.991,0
NA18579	0|1	0,1,0
NA18582	0|1	0.000841989,0.841316,0.157842
NA18592	0|0	0.71,0.29,0
NA18593	0|0	1,0,0
NA18603	0|1	0.277,0.723,0
NA18605	0|1	0.00199997,0.998,0
NA18608	1|1	0,0,1
NA18609	1|1	0,0.00199997,0.998
NA18611	1|0	0,1,0
NA18612	1|0	0.00300002,0.997,0
NA18620	1|1	1.99995e-06,0.00299596,0.997002
NA18621	0|0	0.999,0.001,0
NA18622	0|0	0.986,0.014,0
NA18623	1|1	0,0.00199997,0.998
NA18624	0|0	0.768,0.232,0
NA18632	1|0	0.00539398,0.894212,0.100394
NA18633	0|0	0.998,0.002,0
NA18635	0|0	1,0,0
NA18636	1|1	0.001528,0.195944,0.802528
NA18637	1|0	0,1,0
NA18940	0|1	0,1,0
NA18942	0|0	1,0,0
NA18943	1|1	0,0.057,0.943
NA18944	1|1	0,0.000999987,0.999
NA18945	1|1	0,0.000999987,0.999
NA18947	1|0	0,1,0
NA18948	1|1	0,0.011,0.989
NA18949	1|0	0.012,0.988,0
NA18951	0|1	0,1,0
NA18952	0|0	1,0,0
NA18953	1|1	0,0.000999987,0.999
NA18956	1|1	0,0.014,0.986
NA18959	1|0	0,1,0
NA18960	1|1	0,0.00800002,0.992
NA18961	1|1	0,0.198,0.802
NA18964	1|1	0,0,1
NA18965	1|1	0,0.00999999,0.99
NA18966	1|0	0.13277,0.68546,0.18177
NA18967	0|0	1,0,0
NA18968	1|1	0,0.023,0.977
NA18969	0|0	0.891,0.109,0
NA18970	1|1	1.60001e-05,0.00796802,0.992016
NA18971	1|1	0.000108001,0.038784,0.961108
NA18972	1|1	0,0.000999987,0.999
NA18973	0|1	0,1,0
NA18974	0|1	0.00199397,0.995012,0.002994
NA18975	1|1	0,0.145,0.855
NA18976	1|1	1.99997e-05,0.02096,0.97902
NA18978	0|1	0.014,0.986,0
NA18980	0|0	0.999,0.001,0
NA18981	1|1	0.001175,0.23765,0.761175
NA18987	1|1	0,0.018,0.982
NA18990	1|1	1.80001e-05,0.008964,0.991018
NA18991	1|0	0,1,0
NA18992	1|1	0.00342401,0.429152,0.567424
NA18994	1|1	2.4e-05,0.00995199,0.990024
NA18995	0|1	0,0.962,0.038
NA18997	1|0	0.011,0.989,0
NA18998	1|0	0,1,0
NA18999	0|1	0.004995,0.99401,0.000995
NA19000	0|1	0.023,0.977,0
NA19003	1|1	0,0.015,0.985
NA19005	1|1	0,0.00199997,0.998
NA19007	1|1	2.99999e-05,0.01094,0.98903
NA19012	1|0	0.000999987,0.999,0
