NA18526	0|0	0.12	0.88,0.12,0
NA18532	0|1	0.84	0.16,0.84,0
NA18537	0|0	0	1,0,0
NA18547	1|0	1.02	0,0.98,0.02
NA18550	1|0	0.88	0.25,0.62,0.13
NA18555	0|0	0.02	0.98,0.02,0
NA18561	0	0	1,0
NA18562	1	0.99	0.01,0.99
NA18563	0	0	1,0
NA18566	0|0	0	1,0,0
NA18577	1|0	0.65	0.35,0.65,0
NA18582	1|1	1.98	0,0.02,0.98
NA18603	0	0	1,0
NA18605	0	0.29	0.71,0.29
NA18606	0	0.28	0.72,0.28
NA18621	1	0.96	0.04,0.96
NA18622	0	0	1,0
NA18628	1|1	1.97	0,0.03,0.97
NA18632	0	0	1,0
NA18636	0	0	1,0
NA18647	0	0	1,0
NA18942	0|0	0	1,0,0
NA18943	0	0	1,0
NA18945	0	0	1,0
NA18947	0|0	0.02	0.98,0.02,0
NA18949	0|0	0.48	0.52,0.48,0
NA18951	1|0	1	0,1,0
NA18952	1	1	0,1
NA18953	0	0	1,0
NA18956	0|0	0	1,0,0
NA18964	1|0	0.73	0.27,0.73,0
NA18965	1	1	0,1
NA18970	0	0	1,0
NA18973	0|0	0	1,0,0
NA18974	0	0	1,0
NA18977	1	0.61	0.39,0.61
NA18980	0|0	0	1,0,0
NA18987	0|0	0	1,0,0
NA18990	0	0.02	0.98,0.02
NA18994	0	0	1,0
NA18995	0	0	1,0
NA19000	0	0	1,0
NA19003	1|0	1	0,1,0
NA19010	0|0	0.01	0.99,0.01,0
