NA18498	0|0	1,0,0
NA18502	0|0	1,0,0
NA18505	0|0	1,0,0
NA18507	0|0	0.866761,0.128478,0.004761
NA18508	1|0	0.005,0.995,0
NA18517	1|0	0.043,0.957,0
NA18519	0|0	1,0,0
NA18867	0|0	1,0,0
NA18870	0|1	0,1,0
NA18910	0|0	1,0,0
NA19092	0|0	0.795664,0.192672,0.011664
NA19098	0|0	1,0,0
NA19099	0|0	1,0,0
NA19102	1|0	0,1,0
NA19108	0|1	0,1,0
NA19118	0|0	0.52,0.48,0
NA19119	0|0	0.793881,0.194238,0.011881
NA19129	0|1	0,0.82,0.18
NA19130	1|1	0,0,1
NA19141	0|0	1,0,0
NA19146	0|0	1,0,0
NA19150	0|0	1,0,0
NA19152	0|1	0,1,0
NA19160	1|1	0,0,1
NA19171	0|0	1,0,0
NA19189	0|0	1,0,0
NA19204	1|0	0.046,0.954,0
NA19206	0|1	0.012,0.988,0
NA19207	1|1	0,0,1
NA19209	0|1	0.000999987,0.999,0
NA19213	1|1	0,0,1
NA19240	1|1	0,0.00599998,0.994
