NA11829	1|1	2	0,0,1
NA11830	1|0	0.64	0.36,0.64,0
NA11831	0|0	0	1,0,0
NA11832	0|1	1.35	0,0.65,0.35
NA11840	1|0	1	0,1,0
NA11881	0|0	0	1,0,0
NA11994	0|1	1	0,1,0
NA11995	0|0	0.29	0.71,0.29,0
NA12004	0|0	0	1,0,0
NA12005	0|0	0	1,0,0
NA12043	0|0	0	1,0,0
NA12044	0|0	0	1,0,0
NA12144	0|0	0	1,0,0
NA12154	0|0	0	1,0,0
NA12155	0|0	0	1,0,0
NA12156	0|0	0.04	0.96,0.04,0
NA12234	0|0	0.01	0.99,0.01,0
NA12717	0|1	1.01	0,0.99,0.01
NA12750	0|0	0	1,0,0
NA12760	0|0	0	1,0,0
NA12761	0|0	0	1,0,0
NA12762	0|0	0	1,0,0
NA12763	0|0	0.02	0.98,0.02,0
NA12812	1|0	0.92	0.09,0.9,0.01
NA12813	0|0	0.03	0.97,0.03,0
NA12814	0|0	0	1,0,0
NA12815	0|0	0	1,0,0
NA12872	0|0	0	1,0,0
NA12873	0|0	0.02	0.98,0.02,0
NA12874	1|0	0.55	0.45,0.55,0
NA12878	0|0	0	1,0,0
