NA18498	1|1	0,0,1
NA18502	1|1	0,0.099,0.901
NA18505	0|0	0.862091,0.135818,0.002091
NA18507	1|0	0,1,0
NA18508	1|0	0,1,0
NA18517	1|1	0,0.00300002,0.997
NA18519	1|1	0,0.021,0.979
NA18867	1|1	0,0.00199997,0.998
NA18870	1|0	0,0.798,0.202
NA18910	1|0	0.005,0.995,0
NA19092	0|1	0,0.997,0.003
NA19098	1|1	9.99974e-07,0.00199797,0.998001
NA19099	1|1	0,0.000999987,0.999
NA19102	0|0	0.939658,0.059684,0.000658
NA19108	1|1	0,0.00400001,0.996
NA19118	0|1	0,0.997,0.003
NA19119	1|1	0,0,1
NA19129	1|1	0,0,1
NA19130	1|1	0,0.000999987,0.999
NA19141	1|1	0,0.005,0.995
NA19146	1|1	0,0.00300002,0.997
NA19150	1|1	0.000104,0.020792,0.979104
NA19152	0|1	0.00199397,0.995012,0.002994
NA19160	1|1	0,0.033,0.967
NA19171	1|0	0.005,0.995,0
NA19189	0|0	1,0,0
NA19204	0|1	0.023,0.977,0
NA19206	1|1	0,0,1
NA19207	1|1	0,0,1
NA19209	1|1	0,0.00300002,0.997
NA19213	0|0	0.92778,0.07144,0.00078
NA19240	0|0	0.992,0.008,0
NA11829	0|1	0.086,0.914,0
NA11830	0|0	0.998,0.002,0
NA11831	1|0	0.030938,0.967124,0.001938
NA11832	1|0	0.00270302,0.898594,0.098703
NA11840	0|1	0.00199597,0.996008,0.001996
NA11881	1|0	0.002036,0.508928,0.489036
NA11994	1|0	0.018,0.982,0
NA11995	0|0	0.998001,0.001998,1e-06
NA12004	1|1	1.19999e-05,0.012976,0.987012
NA12005	0|1	0,1,0
NA12043	0|0	0.849,0.151,0
NA12044	1|1	0.002105,0.42179,0.576105
NA12144	0|0	1,0,0
NA12154	0|0	1,0,0
NA12155	0|1	0.012,0.988,0
NA12156	1|0	0,0.664,0.336
NA12234	0|0	1,0,0
NA12717	0|0	0.984,0.016,0
NA12750	1|0	0.005,0.995,0
NA12760	0|1	0,1,0
NA12761	1|1	0.00114001,0.38072,0.61814
NA12762	0|0	0.999,0.001,0
NA12763	0|1	0.233766,0.765468,0.000766
NA12812	0|0	1,0,0
NA12813	0|0	1,0,0
NA12814	1|0	0.226252,0.764496,0.009252
NA12815	1|0	0,1,0
NA12872	0|1	0.000999987,0.999,0
NA12873	1|1	0.008224,0.272552,0.719224
NA12874	1|0	0,1,0
NA12878	0|0	1,0,0
NA18526	1|1	0.000165,0.02567,0.974165
NA18537	0|1	0,0.999,0.001
NA18550	0|1	0.00700003,0.993,0
NA18555	1|0	0.44,0.56,0
NA18562	1|0	0,0.999,0.001
NA18563	0|0	0.938,0.062,0
NA18582	1|0	0.089,0.911,0
NA18603	1|1	5.99996e-06,0.004988,0.995006
NA18606	0|0	0.999,0.001,0
NA18621	0|1	0.483,0.517,0
NA18622	0|0	0.997002,0.002996,2e-06
NA18628	1|0	0.084,0.916,0
NA18632	0|0	1,0,0
NA18636	1|0	0,0.998,0.002
NA18647	0|0	0.524475,0.47505,0.000475
NA18942	0|0	0.999,0.001,0
NA18945	0|0	1,0,0
NA18947	0|1	0.091,0.909,0
NA18951	0|1	0.00599998,0.994,0
NA18952	1|1	0,0,1
NA18953	0|1	0.02,0.98,0
NA18956	0|0	0.871128,0.128744,0.000128
NA18965	0|1	0.010944,0.678112,0.310944
NA18970	0|0	0.788,0.212,0
NA18973	1|0	0.009,0.991,0
NA18977	1|1	0.00127801,0.426444,0.572278
NA18987	1|0	0,1,0
NA18990	0|0	0.483003,0.437994,0.079003
NA18995	1|1	0,0.000999987,0.999
NA19003	0|1	0.013,0.987,0
NA19010	0|0	0.684,0.316,0
