NA18526	1|0	1	0,1,0
NA18532	1|1	2	0,0,1
NA18537	0|0	0	1,0,0
NA18542	0|0	0	1,0,0
NA18545	0|0	0.17	0.83,0.17,0
NA18547	0|0	0	1,0,0
NA18550	0|1	1	0,1,0
NA18552	0|1	1	0,1,0
NA18555	1|1	1.99	0,0.01,0.99
NA18558	0|0	0	1,0,0
NA18561	0|1	0.52	0.48,0.52,0
NA18563	1|0	1	0,1,0
NA18564	0|1	1	0,1,0
NA18566	1|1	1.58	0,0.42,0.58
NA18570	0|1	1	0,1,0
NA18571	0|0	0	1,0,0
NA18572	0|0	0	1,0,0
NA18573	0|1	1	0,1,0
NA18577	0|0	0.05	0.95,0.05,0
NA18579	0|0	0	1,0,0
NA18582	0|0	0	1,0,0
NA18592	0|1	1.3	0,0.7,0.3
NA18593	0|0	0	1,0,0
NA18603	0|0	0	1,0,0
NA18605	1|1	1.6	0,0.4,0.6
NA18606	0|0	0.03	0.97,0.03,0
NA18608	1|0	1	0,1,0
NA18609	0|0	0	1,0,0
NA18611	0|0	0	1,0,0
NA18612	0|0	0.27	0.73,0.27,0
NA18620	0|1	1.02	0,0.98,0.02
NA18621	0|1	1	0,1,0
NA18622	1|0	1	0,1,0
NA18623	0|0	0	1,0,0
NA18624	1|1	1.96	0,0.04,0.96
NA18628	1|1	2	0,0,1
NA18632	1|0	1	0,1,0
NA18633	1|1	1.83	0,0.17,0.83
NA18635	1|0	1	0,1,0
NA18636	0|1	1	0,1,0
NA18637	0|1	1	0,1,0
NA18647	0|0	0	1,0,0
NA18940	1|0	1	0,1,0
NA18942	0|0	0	1,0,0
NA18943	1|0	1	0,1,0
NA18944	0|0	0	1,0,0
NA18945	0|0	0	1,0,0
NA18947	0|1	0.95	0.05,0.95,0
NA18948	1|0	1	0,1,0
NA18949	0|1	0.73	0.31,0.66,0.03
NA18951	0|1	1	0,1,0
NA18952	0|0	0	1,0,0
NA18953	0|1	1	0,1,0
NA18956	0|1	1	0,1,0
NA18959	0|0	0	1,0,0
NA18960	1|0	1	0,1,0
NA18961	0|0	0	1,0,0
NA18964	1|1	2	0,0,1
NA18965	0|1	1.49	0,0.51,0.49
NA18966	0|0	0	1,0,0
NA18967	0|0	0.05	0.95,0.05,0
NA18968	1|0	1	0,1,0
NA18969	0|1	1	0,1,0
NA18970	0|1	1	0,1,0
NA18971	1|1	2	0,0,1
NA18972	0|1	1	0,1,0
NA18973	0|1	1	0,1,0
NA18974	0|0	0	1,0,0
NA18975	0|1	1	0,1,0
NA18976	0|0	0	1,0,0
NA18977	1|0	1	0,1,0
NA18978	1|1	2	0,0,1
NA18980	1|0	1	0,1,0
NA18981	0|1	1	0,1,0
NA18987	0|0	0	1,0,0
NA18990	0|1	1	0,1,0
NA18991	1|0	1	0,1,0
NA18992	0|0	0	1,0,0
NA18994	0|0	0	1,0,0
NA18995	1|1	2	0,0,1
NA18997	1|0	1	0,1,0
NA18998	0|0	0	1,0,0
NA18999	0|0	0.45	0.55,0.45,0
NA19000	0|1	1	0,1,0
NA19003	1|0	1	0,1,0
NA19005	1|1	2	0,0,1
NA19007	1|0	1	0,1,0
NA19010	0|0	0.02	0.98,0.02,0
NA19012	1|0	1	0,1,0
