NA06985	0|1	1	0,1,0
NA06991	0|0	0	1,0,0
NA06993	1|0	0.96	0.04,0.96,0
NA06994	0|0	0	1,0,0
NA07000	1|0	1	0,1,0
NA07019	1|1	2	0,0,1
NA07022	1|1	1.79	0,0.21,0.79
NA07029	0|0	0	1,0,0
NA07034	0|0	0	1,0,0
NA07048	0|1	1	0,1,0
NA07055	0|1	1.02	0,0.98,0.02
NA07056	1|1	2	0,0,1
NA07345	1|1	1.6	0,0.4,0.6
NA07348	1|1	2	0,0,1
NA07357	1|0	1	0,1,0
NA10830	1|0	1	0,1,0
NA10831	0|1	1	0,1,0
NA10835	0|0	0	1,0,0
NA10838	1|0	1	0,1,0
NA10839	0|1	1	0,1,0
NA10846	0|1	1	0,1,0
NA10847	1|0	1	0,1,0
NA10851	0|0	0	1,0,0
NA10854	0|0	0	1,0,0
NA10855	0|0	0	1,0,0
NA10857	0|1	1	0,1,0
NA10859	0|1	1	0,1,0
NA10860	1|0	1	0,1,0
NA10861	1|1	2	0,0,1
NA10863	1|1	2	0,0,1
NA11829	0|1	1	0,1,0
NA11830	0|1	1	0,1,0
NA11831	0|1	1	0,1,0
NA11832	0|0	0.08	0.92,0.08,0
NA11839	0|0	0	1,0,0
NA11840	0|0	0	1,0,0
NA11881	1|0	1	0,1,0
NA11882	1|0	0.99	0.01,0.99,0
NA11992	1|0	0.99	0.01,0.99,0
NA11993	0|1	1	0,1,0
NA11994	1|1	2	0,0,1
NA11995	0|1	1	0,1,0
NA12003	1|1	2	0,0,1
NA12004	0|0	0	1,0,0
NA12005	0|0	0	1,0,0
NA12006	0|1	1	0,1,0
NA12043	0|0	0	1,0,0
NA12044	1|1	2	0,0,1
NA12056	0|0	0	1,0,0
NA12057	0|0	0	1,0,0
NA12144	0|1	1	0,1,0
NA12145	1|1	2	0,0,1
NA12146	1|1	2	0,0,1
NA12154	0|0	0	1,0,0
NA12155	0|1	1	0,1,0
NA12156	1|0	1	0,1,0
NA12234	1|1	1.93	0,0.07,0.93
NA12236	1|1	1.75	0,0.25,0.75
NA12239	0|1	1	0,1,0
NA12248	1|0	0.87	0.13,0.87,0
NA12249	0|1	1	0,1,0
NA12264	1|1	1.97	0,0.03,0.97
NA12707	1|0	1	0,1,0
NA12716	0|1	1	0,1,0
NA12717	1|1	2	0,0,1
NA12740	1|1	1.88	0,0.12,0.88
NA12750	1|1	1.97	0,0.03,0.97
NA12751	1|1	1.91	0,0.09,0.91
NA12752	1|1	2	0,0,1
NA12753	0|1	1	0,1,0
NA12760	1|1	2	0,0,1
NA12761	1|1	1.98	0,0.02,0.98
NA12762	1|0	1	0,1,0
NA12763	1|1	2	0,0,1
NA12801	1|0	1	0,1,0
NA12802	1|1	2	0,0,1
NA12812	0|1	1	0,1,0
NA12813	0|1	1.31	0,0.69,0.31
NA12814	1|1	1.79	0,0.21,0.79
NA12815	0|1	1	0,1,0
NA12864	1|1	2	0,0,1
NA12865	1|1	2	0,0,1
NA12872	1|0	1.11	0,0.89,0.11
NA12873	0|1	1	0,1,0
NA12874	1|0	1	0,1,0
NA12875	1|1	2	0,0,1
NA12878	0|1	1	0,1,0
NA12891	0|1	1	0,1,0
NA12892	1|1	2	0,0,1
NA20502	0|1	0.64	0.42,0.52,0.06
NA20504	1|1	2	0,0,1
NA20505	0|0	0	1,0,0
NA20506	1|0	1	0,1,0
NA20508	0|1	1	0,1,0
NA20509	0|0	0.55	0.51,0.43,0.06
NA20510	0|0	0	1,0,0
NA20512	0|1	0.67	0.43,0.48,0.09
NA20515	0|0	0.35	0.65,0.35,0
NA20516	0|1	1.11	0,0.89,0.11
NA20517	1|1	2	0,0,1
NA20518	0|1	1.11	0,0.89,0.11
NA20519	0|0	0	1,0,0
NA20520	1|1	1.99	0,0.01,0.99
NA20521	1|1	1.99	0,0.01,0.99
NA20522	0|0	0.03	0.97,0.03,0
NA20524	0|1	1	0,1,0
NA20525	0|1	1.14	0,0.86,0.14
NA20527	0|0	0	1,0,0
NA20528	1|1	2	0,0,1
NA20529	1|0	1.02	0,0.98,0.02
NA20530	1|0	1	0,1,0
NA20531	0|1	1	0,1,0
NA20534	1|0	0.95	0.05,0.95,0
NA20535	0|0	0.02	0.98,0.02,0
NA20538	1|1	1.85	0,0.15,0.85
NA20539	1|1	2	0,0,1
NA20540	0|0	0	1,0,0
NA20541	0|1	1.04	0,0.96,0.04
NA20542	1|1	1.97	0,0.03,0.97
NA20543	0|1	0.94	0.06,0.94,0
NA20544	0|0	0	1,0,0
NA20581	0|1	1	0,1,0
NA20582	1|0	1.04	0.03,0.9,0.07
NA20585	1|1	2	0,0,1
NA20586	0|0	0	1,0,0
NA20588	0|0	0.27	0.73,0.26,0.01
NA20589	1|0	1.1	0,0.9,0.1
NA20752	0|1	1	0,1,0
NA20753	0|0	0	1,0,0
NA20754	1|1	2	0,0,1
NA20755	0|0	0	1,0,0
NA20756	1|0	0.96	0.04,0.96,0
NA20758	1|1	2	0,0,1
NA20759	1|1	2	0,0,1
NA20760	0|1	1.24	0,0.76,0.24
NA20761	1|0	1.01	0.07,0.84,0.09
NA20765	0|1	1	0,1,0
NA20766	1|1	2	0,0,1
NA20768	0|1	1.04	0,0.96,0.04
NA20769	1|0	1	0,1,0
NA20770	0|1	1	0,1,0
NA20771	0|1	1.2	0.01,0.78,0.21
NA20772	0|0	0	1,0,0
NA20773	1|1	1.96	0,0.04,0.96
NA20774	0|1	0.55	0.45,0.55,0
NA20778	1|0	0.76	0.24,0.76,0
NA20783	0|1	1	0,1,0
NA20785	1|0	1	0,1,0
NA20786	1|1	1.99	0,0.01,0.99
NA20787	0|1	1	0,1,0
NA20790	0|0	0	1,0,0
NA20792	1|1	1.51	0.06,0.38,0.56
NA20796	1|1	1.94	0,0.06,0.94
NA20797	0|0	0	1,0,0
NA20798	0|1	1	0,1,0
NA20799	0|0	0	1,0,0
NA20800	0|0	0	1,0,0
NA20801	1|0	1	0,1,0
NA20802	0|0	0.01	0.99,0.01,0
NA20803	0|0	0	1,0,0
NA20804	1|0	1	0,1,0
NA20805	0|1	0.84	0.16,0.84,0
NA20806	1|1	1.66	0,0.34,0.66
NA20807	1|0	1.4	0,0.6,0.4
NA20808	0|1	0.83	0.17,0.83,0
NA20809	0|0	0	1,0,0
NA20810	0|1	1	0,1,0
NA20811	0|1	0.93	0.07,0.93,0
NA20812	1|1	1.99	0,0.01,0.99
NA20813	0|0	0.11	0.89,0.11,0
NA20815	0|1	0.95	0.05,0.95,0
NA20818	1|0	1.44	0,0.56,0.44
NA20819	0|1	1	0,1,0
NA20826	0|0	0	1,0,0
NA20828	0|1	1	0,1,0
