NA18498	0|1	0.000999987,0.999,0
NA18502	0|0	0.673326,0.326348,0.000326
NA18505	0|1	0,0.998,0.002
NA18508	0|0	0.999,0.001,0
NA18517	0|0	1,0,0
NA18519	0|1	0.000999987,0.999,0
NA18867	0|0	1,0,0
NA18870	0|1	0,1,0
NA18910	0|0	1,0,0
NA19092	0|0	0.999,0.001,0
NA19098	0|1	0.005,0.995,0
NA19099	0|0	0.997002,0.002996,2e-06
NA19102	0|0	0.999,0.001,0
NA19108	0|0	1,0,0
NA19118	1|0	0,1,0
NA19119	1|0	0.000999987,0.999,0
NA19129	0|0	0.999,0.001,0
NA19130	0|0	0.999,0.001,0
NA19141	0|0	0.997,0.003,0
NA19146	1|0	0.00199797,0.997004,0.000998
NA19150	0|0	0.999,0.001,0
NA19152	1|0	0.000999987,0.999,0
NA19160	0|0	0.999,0.001,0
NA19171	0|0	0.997002,0.002996,2e-06
NA19189	1|0	0.00300002,0.997,0
NA19204	1|0	0.00199997,0.998,0
NA19206	0|1	0,1,0
NA19207	0|0	1,0,0
NA19209	0|1	0.00199997,0.998,0
NA19213	0|0	0.982,0.018,0
NA11829	1|0	0.00800002,0.992,0
NA11830	0|1	0,1,0
NA11831	1|0	0,1,0
NA11832	0|0	1,0,0
NA11840	0|1	0,1,0
NA11881	0|0	0.999,0.001,0
NA11994	1|0	0,0.996,0.004
NA11995	0|0	1,0,0
NA12004	0|0	0.998001,0.001998,1e-06
NA12005	0|0	0.999,0.001,0
NA12043	0|1	0.000998987,0.998002,0.000999
NA12044	1|0	0,1,0
NA12144	0|1	0,1,0
NA12154	1|0	0.098124,0.798752,0.103124
NA12155	0|0	0.999,0.001,0
NA12156	1|0	0.00199997,0.998,0
NA12234	0|0	0.998,0.002,0
NA12717	0|0	1,0,0
NA12750	1|0	0,1,0
NA12760	0|0	1,0,0
NA12761	1|0	0.015,0.985,0
NA12762	0|0	1,0,0
NA12763	0|0	0.999,0.001,0
NA12812	0|0	0.997002,0.002996,2e-06
NA12813	0|1	0,1,0
NA12814	1|0	0.000998987,0.998002,0.000999
NA12815	0|0	0.999,0.001,0
NA12872	1|0	0,1,0
NA12873	1|0	0,1,0
NA12874	1|0	0.00199997,0.998,0
NA12878	0|0	1,0,0
NA18526	0|0	1,0,0
NA18537	1|0	0.00299402,0.995012,0.001994
NA18550	0|0	1,0,0
NA18555	0|0	0.998001,0.001998,1e-06
NA18562	1|0	0.000999987,0.999,0
NA18563	0|0	0.999,0.001,0
NA18582	0|0	0.999,0.001,0
NA18603	0|0	0.678,0.322,0
NA18606	0|0	0.996,0.004,0
NA18621	0|0	0.941058,0.058884,5.8e-05
NA18622	0|1	0,0.999,0.001
NA18628	0|0	0.987,0.013,0
NA18632	0|0	1,0,0
NA18636	0|1	0.29,0.71,0
NA18647	0|0	1,0,0
NA18942	1|0	0.00700003,0.993,0
NA18945	0|0	0.851,0.149,0
NA18947	0|0	1,0,0
NA18951	0|0	1,0,0
NA18952	1|0	0,0.999,0.001
NA18953	1|0	0,0.999,0.001
NA18956	0|0	1,0,0
NA18965	1|1	0,0.00300002,0.997
NA18970	1|0	0.000999987,0.999,0
NA18973	0|0	1,0,0
NA18977	1|0	0.015,0.985,0
NA18987	1|1	1.29998e-05,0.013974,0.986013
NA18990	0|1	0.011,0.989,0
NA18995	0|0	0.997002,0.002996,2e-06
NA19003	0|0	0.971,0.029,0
NA19010	0|0	1,0,0
