NA18498	0|1	0.000999987,0.999,0
NA18502	0|0	0.673326,0.326348,0.000326
NA18505	0|1	0,0.998,0.002
NA18508	0|0	0.999,0.001,0
NA18517	0|0	1,0,0
NA18519	0|1	0.000999987,0.999,0
NA18867	0|0	1,0,0
NA18870	0|1	0,1,0
NA18910	0|0	1,0,0
NA19092	0|0	0.999,0.001,0
NA19098	0|1	0.005,0.995,0
NA19099	0|0	0.997002,0.002996,2e-06
NA19102	0|0	0.999,0.001,0
NA19108	0|0	1,0,0
NA19118	1|0	0,1,0
NA19119	1|0	0.000999987,0.999,0
NA19129	0|0	0.999,0.001,0
NA19130	0|0	0.999,0.001,0
NA19141	0|0	0.997,0.003,0
NA19146	1|0	0.00199797,0.997004,0.000998
NA19150	0|0	0.999,0.001,0
NA19152	1|0	0.000999987,0.999,0
NA19160	0|0	0.999,0.001,0
NA19171	0|0	0.997002,0.002996,2e-06
NA19189	1|0	0.00300002,0.997,0
NA19204	1|0	0.00199997,0.998,0
NA19206	0|1	0,1,0
NA19207	0|0	1,0,0
NA19209	0|1	0.00199997,0.998,0
NA19213	0|0	0.982,0.018,0
