NA18498	0|0	0.19	0.81,0.19,0
NA18502	0|0	0	1,0,0
NA18505	1|0	1	0,1,0
NA18507	1|0	0.96	0.07,0.89,0.04
NA18508	0|0	0.04	0.96,0.04,0
NA18517	0|1	0.55	0.45,0.55,0
NA18519	0|0	0.03	0.97,0.03,0
NA18867	0|0	0	1,0,0
NA18870	0|1	0.95	0.05,0.95,0
NA18910	0|1	1	0.01,0.98,0.01
NA19092	0|0	0	1,0,0
NA19098	0|0	0	1,0,0
NA19099	0|0	0	1,0,0
NA19102	0|0	0	1,0,0
NA19108	0|1	0.56	0.44,0.56,0
NA19118	0|0	0	1,0,0
NA19119	0|0	0	1,0,0
NA19129	1|0	0.96	0.04,0.96,0
NA19130	0|0	0	1,0,0
NA19141	0|0	0.26	0.74,0.26,0
NA19146	0|0	0	1,0,0
NA19150	0|0	0	1,0,0
NA19152	0|1	0.94	0.06,0.94,0
NA19160	0|0	0	1,0,0
NA19171	0|0	0	1,0,0
NA19189	0|0	0	1,0,0
NA19204	0|0	0	1,0,0
NA19206	0|0	0.25	0.75,0.25,0
NA19207	0|0	0	1,0,0
NA19209	0|0	0.36	0.64,0.36,0
NA19213	0|1	1	0,1,0
NA19240	0|0	0	1,0,0
