NA18526	0|0	0.02	0.98,0.02,0
NA18537	0|0	0.18	0.82,0.18,0
NA18550	0|0	0	1,0,0
NA18555	0|0	0.01	0.99,0.01,0
NA18562	1|0	0.98	0.02,0.98,0
NA18563	0|0	0	1,0,0
NA18582	0|0	0	1,0,0
NA18603	0|0	0.17	0.83,0.17,0
NA18606	0|0	0	1,0,0
NA18621	0|0	0.29	0.72,0.26,0.02
NA18622	0|0	0	1,0,0
NA18628	0|0	0.04	0.96,0.04,0
NA18632	0|0	0	1,0,0
NA18636	0|0	0.26	0.74,0.26,0
NA18647	0|0	0.02	0.98,0.02,0
NA18942	0|0	0.02	0.98,0.02,0
NA18945	0|0	0	1,0,0
NA18947	0|0	0.1	0.9,0.1,0
NA18951	1|0	0.68	0.32,0.68,0
NA18952	0|0	0	1,0,0
NA18953	0|0	0	1,0,0
NA18956	0|0	0.01	0.99,0.01,0
NA18965	0|0	0.02	0.98,0.02,0
NA18970	0|0	0.34	0.66,0.33,0.01
NA18973	0|0	0	1,0,0
NA18977	0|0	0	1,0,0
NA18987	0|0	0	1,0,0
NA18990	0|0	0.02	0.98,0.02,0
NA18995	0|0	0	1,0,0
NA19003	1|0	1	0.01,0.99,0
NA19010	0|0	0	1,0,0
