NA18526	1|0	0.00999999,0.99,0
NA18532	1|0	0,1,0
NA18537	0|0	0.99,0.01,0
NA18542	1|1	0.000144,0.029712,0.970144
NA18545	1|1	1.99995e-06,0.00299596,0.997002
NA18547	0|1	0.00400001,0.996,0
NA18550	1|1	5.39999e-05,0.014892,0.985054
NA18552	1|1	0,0.032,0.968
NA18555	1|1	0.00023,0.03254,0.96723
NA18558	1|1	5.49998e-05,0.01589,0.984055
NA18561	0|1	0.019,0.981,0
NA18562	0|1	0.000999987,0.999,0
NA18563	1|1	0,0.011,0.989
NA18564	0|1	0.033,0.967,0
NA18566	1|1	0,0.005,0.995
NA18570	1|1	3.99994e-05,0.02192,0.97804
NA18571	1|1	1.99995e-06,0.00299596,0.997002
NA18572	0|1	0.029,0.971,0
NA18573	0|0	0.999,0.001,0
NA18577	1|1	0.000602003,0.0917961,0.907602
NA18579	1|1	5.99992e-05,0.06088,0.93906
NA18582	0|1	0.011,0.989,0
NA18592	1|0	0.031,0.969,0
NA18593	1|1	0,0.00599998,0.994
NA18603	1|1	0,0.017,0.983
NA18605	1|1	0,0.013,0.987
NA18608	1|1	0.000578,0.049844,0.949578
NA18609	1|1	2.99999e-05,0.01094,0.98903
NA18611	1|1	5.20002e-05,0.016896,0.983052
NA18612	1|1	0.00015,0.0247,0.97515
NA18620	1|1	0,0.00999999,0.99
NA18621	1|1	0,0.00400001,0.996
NA18622	0|1	0.014,0.986,0
NA18623	1|0	0.004995,0.99401,0.000995
NA18624	1|1	2.40002e-05,0.010952,0.989024
NA18632	0|0	1,0,0
NA18633	1|1	0,0.00199997,0.998
NA18635	1|1	0,0.000999987,0.999
NA18636	1|1	0,0,1
NA18637	0|0	0.998,0.002,0
NA18940	1|1	2.29997e-05,0.023954,0.976023
NA18942	1|1	5.99996e-06,0.004988,0.995006
NA18943	1|0	0,1,0
NA18944	1|1	0,0.013,0.987
NA18945	0|0	0.999,0.001,0
NA18947	1|1	7.79998e-05,0.018844,0.981078
NA18948	1|1	0,0.005,0.995
NA18949	1|1	0,0.027,0.973
NA18951	0|1	0,1,0
NA18952	1|1	0.000126,0.026748,0.973126
NA18953	1|1	2.59997e-05,0.026948,0.973026
NA18956	1|1	0,0.00300002,0.997
NA18959	0|1	0,0.998,0.002
NA18960	1|1	9.99974e-07,0.00199797,0.998001
NA18961	1|1	7.00002e-05,0.01686,0.98307
NA18964	1|1	2.80002e-05,0.010944,0.989028
NA18965	1|0	0,1,0
NA18966	1|1	0,0.005,0.995
NA18967	0|1	0,1,0
NA18968	1|1	0,0.009,0.991
NA18969	1|0	0.009,0.991,0
NA18970	1|1	9e-05,0.02282,0.97709
NA18971	1|0	0,1,0
NA18972	1|1	0,0.00199997,0.998
NA18973	1|0	0.00300002,0.997,0
NA18974	1|0	0,1,0
NA18975	0|1	0.005,0.995,0
NA18976	1|0	0.019,0.981,0
NA18978	1|1	0,0,1
NA18980	0|1	0,1,0
NA18981	1|1	0,0.00199997,0.998
NA18987	0|1	0.012,0.988,0
NA18990	0|0	1,0,0
NA18991	1|1	0.000117,0.021766,0.978117
NA18992	1|1	0,0.025,0.975
NA18994	1|0	0,1,0
NA18995	1|0	0.005,0.995,0
NA18997	1|1	0,0.018,0.982
NA18998	1|1	0,0,1
NA18999	1|1	0,0.00199997,0.998
NA19000	1|1	0,0.049,0.951
NA19003	1|1	2.10002e-05,0.00995805,0.990021
NA19005	1|1	0,0.03,0.97
NA19007	0|1	0,1,0
NA19012	1|1	0,0,1
