NA18498	0|0	0	1,0,0
NA18500	1|1	2	0,0,1
NA18501	1|1	2	0,0,1
NA18502	1|1	2	0,0,1
NA18503	1|1	2	0,0,1
NA18504	1|1	2	0,0,1
NA18505	1|1	2	0,0,1
NA18506	1|1	2	0,0,1
NA18507	1|1	1.66	0.03,0.28,0.69
NA18508	1|1	2	0,0,1
NA18515	0|0	0	1,0,0
NA18516	1|0	0.99	0.01,0.99,0
NA18517	1|0	1	0,1,0
NA18519	0|0	0	1,0,0
NA18521	1|1	2	0,0,1
NA18522	0|0	0	1,0,0
NA18523	0|1	1	0,1,0
NA18852	1|1	2	0,0,1
NA18853	1|1	2	0,0,1
NA18854	1|1	2	0,0,1
NA18855	0|0	0	1,0,0
NA18856	0|0	0	1,0,0
NA18857	0|0	0	1,0,0
NA18858	1|1	2	0,0,1
NA18859	0|0	0	1,0,0
NA18860	1|1	2	0,0,1
NA18861	1|1	2	0,0,1
NA18862	0|0	0	1,0,0
NA18863	1|1	2	0,0,1
NA18867	0|1	1	0,1,0
NA18870	1|0	1	0,1,0
NA18871	0|0	0	1,0,0
NA18872	0|0	0	1,0,0
NA18910	1|1	2	0,0,1
NA18912	1|1	2	0,0,1
NA18913	1|1	2	0,0,1
NA18914	1|1	2	0,0,1
NA19027	1|1	2	0,0,1
NA19028	0|0	0.96	0.27,0.5,0.23
NA19031	1|1	2	0,0,1
NA19035	1|0	0.98	0.02,0.98,0
NA19036	1|1	2	0,0,1
NA19038	0|1	1	0,1,0
NA19041	0|0	0	1,0,0
NA19092	0|0	0	1,0,0
NA19093	0|0	0	1,0,0
NA19094	0|1	1	0,1,0
NA19098	1|0	1	0,1,0
NA19099	1|1	2	0,0,1
NA19100	1|0	1	0,1,0
NA19101	1|1	2	0,0,1
NA19102	0|0	0	1,0,0
NA19103	0|0	0	1,0,0
NA19108	0|0	0.01	0.99,0.01,0
NA19116	1|0	1	0,1,0
NA19118	0|1	1	0,1,0
NA19119	1|1	2	0,0,1
NA19120	0|0	0	1,0,0
NA19127	0|1	1	0,1,0
NA19128	0|0	0.45	0.55,0.44,0.01
NA19129	0|0	0	1,0,0
NA19130	0|0	0	1,0,0
NA19131	0|1	1	0,1,0
NA19132	1|0	1	0,1,0
NA19137	0|0	0.02	0.98,0.02,0
NA19138	1|1	2	0,0,1
NA19139	0|0	0	1,0,0
NA19140	1|0	1	0,1,0
NA19141	1|1	2	0,0,1
NA19142	0|0	0	1,0,0
NA19143	1|1	1.57	0,0.43,0.57
NA19144	0|0	0.4	0.64,0.32,0.04
NA19145	1|1	2	0,0,1
NA19146	0|0	0	1,0,0
NA19150	1|0	0.99	0.15,0.7,0.15
NA19152	1|1	2	0,0,1
NA19153	1|1	2	0,0,1
NA19154	1|1	2	0,0,1
NA19159	1|1	2	0,0,1
NA19160	1|1	1.99	0,0.01,0.99
NA19161	1|1	2	0,0,1
NA19171	1|1	2	0,0,1
NA19172	1|1	2	0,0,1
NA19173	1|1	2	0,0,1
NA19189	0|0	0	1,0,0
NA19200	0|0	0	1,0,0
NA19201	0|1	1	0,1,0
NA19202	1|0	1	0,1,0
NA19203	1|1	2	0,0,1
NA19204	1|0	1	0,1,0
NA19205	0|0	0	1,0,0
NA19206	1|0	1	0,1,0
NA19207	1|1	2	0,0,1
NA19208	1|1	2	0,0,1
NA19209	1|0	1	0,1,0
NA19210	0|0	0	1,0,0
NA19211	0|0	0	1,0,0
NA19213	0|0	0	1,0,0
NA19221	1|1	2	0,0,1
NA19222	1|1	2	0,0,1
NA19223	1|1	2	0,0,1
NA19238	1|1	2	0,0,1
NA19239	1|1	2	0,0,1
NA19240	1|1	2	0,0,1
NA19307	1|1	1.87	0,0.13,0.87
NA19308	1|1	2	0,0,1
NA19309	0|0	0	1,0,0
NA19310	1|1	2	0,0,1
NA19314	1|1	2	0,0,1
NA19315	1|1	1.98	0,0.02,0.98
NA19316	1|1	2	0,0,1
NA19317	1|1	2	0,0,1
NA19319	1|1	2	0,0,1
NA19321	0|0	0.2	0.8,0.2,0
NA19324	0|1	1.05	0,0.95,0.05
NA19327	1|1	2	0,0,1
NA19328	0|1	1.04	0,0.96,0.04
NA19332	1|1	2	0,0,1
NA19334	1|1	2	0,0,1
NA19346	1|1	2	0,0,1
NA19347	1|1	2	0,0,1
NA19350	0|0	0	1,0,0
NA19360	1|1	2	0,0,1
NA19372	1|1	2	0,0,1
NA19374	1|1	2	0,0,1
NA19375	0|0	0	1,0,0
NA19376	1|1	2	0,0,1
NA19377	0|1	1	0,1,0
NA19379	1|0	1	0,1,0
NA19380	0|0	0	1,0,0
NA19384	0|0	0	1,0,0
NA19385	0|0	0	1,0,0
NA19390	1|1	2	0,0,1
NA19391	0|1	1	0,1,0
NA19393	0|0	0.14	0.86,0.14,0
NA19394	1|1	2	0,0,1
NA19397	1|1	1.54	0.05,0.35,0.6
NA19399	0|0	0.4	0.61,0.38,0.01
NA19403	0|1	0.96	0.04,0.96,0
NA19404	1|1	2	0,0,1
NA19428	0|0	0	1,0,0
NA19429	0|0	0	1,0,0
NA19430	0|0	0	1,0,0
NA19431	1|0	1	0,1,0
NA19434	0|1	1	0,1,0
NA19435	0|0	0	1,0,0
NA19436	1|0	1	0,1,0
NA19437	1|1	1.72	0,0.28,0.72
NA19438	1|1	2	0,0,1
NA19439	1|1	1.69	0.02,0.27,0.71
NA19440	1|1	2	0,0,1
NA19443	1|1	2	0,0,1
NA19445	0|1	1	0,1,0
NA19446	1|1	2	0,0,1
NA19448	0|0	0.29	0.72,0.28,0.01
NA19449	1|1	1.94	0,0.06,0.94
NA19451	1|1	2	0,0,1
NA19452	1|1	1.95	0,0.05,0.95
NA19455	0|0	0	1,0,0
NA19456	1|1	2	0,0,1
NA19457	1|0	1	0,1,0
NA19462	0|1	1.12	0,0.88,0.12
NA19463	0|1	1	0,1,0
NA19466	0|0	0	1,0,0
NA19467	1|1	2	0,0,1
NA19468	1|1	1.99	0,0.01,0.99
NA19471	0|0	0.12	0.88,0.12,0
NA19472	0|1	1	0,1,0
NA19473	1|0	1.12	0,0.88,0.12
NA19474	1|1	2	0,0,1
