NA18526	0|0	0	1,0,0
NA18532	1|0	1	0,1,0
NA18537	0|0	0.06	0.94,0.06,0
NA18542	1|0	1	0,1,0
NA18545	0|1	1	0,1,0
NA18547	0|0	0.44	0.56,0.44,0
NA18550	0|0	0	1,0,0
NA18552	0|0	0	1,0,0
NA18555	0|0	0	1,0,0
NA18558	0|0	0	1,0,0
NA18561	1|1	2	0,0,1
NA18562	0|0	0.07	0.93,0.07,0
NA18563	1|1	2	0,0,1
NA18564	1|1	1.82	0,0.18,0.82
NA18566	0|0	0	1,0,0
NA18570	1|0	1.02	0,0.98,0.02
NA18571	1|1	1.94	0,0.06,0.94
NA18572	1|1	2	0,0,1
NA18573	1|1	2	0,0,1
NA18577	1|1	2	0,0,1
NA18579	0|0	0.09	0.91,0.09,0
NA18582	1|0	1	0,1,0
NA18592	0|1	1	0,1,0
NA18593	1|0	0.93	0.07,0.93,0
NA18603	0|0	0	1,0,0
NA18605	1|1	2	0,0,1
NA18608	1|1	2	0,0,1
NA18609	1|1	2	0,0,1
NA18611	0|0	0	1,0,0
NA18612	0|0	0	1,0,0
NA18620	1|1	2	0,0,1
NA18621	0|0	0	1,0,0
NA18622	1|1	2	0,0,1
NA18623	0|0	0	1,0,0
NA18624	1|1	1.99	0,0.01,0.99
NA18632	0|0	0	1,0,0
NA18633	1|1	2	0,0,1
NA18635	1|1	2	0,0,1
NA18636	0|0	0	1,0,0
NA18637	1|1	2	0,0,1
NA18940	1|1	2	0,0,1
NA18942	1|0	1.11	0,0.89,0.11
NA18943	1|1	1.83	0,0.17,0.83
NA18944	0|0	0.75	0.39,0.47,0.14
NA18945	1|1	2	0,0,1
NA18947	1|1	2	0,0,1
NA18948	0|0	0.48	0.58,0.36,0.06
NA18949	1|1	2	0,0,1
NA18951	0|0	0	1,0,0
NA18952	0|0	0	1,0,0
NA18953	0|0	0	1,0,0
NA18956	1|1	2	0,0,1
NA18959	1|1	2	0,0,1
NA18960	1|1	2	0,0,1
NA18961	0|0	0	1,0,0
NA18964	1|1	2	0,0,1
NA18965	0|0	0	1,0,0
NA18966	0|0	0	1,0,0
NA18967	1|1	2	0,0,1
NA18968	1|1	1.75	0,0.24,0.75
NA18969	1|1	2	0,0,1
NA18970	1|1	2	0,0,1
NA18971	1|1	2	0,0,1
NA18972	1|0	1.01	0,0.99,0.01
NA18973	1|0	1	0,1,0
NA18974	1|1	2	0,0,1
NA18975	0|1	1	0,1,0
NA18976	0|1	1	0,1,0
NA18978	1|1	2	0,0,1
NA18980	1|0	1	0,1,0
NA18981	1|1	1.85	0,0.15,0.85
NA18987	1|0	1	0,1,0
NA18990	0|0	0	1,0,0
NA18991	1|1	1.98	0,0.02,0.98
NA18992	1|1	2	0,0,1
NA18994	1|1	2	0,0,1
NA18995	0|0	0.02	0.98,0.02,0
NA18997	1|1	1.95	0,0.05,0.95
NA18998	1|0	1	0,1,0
NA18999	1|1	2	0,0,1
NA19000	1|1	2	0,0,1
NA19003	0|1	1.1	0,0.9,0.1
NA19005	1|1	2	0,0,1
NA19007	1|1	2	0,0,1
NA19012	1|1	2	0,0,1
