NA18498	0|1	1	0,1,0
NA18502	1|1	1.83	0,0.17,0.83
NA18505	1|0	1.4	0.02,0.56,0.42
NA18507	1|1	2	0,0,1
NA18508	0|1	0.78	0.22,0.78,0
NA18517	1|1	2	0,0,1
NA18519	0|0	0.03	0.97,0.03,0
NA18867	1|1	2	0,0,1
NA18870	1|0	0.94	0.06,0.94,0
NA18910	0|1	0.97	0.03,0.97,0
NA19092	1|1	1.85	0,0.15,0.85
NA19098	1|0	0.56	0.44,0.56,0
NA19099	0|0	0	1,0,0
NA19102	1|0	1.01	0,0.99,0.01
NA19108	0|0	0.37	0.63,0.37,0
NA19118	1|0	0.89	0.11,0.89,0
NA19119	0|0	0.09	0.91,0.09,0
NA19129	0|0	0.07	0.93,0.07,0
NA19130	0|1	0.61	0.43,0.53,0.04
NA19141	1|0	1	0,1,0
NA19146	0|1	1.02	0,0.98,0.02
NA19150	1|0	1.04	0,0.96,0.04
NA19152	1|1	2	0,0,1
NA19160	0|1	1.08	0,0.92,0.08
NA19171	1|0	0.85	0.16,0.82,0.02
NA19189	0|1	1	0,1,0
NA19204	1|0	0.97	0.03,0.97,0
NA19206	1|1	2	0,0,1
NA19207	1|0	0.88	0.12,0.88,0
NA19209	0|0	0.06	0.94,0.06,0
NA19213	0|1	1	0,1,0
NA19240	0|0	0.08	0.92,0.08,0
NA11829	1|0	0.73	0.28,0.71,0.01
NA11830	0|0	0.36	0.68,0.29,0.03
NA11831	1|0	0.87	0.14,0.85,0.01
NA11832	0|1	0.7	0.33,0.64,0.03
NA11840	1|0	0.75	0.26,0.73,0.01
NA11881	0|1	1.08	0.19,0.54,0.27
NA11994	0|0	0.18	0.82,0.18,0
NA11995	1|1	1.7	0,0.3,0.7
NA12004	0|0	0.11	0.89,0.11,0
NA12005	0|0	0.3	0.71,0.27,0.01
NA12043	0|1	0.59	0.43,0.55,0.02
NA12044	0|0	0.02	0.98,0.02,0
NA12144	0|0	0.45	0.59,0.37,0.04
NA12154	0|0	0.42	0.58,0.42,0
NA12155	0|1	1.11	0,0.88,0.12
NA12156	1|0	1.26	0,0.74,0.26
NA12234	1|0	1.05	0.05,0.85,0.1
NA12717	0|1	0.83	0.17,0.83,0
NA12750	0|1	1.17	0.02,0.79,0.19
NA12760	1|0	1.02	0.11,0.75,0.13
NA12762	0|0	0.19	0.81,0.19,0
NA12763	1|0	0.58	0.44,0.53,0.02
NA12812	0|0	0.06	0.94,0.06,0
NA12813	0|1	0.78	0.25,0.72,0.03
NA12814	0|0	0.37	0.63,0.37,0
NA12815	0|0	0.12	0.89,0.11,0
NA12872	1|0	0.95	0.12,0.81,0.07
NA12873	0|1	1.05	0.01,0.93,0.06
NA12874	1|1	1.44	0.08,0.4,0.52
NA12878	0|0	0.02	0.98,0.02,0
NA18526	0|1	1	0.04,0.92,0.04
NA18537	1|0	1.06	0.07,0.8,0.13
NA18550	1|0	1.13	0.03,0.81,0.16
NA18555	1|1	1.97	0,0.03,0.97
NA18562	0|1	1.44	0.01,0.53,0.45
NA18563	1|1	1.71	0.01,0.27,0.72
NA18582	1|1	1.49	0.03,0.45,0.52
NA18603	0|1	1.27	0.04,0.66,0.3
NA18606	1|1	1.79	0,0.2,0.8
NA18621	0|1	0.98	0.15,0.72,0.13
NA18622	0|1	1.37	0.06,0.5,0.43
NA18628	1|1	1.71	0.01,0.27,0.72
NA18632	0|1	1	0.04,0.92,0.04
NA18636	1|1	1.69	0.01,0.28,0.7
NA18647	1|1	1.67	0.01,0.32,0.68
NA18942	1|1	1.5	0.01,0.47,0.51
NA18945	1|1	1.65	0.02,0.31,0.67
NA18947	1|1	1.93	0,0.07,0.93
NA18951	1|0	1.04	0.13,0.7,0.17
NA18952	0|1	1.02	0.03,0.93,0.04
NA18953	1|1	1.9	0,0.1,0.9
NA18956	1|1	1.64	0.02,0.31,0.66
NA18965	0|1	1.02	0.2,0.58,0.22
NA18970	1|1	1.93	0,0.07,0.93
NA18973	1|1	1.5	0.06,0.38,0.56
NA18977	1|1	1.94	0,0.06,0.94
NA18987	1|1	1.95	0,0.05,0.95
NA18990	1|1	1.91	0,0.09,0.91
NA18995	1|1	1.95	0,0.05,0.95
NA19003	1|1	1.91	0,0.09,0.91
NA19010	1|1	1.92	0,0.08,0.92
