NA11829	0|0	1,0,0
NA11830	1|1	0,0,1
NA11831	1|1	9.99974e-07,0.00199797,0.998001
NA11832	0|1	0,1,0
NA11840	1|1	7.99991e-06,0.008984,0.991008
NA11881	0|0	1,0,0
NA11994	0|0	0.990025,0.00995,2.5e-05
NA11995	1|1	0.00016,0.02768,0.97216
NA12004	0|1	0.00400001,0.996,0
NA12005	1|1	0,0,1
NA12043	1|1	0,0,1
NA12044	0|0	1,0,0
NA12144	1|1	0.000529,0.044942,0.954529
NA12154	0|0	1,0,0
NA12155	0|0	1,0,0
NA12156	1|0	0,1,0
NA12234	0|0	0.991,0.009,0
NA12717	1|0	0.009,0.991,0
NA12750	1|1	0,0,1
NA12760	0|0	1,0,0
NA12761	0|0	1,0,0
NA12762	0|0	1,0,0
NA12763	1|0	0,1,0
NA12812	1|1	9.99998e-05,0.0198,0.9801
NA12813	1|1	3.00002e-05,0.01294,0.98703
NA12814	0|0	0.998001,0.001998,1e-06
NA12815	1|1	2.99998e-06,0.00399401,0.996003
NA12872	1|1	3.9999e-06,0.00399195,0.996004
NA12873	0|1	0.00300002,0.997,0
NA12874	0|0	1,0,0
NA12878	1|1	1.39998e-05,0.014972,0.985014
