NA11829	1|0	1	0,1,0
NA11830	0|1	1	0,1,0
NA11831	1|0	1	0,1,0
NA11832	0|0	0	1,0,0
NA11840	0|1	1	0,1,0
NA11881	0|0	0	1,0,0
NA11994	1|0	1	0,1,0
NA11995	0|0	0	1,0,0
NA12004	0|0	0	1,0,0
NA12005	0|0	0	1,0,0
NA12043	0|1	1	0,1,0
NA12044	1|0	0.98	0.02,0.98,0
NA12144	0|1	1	0,1,0
NA12154	0|1	0.84	0.16,0.84,0
NA12155	0|0	0	1,0,0
NA12156	1|0	1	0,1,0
NA12234	0|0	0	1,0,0
NA12717	0|0	0	1,0,0
NA12750	1|0	1	0,1,0
NA12760	0|0	0	1,0,0
NA12761	1|0	1	0,1,0
NA12762	0|0	0	1,0,0
NA12763	0|0	0	1,0,0
NA12812	0|0	0	1,0,0
NA12813	0|1	1	0,1,0
NA12814	1|0	1	0,1,0
NA12815	0|0	0	1,0,0
NA12872	1|0	0.95	0.05,0.95,0
NA12873	1|0	1	0,1,0
NA12874	1|0	1	0,1,0
NA12878	0|0	0	1,0,0
