NA18526	0|0	0.27	0.74,0.26,0.01
NA18532	0|0	0.11	0.89,0.11,0
NA18537	0|0	0.13	0.87,0.13,0
NA18542	0|0	0	1,0,0
NA18545	0|0	0.04	0.96,0.04,0
NA18547	1|0	0.93	0.07,0.93,0
NA18550	0|0	0.15	0.85,0.15,0
NA18552	1|0	1.18	0,0.82,0.18
NA18555	0|0	0.26	0.74,0.26,0
NA18558	0|1	1.01	0,0.99,0.01
NA18561	0|0	0.19	0.81,0.19,0
NA18562	0|1	0.88	0.14,0.84,0.02
NA18563	0|0	0.6	0.48,0.44,0.08
NA18564	0|0	0.26	0.74,0.26,0
NA18566	0|1	1	0,1,0
NA18570	0|0	0	1,0,0
NA18571	0|0	0.11	0.89,0.11,0
NA18572	0|0	0.2	0.8,0.2,0
NA18573	0|1	0.93	0.28,0.51,0.21
NA18577	0|0	0.19	0.82,0.18,0
NA18579	1|0	0.87	0.13,0.87,0
NA18582	0|0	0.32	0.69,0.3,0.01
NA18592	0|1	1.07	0,0.92,0.07
NA18593	0|0	0.03	0.97,0.03,0
NA18603	0|0	0.44	0.58,0.41,0.01
NA18605	1|1	1.9	0,0.1,0.9
NA18608	0|1	0.96	0.04,0.96,0
NA18609	1|0	0.75	0.25,0.75,0
NA18611	0|0	0.05	0.95,0.05,0
NA18612	0|1	1.16	0.13,0.58,0.29
NA18620	0|0	0.27	0.74,0.26,0
NA18621	0|0	0.08	0.92,0.08,0
NA18622	1|0	0.82	0.19,0.8,0.01
NA18623	1|0	1	0,1,0
NA18624	0|1	0.59	0.45,0.51,0.04
NA18632	0|0	0.19	0.82,0.18,0.01
NA18633	0|0	0.07	0.93,0.07,0
NA18635	0|0	0.04	0.96,0.04,0
NA18636	0|0	0.47	0.53,0.47,0
NA18637	0|0	0.05	0.95,0.05,0
NA18940	0|0	0.11	0.89,0.11,0
NA18942	0|0	0.27	0.74,0.25,0.01
NA18943	0|0	0.36	0.66,0.32,0.02
NA18944	0|1	1.07	0,0.93,0.07
NA18945	1|0	0.99	0.02,0.96,0.02
NA18947	0|1	1.02	0,0.98,0.02
NA18948	0|1	1.06	0.06,0.82,0.12
NA18949	0|0	0.29	0.71,0.29,0
NA18951	0|0	0.01	0.99,0.01,0
NA18952	0|0	0.44	0.56,0.44,0
NA18953	0|0	0.04	0.96,0.04,0
NA18956	0|0	0.33	0.68,0.32,0
NA18959	0|0	0.04	0.96,0.04,0
NA18960	0|0	0.01	0.99,0.01,0
NA18961	0|0	0	1,0,0
NA18964	1|0	0.62	0.4,0.59,0.02
NA18965	0|0	0.15	0.85,0.15,0
NA18966	1|1	1.52	0.01,0.46,0.53
NA18967	0|1	1	0,1,0
NA18968	0|0	0.16	0.84,0.16,0
NA18969	0|0	0.51	0.5,0.49,0.01
NA18970	0|0	0.01	0.99,0.01,0
NA18971	0|1	0.91	0.1,0.89,0.01
NA18972	0|0	0.11	0.89,0.11,0
NA18973	0|1	0.55	0.45,0.55,0
NA18974	0|1	1	0,1,0
NA18975	0|1	1	0,1,0
NA18976	1|1	1.4	0.09,0.43,0.48
NA18978	0|1	1	0,1,0
NA18980	0|0	0.25	0.75,0.25,0
NA18981	1|0	0.72	0.28,0.72,0
NA18987	0|0	0.4	0.6,0.4,0
NA18990	0|0	0.02	0.98,0.02,0
NA18991	0|0	0.07	0.93,0.07,0
NA18992	0|0	0.21	0.79,0.21,0
NA18994	0|1	1.01	0,0.99,0.01
NA18995	1|0	0.97	0.06,0.91,0.03
NA18997	0|0	0.25	0.76,0.23,0.01
NA18998	0|1	1	0,1,0
NA18999	0|0	0.15	0.85,0.14,0.01
NA19000	1|1	1.99	0,0.01,0.99
NA19003	1|0	1.02	0.01,0.97,0.03
NA19005	0|0	0.29	0.72,0.27,0.01
NA19007	0|1	0.53	0.47,0.52,0.01
NA19012	0|1	1.01	0,0.99,0.01
