NA18498	0|0	0	1,0,0
NA18500	1|0	1	0,1,0
NA18501	1|1	2	0,0,1
NA18502	0|0	0	1,0,0
NA18503	0|1	1	0,1,0
NA18504	1|0	1	0,1,0
NA18505	0|0	0.2	0.8,0.2,0
NA18506	0|1	1	0,1,0
NA18507	0|1	1	0,1,0
NA18508	0|0	0	1,0,0
NA18515	1|1	2	0,0,1
NA18516	1|1	1.97	0,0.03,0.97
NA18517	1|1	2	0,0,1
NA18519	0|1	1	0,1,0
NA18521	1|0	1	0,1,0
NA18522	0|1	1	0,1,0
NA18523	1|1	2	0,0,1
NA18852	1|0	1	0,1,0
NA18853	0|1	1	0,1,0
NA18854	1|0	1	0,1,0
NA18855	0|0	0	1,0,0
NA18856	0|0	0	1,0,0
NA18857	0|0	0	1,0,0
NA18858	1|1	2	0,0,1
NA18859	0|1	1	0,1,0
NA18860	0|1	1	0,1,0
NA18861	0|1	1	0,1,0
NA18862	0|0	0	1,0,0
NA18863	0|1	1	0,1,0
NA18867	1|0	1	0,1,0
NA18870	0|0	0	1,0,0
NA18871	1|0	0.99	0.01,0.99,0
NA18872	0|0	0	1,0,0
NA18910	1|1	1.99	0,0.01,0.99
NA18912	1|1	2	0,0,1
NA18913	0|0	0	1,0,0
NA18914	1|0	1	0,1,0
NA19027	0|0	0.34	0.66,0.34,0
NA19028	1|0	1.09	0,0.91,0.09
NA19031	0|0	0	1,0,0
NA19035	0|0	0	1,0,0
NA19036	0|1	1	0,1,0
NA19038	1|0	1.41	0,0.59,0.41
NA19041	0|1	1	0,1,0
NA19092	1|0	1	0,1,0
NA19093	0|1	1.08	0,0.92,0.08
NA19094	1|1	2	0,0,1
NA19098	0|0	0	1,0,0
NA19099	0|0	0.06	0.94,0.06,0
NA19100	0|0	0	1,0,0
NA19101	1|0	1.05	0,0.95,0.05
NA19102	0|0	0	1,0,0
NA19103	0|0	0	1,0,0
NA19108	0|0	0	1,0,0
NA19116	1|1	1.6	0,0.4,0.6
NA19118	0|0	0	1,0,0
NA19119	0|0	0.06	0.94,0.06,0
NA19120	0|1	1.01	0,0.99,0.01
NA19127	1|0	1	0,1,0
NA19128	1|1	2	0,0,1
NA19129	1|0	1	0,1,0
NA19130	0|1	1	0,1,0
NA19131	1|1	1.99	0,0.01,0.99
NA19132	1|1	2	0,0,1
NA19137	0|1	1	0,1,0
NA19138	1|1	1.84	0,0.16,0.84
NA19139	1|0	1	0,1,0
NA19140	0|0	0	1,0,0
NA19141	1|0	1	0,1,0
NA19142	0|0	0	1,0,0
NA19143	1|0	1	0,1,0
NA19144	0|1	1	0,1,0
NA19145	1|0	1	0,1,0
NA19146	1|0	0.97	0.03,0.97,0
NA19150	0|1	0.91	0.09,0.91,0
NA19152	0|0	0	1,0,0
NA19153	0|0	0.13	0.87,0.13,0
NA19154	0|0	0	1,0,0
NA19159	1|0	0.66	0.34,0.66,0
NA19160	1|1	2	0,0,1
NA19161	1|1	2	0,0,1
NA19171	0|1	1	0,1,0
NA19172	0|0	0	1,0,0
NA19173	0|0	0	1,0,0
NA19189	1|0	1	0,1,0
NA19200	1|0	1	0,1,0
NA19201	1|0	1	0,1,0
NA19202	0|1	1	0,1,0
NA19203	1|1	2	0,0,1
NA19204	1|1	1.87	0,0.13,0.87
NA19205	1|1	2	0,0,1
NA19206	0|0	0	1,0,0
NA19207	1|1	2	0,0,1
NA19208	1|0	1	0,1,0
NA19209	0|1	1	0,1,0
NA19210	1|0	0.86	0.14,0.86,0
NA19211	1|0	1.03	0,0.97,0.03
NA19213	0|1	1	0,1,0
NA19221	1|1	2	0,0,1
NA19222	1|1	2	0,0,1
NA19223	1|1	1.59	0,0.41,0.59
NA19238	0|0	0	1,0,0
NA19239	1|1	2	0,0,1
NA19240	1|0	1	0,1,0
NA19307	0|1	1	0,1,0
NA19308	1|0	0.65	0.35,0.65,0
NA19309	1|0	0.63	0.37,0.63,0
NA19310	1|0	1	0,1,0
NA19314	0|1	1.1	0,0.9,0.1
NA19315	0|1	1	0,1,0
NA19316	0|0	0	1,0,0
NA19317	0|0	0.05	0.95,0.05,0
NA19319	0|0	0	1,0,0
NA19321	0|1	1	0,1,0
NA19324	0|0	0	1,0,0
NA19327	1|0	1	0,1,0
NA19328	1|0	1	0,1,0
NA19332	0|1	1	0,1,0
NA19334	0|0	0.31	0.69,0.31,0
NA19346	0|0	0	1,0,0
NA19347	0|0	0	1,0,0
NA19350	0|0	0.01	0.99,0.01,0
NA19360	1|1	2	0,0,1
NA19372	0|0	0	1,0,0
NA19374	1|1	2	0,0,1
NA19375	1|1	1.96	0,0.04,0.96
NA19376	0|1	1	0,1,0
NA19377	1|0	1	0,1,0
NA19379	0|0	0	1,0,0
NA19380	1|0	1	0,1,0
NA19384	0|0	0	1,0,0
NA19385	0|1	1.06	0,0.94,0.06
NA19390	0|0	0	1,0,0
NA19391	1|0	1	0,1,0
NA19393	0|1	1	0,1,0
NA19394	1|0	1	0,1,0
NA19397	0|1	1	0,1,0
NA19399	0|0	0	1,0,0
NA19403	0|0	0	1,0,0
NA19404	1|0	0.84	0.16,0.84,0
NA19428	0|0	0.18	0.82,0.18,0
NA19429	1|1	2	0,0,1
NA19430	1|1	2	0,0,1
NA19431	0|0	0	1,0,0
NA19434	0|0	0.02	0.98,0.02,0
NA19435	0|0	0	1,0,0
NA19436	0|1	1	0,1,0
NA19437	0|0	0.01	0.99,0.01,0
NA19438	1|0	1	0,1,0
NA19439	1|0	1.02	0,0.98,0.02
NA19440	1|1	1.53	0.01,0.44,0.54
NA19443	0|0	0.17	0.83,0.17,0
NA19445	1|0	1	0,1,0
NA19446	0|0	0.01	0.99,0.01,0
NA19448	0|0	0	1,0,0
NA19449	1|0	1.2	0,0.8,0.2
NA19451	0|0	0	1,0,0
NA19452	1|0	1	0,1,0
NA19455	0|1	0.98	0.02,0.98,0
NA19456	0|1	0.65	0.35,0.65,0
NA19457	0|0	0	1,0,0
NA19462	0|0	0.41	0.59,0.41,0
NA19463	0|1	1.01	0,0.99,0.01
NA19466	0|1	0.7	0.3,0.7,0
NA19467	1|1	1.66	0,0.34,0.66
NA19468	0|1	0.68	0.32,0.68,0
NA19471	1|0	1	0,1,0
NA19472	1|0	1.04	0,0.96,0.04
NA19473	0|1	1	0,1,0
NA19474	0|1	1	0,1,0
