NA18498	0|0	1,0,0
NA18502	0|0	1,0,0
NA18505	0|0	0.997002,0.002996,2e-06
NA18507	0|0	0.990025,0.00995,2.5e-05
NA18508	1|0	0,1,0
NA18517	0|0	1,0,0
NA18519	1|1	0,0,1
NA18867	0|1	0,1,0
NA18870	0|1	0,0.999,0.001
NA18910	0|0	1,0,0
NA19092	0|0	1,0,0
NA19098	1|1	3.9999e-06,0.00399195,0.996004
NA19099	1|1	0,0,1
NA19102	0|1	0,1,0
NA19108	1|0	0,1,0
NA19118	0|1	0,1,0
NA19119	0|0	1,0,0
NA19129	0|0	1,0,0
NA19130	1|1	0,0,1
NA19141	0|0	1,0,0
NA19146	0|0	0.998001,0.001998,1e-06
NA19150	0|0	1,0,0
NA19152	0|0	0.81,0.19,0
NA19160	0|0	1,0,0
NA19171	0|0	1,0,0
NA19189	0|0	1,0,0
NA19204	0|0	1,0,0
NA19206	0|1	0,1,0
NA19207	0|0	0.994009,0.005982,9e-06
NA19209	1|0	0,1,0
NA19213	0|0	1,0,0
NA19240	1|0	0,0.998,0.002
NA11829	0|0	1,0,0
NA11830	1|1	0,0,1
NA11831	1|1	9.99974e-07,0.00199797,0.998001
NA11832	0|1	0,1,0
NA11840	1|1	7.99991e-06,0.008984,0.991008
NA11881	0|0	1,0,0
NA11994	0|0	0.990025,0.00995,2.5e-05
NA11995	1|1	0.00016,0.02768,0.97216
NA12004	0|1	0.00400001,0.996,0
NA12005	1|1	0,0,1
NA12043	1|1	0,0,1
NA12044	0|0	1,0,0
NA12144	1|1	0.000529,0.044942,0.954529
NA12154	0|0	1,0,0
NA12155	0|0	1,0,0
NA12156	1|0	0,1,0
NA12234	0|0	0.991,0.009,0
NA12717	1|0	0.009,0.991,0
NA12750	1|1	0,0,1
NA12760	0|0	1,0,0
NA12761	0|0	1,0,0
NA12762	0|0	1,0,0
NA12763	1|0	0,1,0
NA12812	1|1	9.99998e-05,0.0198,0.9801
NA12813	1|1	3.00002e-05,0.01294,0.98703
NA12814	0|0	0.998001,0.001998,1e-06
NA12815	1|1	2.99998e-06,0.00399401,0.996003
NA12872	1|1	3.9999e-06,0.00399195,0.996004
NA12873	0|1	0.00300002,0.997,0
NA12874	0|0	1,0,0
NA12878	1|1	1.39998e-05,0.014972,0.985014
NA18526	0|1	0.00800002,0.992,0
NA18537	1|1	0,0.009,0.991
NA18550	0|1	0,0.999,0.001
NA18555	1|1	0,0.00400001,0.996
NA18562	1|1	0,0,1
NA18563	1|1	0,0,1
NA18582	1|1	2.80002e-05,0.010944,0.989028
NA18603	1|1	0.000255999,0.0314879,0.968256
NA18606	1|1	0,0,1
NA18621	1|1	9.99974e-07,0.00199797,0.998001
NA18622	0|0	1,0,0
NA18628	1|0	0.00599998,0.994,0
NA18632	1|1	4.90004e-05,0.0139021,0.986049
NA18636	1|1	0,0,1
NA18647	1|1	0,0,1
NA18942	1|0	0.099,0.901,0
NA18945	1|1	9.99974e-07,0.00199797,0.998001
NA18947	1|1	0,0.009,0.991
NA18951	1|0	0.005,0.995,0
NA18952	1|1	0,0,1
NA18953	0|0	1,0,0
NA18956	0|0	0.998,0.002,0
NA18965	0|0	1,0,0
NA18970	1|1	3.9999e-06,0.00399195,0.996004
NA18973	0|0	0.985056,0.014888,5.6e-05
NA18977	0|0	1,0,0
NA18987	1|1	0,0.017,0.983
NA18990	1|1	0,0,1
NA18995	1|1	0,0,1
NA19003	1|1	0,0.011,0.989
NA19010	1|1	1.09998e-05,0.011978,0.988011
