NA18498	0|0	1,0,0
NA18502	0|0	1,0,0
NA18505	0|0	0.997,0.003,0
NA18507	0|0	1,0,0
NA18508	0|1	0.000999987,0.999,0
NA18517	0|0	1,0,0
NA18519	1|1	0,0,1
NA18867	0|1	0,0.999,0.001
NA18870	0|1	0,1,0
NA18910	0|0	1,0,0
NA19092	0|0	0.998001,0.001998,1e-06
NA19098	1|1	3.59998e-05,0.011928,0.988036
NA19099	1|1	0,0.00400001,0.996
NA19102	1|0	0,1,0
NA19108	1|0	0,0.999,0.001
NA19118	1|0	0,1,0
NA19119	0|0	1,0,0
NA19129	0|0	1,0,0
NA19130	1|1	0,0,1
NA19141	0|0	1,0,0
NA19146	0|0	1,0,0
NA19150	0|0	0.994009,0.005982,9e-06
NA19152	0|0	0.99,0.01,0
NA19160	0|0	1,0,0
NA19171	0|0	1,0,0
NA19189	0|0	1,0,0
NA19204	0|0	1,0,0
NA19206	0|1	0,1,0
NA19207	0|0	0.998001,0.001998,1e-06
NA19209	0|1	0,1,0
NA19213	0|0	1,0,0
NA19240	1|0	0,1,0
