NA18526	0|0	0.12	0.88,0.12,0
NA18532	0|1	0.99	0.01,0.99,0
NA18537	0|0	0	1,0,0
NA18547	0|1	0.85	0.23,0.68,0.09
NA18550	0|1	0.9	0.24,0.63,0.13
NA18555	0|0	0.02	0.98,0.02,0
NA18561	0	0	1,0
NA18562	1	0.99	0.01,0.99
NA18563	0	0	1,0
NA18566	0|0	0	1,0,0
NA18577	0|0	0	1,0,0
NA18582	1|1	1.87	0,0.13,0.87
NA18603	0	0	1,0
NA18605	0	0.38	0.62,0.38
NA18606	0	0	1,0
NA18621	1	1	0,1
NA18622	0	0	1,0
NA18628	1|1	1.98	0,0.02,0.98
NA18632	0	0	1,0
NA18636	0	0	1,0
NA18647	0	0	1,0
NA18942	0|0	0.02	0.98,0.02,0
NA18943	0	0	1,0
NA18945	0	0	1,0
NA18947	0|1	1	0.01,0.99,0
NA18949	0|0	0.51	0.5,0.49,0.01
NA18951	0|1	1	0,1,0
NA18952	1	1	0,1
NA18953	0	0	1,0
NA18956	0|0	0	1,0,0
NA18964	0|0	0.3	0.7,0.3,0
NA18965	1	1	0,1
NA18970	0	0	1,0
NA18973	0|0	0	1,0,0
NA18974	0	0	1,0
NA18977	1	0.58	0.42,0.58
NA18980	0|0	0.01	0.99,0.01,0
NA18987	0|0	0	1,0,0
NA18990	0	0.02	0.98,0.02
NA18994	0	0.01	0.99,0.01
NA18995	0	0	1,0
NA19000	0	0	1,0
NA19003	1|0	0.61	0.39,0.61,0
NA19010	0|0	0.41	0.59,0.41,0
