NA18498	0|1	1	0,1,0
NA18500	1|1	2	0,0,1
NA18501	0|1	1	0,1,0
NA18502	1|1	1.83	0,0.17,0.83
NA18503	1|0	1	0,1,0
NA18504	0|0	0	1,0,0
NA18505	0|1	1	0,1,0
NA18506	1|0	1	0,1,0
NA18507	0|0	0	1,0,0
NA18508	1|0	1	0,1,0
NA18515	1|0	1	0,1,0
NA18516	1|0	1	0,1,0
NA18517	0|1	1	0,1,0
NA18519	1|1	1.71	0,0.29,0.71
NA18521	0|0	0	1,0,0
NA18522	1|0	1	0,1,0
NA18523	0|0	0	1,0,0
NA18852	0|0	0.32	0.68,0.32,0
NA18853	0|0	0.02	0.98,0.02,0
NA18854	0|0	0	1,0,0
NA18855	1|0	0.98	0.02,0.98,0
NA18856	0|0	0	1,0,0
NA18857	0|0	0	1,0,0
NA18858	0|1	1	0,1,0
NA18859	1|1	2	0,0,1
NA18860	0|1	1	0,1,0
NA18861	0|1	1	0,1,0
NA18862	1|0	1	0,1,0
NA18863	1|1	1.51	0,0.49,0.51
NA18867	0|0	0	1,0,0
NA18870	0|1	1	0,1,0
NA18871	0|0	0.45	0.55,0.45,0
NA18872	0|0	0	1,0,0
NA18910	1|0	1.31	0,0.69,0.31
NA18912	0|1	1	0,1,0
NA18913	0|1	1	0,1,0
NA18914	0|0	0	1,0,0
NA19027	0|0	0.03	0.97,0.03,0
NA19028	0|1	1	0,1,0
NA19031	0|1	1	0,1,0
NA19035	0|1	1.01	0,0.99,0.01
NA19036	1|1	2	0,0,1
NA19038	0|0	0.01	0.99,0.01,0
NA19041	0|1	1.07	0.01,0.91,0.08
NA19092	0|0	0	1,0,0
NA19093	0|0	0	1,0,0
NA19094	0|0	0	1,0,0
NA19099	0|0	0	1,0,0
NA19100	0|0	0	1,0,0
NA19101	0|1	1	0,1,0
NA19102	0|1	1.42	0,0.58,0.42
NA19103	1|1	1.99	0,0.01,0.99
NA19108	0|1	1.36	0,0.63,0.37
NA19116	0|0	0.24	0.76,0.24,0
NA19118	1|1	1.56	0,0.44,0.56
NA19119	1|1	2	0,0,1
NA19120	1|0	1	0,1,0
NA19127	1|0	1	0,1,0
NA19128	1|1	1.78	0,0.22,0.78
NA19129	1|1	1.99	0,0.01,0.99
NA19130	0|1	1	0,1,0
NA19131	1|1	2	0,0,1
NA19132	1|0	1	0,1,0
NA19137	1|1	2	0,0,1
NA19138	1|1	2	0,0,1
NA19139	1|1	2	0,0,1
NA19140	0|0	0	1,0,0
NA19141	1|0	1	0,1,0
NA19142	0|0	0	1,0,0
NA19143	1|1	2	0,0,1
NA19144	1|1	1.96	0,0.04,0.96
NA19146	0|1	0.98	0.02,0.98,0
NA19150	1|0	1.02	0,0.98,0.02
NA19152	1|0	1	0,1,0
NA19153	1|1	2	0,0,1
NA19154	1|1	2	0,0,1
NA19159	1|1	2	0,0,1
NA19160	0|1	1.07	0,0.93,0.07
NA19161	1|1	2	0,0,1
NA19171	1|1	2	0,0,1
NA19172	1|0	1	0,1,0
NA19173	1|0	1	0,1,0
NA19189	1|1	1.96	0,0.04,0.96
NA19200	0|1	1	0,1,0
NA19201	1|1	2	0,0,1
NA19202	0|1	1	0,1,0
NA19203	0|1	1	0,1,0
NA19204	1|0	1	0,1,0
NA19205	0|0	0	1,0,0
NA19206	0|0	0	1,0,0
NA19207	1|1	2	0,0,1
NA19208	1|0	1	0,1,0
NA19209	0|1	0.91	0.09,0.91,0
NA19210	1|1	2	0,0,1
NA19211	0|1	1	0,1,0
NA19213	0|1	1	0,1,0
NA19221	0|1	1	0,1,0
NA19222	1|1	2	0,0,1
NA19223	0|0	0.01	0.99,0.01,0
NA19238	1|1	2	0,0,1
NA19239	1|1	2	0,0,1
NA19240	1|1	2	0,0,1
NA19307	0|1	1	0,1,0
NA19308	0|0	0	1,0,0
NA19309	1|0	1.01	0,0.99,0.01
NA19310	0|0	0.04	0.96,0.04,0
NA19314	0|0	0.03	0.97,0.03,0
NA19315	0|1	0.56	0.44,0.56,0
NA19316	1|0	1.01	0,0.99,0.01
NA19317	0|0	0	1,0,0
NA19318	0|0	0.03	0.97,0.03,0
NA19319	0|0	0.01	0.99,0.01,0
NA19321	0|0	0	1,0,0
NA19324	0|1	1.04	0,0.96,0.04
NA19327	1|0	1.11	0,0.89,0.11
NA19328	1|1	1.93	0,0.07,0.93
NA19332	0|0	0	1,0,0
NA19334	0|1	0.61	0.42,0.54,0.04
NA19346	1|1	1.81	0,0.19,0.81
NA19347	0|1	1.22	0,0.78,0.22
NA19350	0|1	1	0,1,0
NA19360	0|0	0	1,0,0
NA19372	1|0	1.04	0,0.96,0.04
NA19374	0|0	0.09	0.91,0.09,0
NA19375	1|0	1	0,1,0
NA19376	1|0	1	0,1,0
NA19377	1|1	1.6	0,0.4,0.6
NA19379	1|0	1	0,1,0
NA19380	0|0	0	1,0,0
NA19383	1|1	1.72	0,0.28,0.72
NA19384	1|0	0.57	0.43,0.57,0
NA19385	0|1	0.56	0.45,0.53,0.02
NA19390	0|0	0	1,0,0
NA19391	0|0	0.01	0.99,0.01,0
NA19393	0|1	1	0,1,0
NA19394	0|1	1.04	0,0.96,0.04
NA19397	0|1	0.97	0.03,0.97,0
NA19399	1|1	1.42	0.08,0.42,0.5
NA19403	1|1	1.96	0,0.04,0.96
NA19404	1|1	1.53	0,0.47,0.53
NA19428	0|1	0.75	0.25,0.75,0
NA19430	1|0	1	0,1,0
NA19431	0|1	1.42	0,0.58,0.42
NA19434	1|0	1	0,1,0
NA19435	0|0	0	1,0,0
NA19436	1|0	1.42	0,0.58,0.42
NA19437	0|1	1	0,1,0
NA19438	0|0	0	1,0,0
NA19439	0|0	0.01	0.99,0.01,0
NA19440	0|1	0.98	0.02,0.98,0
NA19443	0|1	1.37	0,0.63,0.37
NA19445	1|1	2	0,0,1
NA19446	0|1	1	0,1,0
NA19448	0|0	0.14	0.86,0.14,0
NA19449	0|1	0.92	0.22,0.65,0.13
NA19451	0|0	0.1	0.9,0.1,0
NA19452	0|0	0	1,0,0
NA19455	0|0	0	1,0,0
NA19456	0|0	0	1,0,0
NA19457	1|0	1.01	0,0.99,0.01
NA19462	1|1	2	0,0,1
NA19463	1|0	1	0,1,0
NA19466	1|0	1	0,1,0
NA19467	0|1	0.6	0.4,0.6,0
NA19468	0|0	0	1,0,0
NA19471	1|1	2	0,0,1
NA19472	1|0	1	0,1,0
NA19473	1|0	1	0,1,0
NA19474	0|0	0	1,0,0
NA06985	1|0	1	0,1,0
NA06991	0|1	1	0,1,0
NA06993	1|1	1.95	0,0.05,0.95
NA06994	1|1	1.89	0.01,0.1,0.89
NA07000	1|1	2	0,0,1
NA07019	1|1	2	0,0,1
NA07022	1|1	2	0,0,1
NA07029	1|1	1.98	0,0.02,0.98
NA07034	1|1	2	0,0,1
NA07048	1|0	1	0,1,0
NA07055	1|0	0.97	0.03,0.97,0
NA07056	1|0	1	0,1,0
NA07345	0|0	0.01	0.99,0.01,0
NA07348	0|0	0	1,0,0
NA07357	1|0	1	0,1,0
NA10830	1|0	1	0,1,0
NA10831	1|1	2	0,0,1
NA10835	0|1	1	0,1,0
NA10838	0|1	0.99	0.01,0.99,0
NA10839	0|1	1.03	0,0.97,0.03
NA10846	1|0	1	0,1,0
NA10847	1|1	2	0,0,1
NA10851	1|0	1	0,1,0
NA10854	0|0	0	1,0,0
NA10855	0|1	1	0,1,0
NA10856	1|1	2	0,0,1
NA10857	1|1	2	0,0,1
NA10859	0|0	0	1,0,0
NA10860	1|1	2	0,0,1
NA10861	1|1	2	0,0,1
NA10863	1|0	1	0,1,0
NA11829	1|1	1.96	0,0.04,0.96
NA11830	1|1	2	0,0,1
NA11831	1|1	2	0,0,1
NA11832	1|0	0.87	0.13,0.87,0
NA11839	1|0	0.88	0.12,0.88,0
NA11840	1|1	2	0,0,1
NA11881	0|1	1	0,1,0
NA11882	1|0	1	0,1,0
NA11992	1|0	1	0,1,0
NA11993	1|1	2	0,0,1
NA11994	1|0	1	0,1,0
NA11995	1|1	2	0,0,1
NA12003	0|1	1	0,1,0
NA12004	0|0	0	1,0,0
NA12005	0|0	0	1,0,0
NA12006	1|1	2	0,0,1
NA12043	1|1	2	0,0,1
NA12044	0|1	1	0,1,0
NA12056	0|1	1	0,1,0
NA12057	0|1	1	0,1,0
NA12144	1|0	1	0,1,0
NA12145	1|1	2	0,0,1
NA12146	1|1	2	0,0,1
NA12154	1|0	1	0,1,0
NA12155	0|1	1.18	0,0.82,0.18
NA12156	1|0	1	0,1,0
NA12234	0|1	1	0,1,0
NA12236	0|1	1.16	0,0.83,0.17
NA12239	1|1	1.7	0,0.3,0.7
NA12248	1|0	1	0,1,0
NA12249	0|1	1	0,1,0
NA12264	1|1	2	0,0,1
NA12707	0|0	0	1,0,0
NA12716	0|0	0.03	0.97,0.03,0
NA12717	0|0	0.02	0.98,0.02,0
NA12740	1|1	2	0,0,1
NA12750	1|1	1.89	0,0.11,0.89
NA12751	1|1	2	0,0,1
NA12752	1|1	2	0,0,1
NA12753	1|0	1	0,1,0
NA12760	0|1	1	0,1,0
NA12761	1|1	1.82	0,0.18,0.82
NA12762	0|1	1.34	0,0.66,0.34
NA12763	1|0	1	0,1,0
NA12801	0|0	0	1,0,0
NA12802	1|1	2	0,0,1
NA12812	1|0	1	0,1,0
NA12813	0|0	0	1,0,0
NA12814	1|1	1.77	0,0.23,0.77
NA12815	1|0	1	0,1,0
NA12864	1|1	2	0,0,1
NA12865	1|0	1	0,1,0
NA12872	1|1	2	0,0,1
NA12873	1|1	2	0,0,1
NA12874	1|0	1	0,1,0
NA12875	1|1	2	0,0,1
NA12878	1|1	2	0,0,1
NA12891	1|1	1.98	0,0.02,0.98
NA12892	1|0	1	0,1,0
NA20502	1|0	1	0,1,0
NA20504	1|0	1.24	0,0.76,0.24
NA20505	1|0	0.99	0.01,0.99,0
NA20506	1|1	1.97	0,0.03,0.97
NA20508	1|1	2	0,0,1
NA20509	0|1	1	0,1,0
NA20510	1|0	1	0,1,0
NA20512	0|0	0.01	0.99,0.01,0
NA20515	1|0	0.72	0.28,0.72,0
NA20516	0|1	0.58	0.42,0.58,0
NA20517	0|0	0.25	0.76,0.23,0.01
NA20518	1|1	2	0,0,1
NA20519	0|0	0.47	0.53,0.47,0
NA20520	0|1	0.98	0.02,0.98,0
NA20521	1|1	1.9	0,0.1,0.9
NA20522	1|1	2	0,0,1
NA20524	1|1	1.94	0,0.06,0.94
NA20525	1|1	2	0,0,1
NA20527	0|0	0.34	0.66,0.34,0
NA20528	1|0	0.99	0.01,0.99,0
NA20529	0|1	1	0,1,0
NA20530	0|0	0	1,0,0
NA20531	1|1	2	0,0,1
NA20534	1|0	0.76	0.24,0.76,0
NA20535	0|1	1.27	0,0.73,0.27
NA20538	1|1	1.78	0,0.22,0.78
NA20539	0|0	0	1,0,0
NA20540	1|1	2	0,0,1
NA20541	1|1	2	0,0,1
NA20542	1|0	0.91	0.09,0.91,0
NA20543	1|1	1.96	0,0.04,0.96
NA20544	0|1	1.4	0,0.6,0.4
NA20581	0|1	0.87	0.13,0.87,0
NA20582	0|1	1	0,1,0
NA20585	1|0	1	0.01,0.99,0
NA20586	1|0	1	0,1,0
NA20588	1|1	1.54	0,0.45,0.55
NA20589	0|1	1.44	0,0.56,0.44
NA20752	1|1	2	0,0,1
NA20753	0|1	0.88	0.12,0.88,0
NA20754	0|1	0.9	0.1,0.9,0
NA20755	0|1	1	0,1,0
NA20756	0|0	0	1,0,0
NA20757	0|1	1	0,1,0
NA20758	1|1	1.99	0,0.01,0.99
NA20759	1|0	1	0,1,0
NA20760	0|1	1	0,1,0
NA20761	1|0	1	0,1,0
NA20765	1|0	1	0,1,0
NA20766	0|1	0.99	0.01,0.99,0
NA20768	1|0	1.07	0,0.93,0.07
NA20769	0|1	1	0,1,0
NA20770	0|1	1	0,1,0
NA20771	0|1	1	0,1,0
NA20772	1|0	0.97	0.03,0.97,0
NA20773	1|1	2	0,0,1
NA20774	0|1	1.36	0.07,0.51,0.42
NA20775	0|0	0	1,0,0
NA20778	0|0	0.05	0.95,0.05,0
NA20783	1|1	2	0,0,1
NA20785	1|1	2	0,0,1
NA20786	0|1	0.99	0.01,0.99,0
NA20787	1|1	1.99	0,0.01,0.99
NA20790	1|0	1.46	0,0.54,0.46
NA20792	0|0	0.12	0.88,0.12,0
NA20795	1|1	2	0,0,1
NA20796	0|1	1	0,1,0
NA20797	1|0	1	0,1,0
NA20798	1|1	1.83	0,0.17,0.83
NA20799	1|0	1	0,1,0
NA20800	1|1	1.74	0,0.26,0.74
NA20801	1|0	1.01	0,0.99,0.01
NA20802	1|1	2	0,0,1
NA20803	1|0	0.99	0.01,0.99,0
NA20804	0|1	1	0,1,0
NA20805	0|1	1	0,1,0
NA20806	1|1	2	0,0,1
NA20807	1|1	1.82	0,0.18,0.82
NA20808	1|1	2	0,0,1
NA20809	0|0	0.01	0.99,0.01,0
NA20810	0|1	1	0,1,0
NA20811	0|0	0	1,0,0
NA20812	0|1	1.01	0,0.99,0.01
NA20813	1|1	1.71	0,0.29,0.71
NA20815	1|1	2	0,0,1
NA20818	1|1	2	0,0,1
NA20819	0|0	0	1,0,0
NA20826	0|1	1	0,1,0
NA20828	1|1	2	0,0,1
NA18532	0|1	1	0,1,0
NA18537	1|1	2	0,0,1
NA18542	1|1	2	0,0,1
NA18545	0|0	0.45	0.56,0.44,0
NA18547	0|1	1.35	0,0.65,0.35
NA18550	0|1	1	0,1,0
NA18552	0|1	1.34	0,0.66,0.34
NA18555	1|0	0.96	0.04,0.96,0
NA18558	0|0	0	1,0,0
NA18561	0|0	0.02	0.98,0.02,0
NA18562	0|0	0.44	0.57,0.42,0.01
NA18563	1|1	1.97	0,0.03,0.97
NA18564	1|1	1.73	0,0.27,0.73
NA18566	0|1	1.02	0,0.97,0.03
NA18570	1|1	1.69	0,0.3,0.7
NA18571	1|0	0.93	0.08,0.92,0
NA18572	1|0	1	0,1,0
NA18573	0|0	0	1,0,0
NA18577	0|1	1.06	0,0.94,0.06
NA18579	1|0	0.55	0.45,0.55,0
NA18582	0|1	0.59	0.42,0.58,0
NA18592	0|1	0.95	0.08,0.9,0.02
NA18593	1|0	1	0,1,0
NA18603	1|0	1	0,1,0
NA18605	1|0	0.84	0.16,0.84,0
NA18608	0|0	0	1,0,0
NA18609	1|0	1	0,1,0
NA18611	0|0	0	1,0,0
NA18612	1|1	1.97	0,0.03,0.97
NA18620	0|1	1.41	0,0.59,0.41
NA18621	0|0	0.63	0.46,0.44,0.1
NA18622	0|1	1	0,1,0
NA18623	0|0	0.13	0.87,0.13,0
NA18624	1|0	0.82	0.18,0.82,0
NA18632	0|0	0.23	0.77,0.23,0
NA18633	0|1	0.57	0.43,0.57,0
NA18635	0|1	0.96	0.04,0.96,0
NA18636	0|1	1.04	0,0.96,0.04
NA18637	1|0	1.13	0.04,0.79,0.17
NA18940	0|1	1	0,1,0
NA18942	0|1	1	0,1,0
NA18943	0|1	0.69	0.4,0.51,0.09
NA18944	1|1	2	0,0,1
NA18945	1|0	0.66	0.34,0.66,0
NA18947	1|0	1	0,1,0
NA18948	1|0	1	0,1,0
NA18949	1|0	1	0,1,0
NA18951	1|0	0.91	0.09,0.91,0
NA18952	1|1	1.99	0,0.01,0.99
NA18953	1|1	1.99	0,0.01,0.99
NA18956	1|1	1.68	0,0.32,0.68
NA18959	1|1	1.93	0,0.07,0.93
NA18960	1|0	1	0,1,0
NA18961	0|0	0.5	0.5,0.5,0
NA18964	0|1	1.02	0,0.98,0.02
NA18965	1|1	1.7	0,0.3,0.7
NA18966	1|1	2	0,0,1
NA18967	1|1	1.99	0,0.01,0.99
NA18968	0|1	1.42	0,0.58,0.42
NA18969	0|0	0	1,0,0
NA18970	1|0	1	0,1,0
NA18971	0|0	0.13	0.87,0.13,0
NA18972	0|1	1.02	0,0.98,0.02
NA18973	0|0	0.37	0.63,0.37,0
NA18974	0|1	1	0,1,0
NA18975	1|0	0.58	0.43,0.57,0
NA18976	0|1	1.44	0,0.56,0.44
NA18978	0|0	0	1,0,0
NA18980	0|0	0.15	0.85,0.15,0
NA18981	0|0	0.01	0.99,0.01,0
NA18987	0|1	1	0,1,0
NA18990	0|0	0	1,0,0
NA18991	0|1	0.69	0.31,0.69,0
NA18992	0|1	1.05	0,0.95,0.05
NA18994	1|1	1.84	0,0.16,0.84
NA18995	0|0	0.02	0.98,0.02,0
NA18997	1|1	1.98	0,0.02,0.98
NA18998	0|0	0.21	0.79,0.21,0
NA18999	1|1	1.57	0.02,0.39,0.59
NA19000	0|1	1	0.01,0.99,0
NA19003	1|0	1.07	0,0.92,0.08
NA19005	1|1	2	0,0,1
NA19007	0|1	0.97	0.03,0.97,0
NA19012	1|1	2	0,0,1
