NA18526	1|1	1.98	0,0.02,0.98
NA18537	1|1	2	0,0,1
NA18550	0|1	0.8	0.2,0.8,0
NA18555	1|1	2	0,0,1
NA18562	1|1	2	0,0,1
NA18563	1|0	0.81	0.19,0.81,0
NA18582	1|1	2	0,0,1
NA18603	1|0	1.27	0,0.73,0.27
NA18606	0|1	1	0,1,0
NA18621	0|1	1	0,1,0
NA18622	1|1	1.99	0,0.01,0.99
NA18628	1|1	2	0,0,1
NA18632	0|1	1	0,1,0
NA18636	1|1	2	0,0,1
NA18647	1|1	2	0,0,1
NA18942	1|0	0.96	0.04,0.96,0
NA18945	0|1	1	0,1,0
NA18947	1|0	0.95	0.05,0.95,0
NA18951	0|1	1	0,1,0
NA18952	0|1	1	0,1,0
NA18953	0|1	1	0,1,0
NA18956	1|0	1	0,1,0
NA18965	1|0	0.99	0.01,0.99,0
NA18970	1|0	1	0,1,0
NA18973	1|1	2	0,0,1
NA18977	1|1	2	0,0,1
NA18987	1|1	2	0,0,1
NA18990	1|0	1	0,1,0
NA18995	1|0	1	0,1,0
NA19003	1|1	2	0,0,1
NA19010	0|1	1	0,1,0
