NA18498	1|1	2	0,0,1
NA18500	1|1	2	0,0,1
NA18501	1|1	2	0,0,1
NA18502	1|1	2	0,0,1
NA18503	1|1	2	0,0,1
NA18504	0|0	0	1,0,0
NA18505	1|1	2	0,0,1
NA18506	1|1	2	0,0,1
NA18507	1|1	2	0,0,1
NA18508	1|1	2	0,0,1
NA18515	1|1	2	0,0,1
NA18516	0|0	0	1,0,0
NA18517	1|1	1.88	0,0.12,0.88
NA18519	0|0	0	1,0,0
NA18521	0|0	0	1,0,0
NA18522	1|1	2	0,0,1
NA18523	0|0	0	1,0,0
NA18852	0|1	1.1	0.15,0.61,0.24
NA18853	1|1	2	0,0,1
NA18854	1|1	1.94	0,0.06,0.94
NA18855	1|1	2	0,0,1
NA18856	1|1	2	0,0,1
NA18857	1|1	2	0,0,1
NA18858	1|0	1	0,1,0
NA18859	1|1	2	0,0,1
NA18860	0|0	0	1,0,0
NA18861	1|0	1	0,1,0
NA18862	1|1	2	0,0,1
NA18863	0|0	0	1,0,0
NA18867	1|1	2	0,0,1
NA18870	1|1	2	0,0,1
NA18871	1|1	2	0,0,1
NA18872	1|1	2	0,0,1
NA18910	0|0	0	1,0,0
NA18912	1|0	1	0,1,0
NA18913	1|1	2	0,0,1
NA18914	1|1	2	0,0,1
NA19027	0|0	0	1,0,0
NA19028	1|1	2	0,0,1
NA19031	1|1	2	0,0,1
NA19035	1|1	2	0,0,1
NA19036	1|0	1	0,1,0
NA19038	0|1	1	0,1,0
NA19041	1|1	2	0,0,1
NA19092	1|1	2	0,0,1
NA19093	1|1	2	0,0,1
NA19094	1|1	2	0,0,1
NA19098	1|1	2	0,0,1
NA19099	1|0	1	0,1,0
NA19100	0|1	1.09	0,0.91,0.09
NA19101	0|0	0	1,0,0
NA19102	1|1	2	0,0,1
NA19103	1|1	2	0,0,1
NA19108	1|0	1	0,1,0
NA19116	0|1	1	0,1,0
NA19118	1|1	2	0,0,1
NA19119	1|1	2	0,0,1
NA19120	1|1	2	0,0,1
NA19127	0|1	1	0,1,0
NA19128	0|0	0	1,0,0
NA19129	0|0	0	1,0,0
NA19130	1|1	2	0,0,1
NA19131	1|0	1	0,1,0
NA19132	1|1	1.94	0,0.06,0.94
NA19137	0|0	0	1,0,0
NA19138	1|1	2	0,0,1
NA19139	0|0	0	1,0,0
NA19140	0|0	0	1,0,0
NA19141	0|1	1	0,1,0
NA19142	0|0	0	1,0,0
NA19143	0|1	1	0,1,0
NA19144	1|1	2	0,0,1
NA19145	0|1	1	0,1,0
NA19146	0|0	0	1,0,0
NA19150	1|1	2	0,0,1
NA19152	0|1	1	0,1,0
NA19153	1|1	2	0,0,1
NA19154	1|1	2	0,0,1
NA19159	0|1	1	0,1,0
NA19160	0|0	0	1,0,0
NA19161	0|0	0	1,0,0
NA19171	1|1	2	0,0,1
NA19172	0|1	1	0,1,0
NA19173	1|1	2	0,0,1
NA19189	0|0	0	1,0,0
NA19200	1|1	2	0,0,1
NA19201	1|0	1	0,1,0
NA19202	0|1	1	0,1,0
NA19203	1|1	2	0,0,1
NA19204	1|1	2	0,0,1
NA19205	1|1	2	0,0,1
NA19206	0|1	1	0,1,0
NA19207	0|0	0	1,0,0
NA19208	0|0	0	1,0,0
NA19209	1|1	2	0,0,1
NA19210	1|1	2	0,0,1
NA19211	1|1	2	0,0,1
NA19213	1|1	2	0,0,1
NA19221	0|1	1	0,1,0
NA19222	1|1	2	0,0,1
NA19223	0|0	0	1,0,0
NA19238	1|0	1.08	0,0.92,0.08
NA19239	1|0	1	0,1,0
NA19240	1|1	2	0,0,1
NA19307	0|0	0	1,0,0
NA19308	1|1	2	0,0,1
NA19309	1|1	2	0,0,1
NA19310	1|1	2	0,0,1
NA19314	1|1	2	0,0,1
NA19315	1|1	2	0,0,1
NA19316	1|0	1	0,1,0
NA19317	0|0	0	1,0,0
NA19319	1|1	2	0,0,1
NA19321	0|0	0.03	0.97,0.03,0
NA19324	1|1	2	0,0,1
NA19327	0|1	1	0,1,0
NA19328	1|1	2	0,0,1
NA19332	1|1	2	0,0,1
NA19334	1|1	2	0,0,1
NA19346	1|1	2	0,0,1
NA19347	0|0	0	1,0,0
NA19350	1|1	2	0,0,1
NA19360	1|1	2	0,0,1
NA19372	1|1	2	0,0,1
NA19374	1|1	2	0,0,1
NA19375	0|0	0	1,0,0
NA19376	1|1	2	0,0,1
NA19377	1|0	1	0,1,0
NA19379	1|1	2	0,0,1
NA19380	1|1	2	0,0,1
NA19384	0|0	0	1,0,0
NA19385	1|1	1.96	0,0.04,0.96
NA19390	1|1	2	0,0,1
NA19391	1|0	1	0,1,0
NA19393	0|0	0	1,0,0
NA19394	0|0	0	1,0,0
NA19397	1|1	2	0,0,1
NA19399	0|0	0	1,0,0
NA19403	0|0	0	1,0,0
NA19404	1|1	2	0,0,1
NA19428	0|0	0	1,0,0
NA19429	0|0	0	1,0,0
NA19430	0|0	0	1,0,0
NA19431	1|1	2	0,0,1
NA19434	0|0	0	1,0,0
NA19435	1|0	1	0,1,0
NA19436	1|0	1	0,1,0
NA19437	1|0	1	0,1,0
NA19438	1|1	2	0,0,1
NA19439	1|1	2	0,0,1
NA19440	1|0	1	0,1,0
NA19443	0|0	0	1,0,0
NA19445	1|0	1.01	0,0.99,0.01
NA19446	1|1	2	0,0,1
NA19448	1|1	2	0,0,1
NA19449	1|0	1	0,1,0
NA19451	1|1	2	0,0,1
NA19452	0|0	0	1,0,0
NA19455	1|1	2	0,0,1
NA19456	1|1	2	0,0,1
NA19457	0|1	1	0,1,0
NA19462	1|0	1	0,1,0
NA19463	1|0	1	0,1,0
NA19466	0|0	0.03	0.97,0.03,0
NA19467	0|0	0	1,0,0
NA19468	1|1	2	0,0,1
NA19471	1|0	1	0,1,0
NA19472	0|1	1	0,1,0
NA19473	1|0	1	0,1,0
NA19474	1|1	2	0,0,1
