NA18526	1|1	1.99995e-06,0.00299596,0.997002
NA18537	0|0	0.855,0.145,0
NA18550	0|0	0.969,0.031,0
NA18555	0|0	1,0,0
NA18562	0|0	1,0,0
NA18563	0|0	1,0,0
NA18582	1|0	0,0.997,0.003
NA18603	0|0	1,0,0
NA18606	0|0	1,0,0
NA18621	1|1	0,0,1
NA18622	1|1	0,0,1
NA18628	0|0	1,0,0
NA18632	0|0	1,0,0
NA18636	0|0	1,0,0
NA18647	0|0	1,0,0
NA18942	1|1	0,0.298,0.702
NA18945	0|0	1,0,0
NA18947	0|0	1,0,0
NA18951	1|0	0,1,0
NA18952	0|0	1,0,0
NA18953	0|0	1,0,0
NA18956	1|0	0,1,0
NA18965	1|1	3.9999e-06,0.00399195,0.996004
NA18970	0|0	1,0,0
NA18973	0|1	0,1,0
NA18977	0|0	1,0,0
NA18987	1|0	0.028,0.972,0
NA18990	0|0	1,0,0
NA18995	1|1	0,0,1
NA19003	0|0	1,0,0
NA19010	0|0	0.938,0.062,0
