NA18498	0|1	0.01996,0.97808,0.00196
NA18500	0|0	0.998001,0.001998,1e-06
NA18501	0|0	1,0,0
NA18502	0|0	0.969,0.031,0
NA18503	1|0	0.000999987,0.999,0
NA18504	0|0	1,0,0
NA18505	0|1	0,1,0
NA18506	1|1	0.000647992,0.324704,0.674648
NA18507	1|1	0,0.000999987,0.999
NA18508	0|1	0,1,0
NA18515	0|0	1,0,0
NA18516	0|1	0,1,0
NA18517	0|0	1,0,0
NA18519	1|0	0.000998987,0.998002,0.000999
NA18521	0|0	1,0,0
NA18522	0|0	1,0,0
NA18523	0|0	1,0,0
NA18852	0|1	0,0.999,0.001
NA18853	1|0	0.009,0.991,0
NA18854	0|1	0,1,0
NA18855	0|0	0.998,0.002,0
NA18856	0|1	0.00800002,0.992,0
NA18857	0|0	1,0,0
NA18858	0|1	0,1,0
NA18859	1|0	0.005,0.995,0
NA18860	0|0	1,0,0
NA18861	0|0	0.995006,0.004988,6e-06
NA18862	0|0	0.998001,0.001998,1e-06
NA18863	0|0	0.996003,0.003994,3e-06
NA18867	0|1	0.000998987,0.998002,0.000999
NA18870	0|0	1,0,0
NA18871	0|0	1,0,0
NA18872	0|0	1,0,0
NA18910	0|1	0,1,0
NA18912	0|0	1,0,0
NA18913	0|0	1,0,0
NA18914	0|0	1,0,0
NA19027	0|1	0,0.999,0.001
NA19028	0|0	1,0,0
NA19031	0|0	1,0,0
NA19035	1|0	0.00199997,0.998,0
NA19036	0|1	0,1,0
NA19038	0|1	0,1,0
NA19041	0|1	0.00300002,0.997,0
NA19092	1|0	0,0.998,0.002
NA19093	1|0	0.00299402,0.995012,0.001994
NA19094	1|0	0,1,0
NA19098	0|0	1,0,0
NA19099	0|1	0,1,0
NA19100	1|0	0,1,0
NA19101	1|1	0,0.035,0.965
NA19102	0|0	1,0,0
NA19103	0|1	0,1,0
NA19108	1|0	0,1,0
NA19116	1|0	0,1,0
NA19118	0|0	1,0,0
NA19119	0|0	1,0,0
NA19120	0|1	0,1,0
NA19127	1|0	0,1,0
NA19128	0|0	0.998,0.002,0
NA19129	0|0	0.999,0.001,0
NA19130	0|0	1,0,0
NA19131	0|1	0.015,0.985,0
NA19132	1|0	0.000999987,0.999,0
NA19137	0|0	1,0,0
NA19138	0|0	0.996,0.004,0
NA19139	0|0	1,0,0
NA19140	0|0	0.999,0.001,0
NA19141	0|0	1,0,0
NA19142	0|0	0.999,0.001,0
NA19143	0|0	1,0,0
NA19144	1|1	3.99994e-05,0.02192,0.97804
NA19145	1|0	0.00199997,0.998,0
NA19146	0|0	1,0,0
NA19150	1|0	0.000999987,0.999,0
NA19152	1|0	0,1,0
NA19153	0|0	0.988,0.012,0
NA19154	0|0	1,0,0
NA19159	0|0	1,0,0
NA19160	0|1	0.00599998,0.994,0
NA19161	0|0	1,0,0
NA19171	0|1	0,1,0
NA19172	1|0	0,1,0
NA19173	0|1	0,1,0
NA19189	0|0	1,0,0
NA19200	0|0	0.994008,0.005984,8e-06
NA19201	1|0	0.00300002,0.997,0
NA19202	0|0	1,0,0
NA19203	1|0	0.00199997,0.998,0
NA19204	0|0	1,0,0
NA19205	0|0	1,0,0
NA19206	0|1	0.00199997,0.998,0
NA19207	0|0	1,0,0
NA19208	0|1	0,1,0
NA19209	0|0	1,0,0
NA19210	0|1	0.00199197,0.994016,0.003992
NA19211	0|1	0,1,0
NA19213	1|1	0,0.000999987,0.999
NA19221	0|1	0.00199997,0.998,0
NA19222	0|0	1,0,0
NA19223	1|0	0.000999987,0.999,0
NA19238	0|0	1,0,0
NA19239	0|0	0.999,0.001,0
NA19240	0|0	1,0,0
NA19307	0|0	1,0,0
NA19308	1|0	0.00599998,0.994,0
NA19309	0|0	1,0,0
NA19310	0|0	1,0,0
NA19314	0|0	0.998,0.002,0
NA19315	0|1	0,1,0
NA19316	0|0	0.983066,0.016868,6.6e-05
NA19317	1|0	0.000999987,0.999,0
NA19319	0|0	0.997,0.003,0
NA19321	0|1	0.00599398,0.993012,0.000994
NA19324	0|0	0.998,0.002,0
NA19327	0|0	0.999,0.001,0
NA19328	0|0	1,0,0
NA19332	0|0	0.998,0.002,0
NA19334	0|0	1,0,0
NA19346	0|0	1,0,0
NA19347	0|1	0.00199997,0.998,0
NA19350	0|1	0.00199997,0.998,0
NA19360	0|0	0.996,0.004,0
NA19372	0|0	0.997,0.003,0
NA19374	0|0	1,0,0
NA19375	0|0	1,0,0
NA19376	0|0	0.999,0.001,0
NA19377	1|0	0,1,0
NA19379	0|0	0.999,0.001,0
NA19380	0|0	1,0,0
NA19384	0|0	1,0,0
NA19385	0|1	0.126,0.874,0
NA19390	0|0	1,0,0
NA19391	0|0	1,0,0
NA19393	0|0	0.999,0.001,0
NA19394	0|0	0.999,0.001,0
NA19397	0|0	0.855564,0.143872,0.000564
NA19399	0|0	1,0,0
NA19403	0|0	1,0,0
NA19404	0|0	1,0,0
NA19428	0|0	1,0,0
NA19429	0|0	1,0,0
NA19430	0|0	0.997,0.003,0
NA19431	0|0	1,0,0
NA19434	0|0	1,0,0
NA19435	0|1	0,0.999,0.001
NA19436	0|1	0.00300002,0.997,0
NA19437	1|1	0,0.00300002,0.997
NA19438	0|1	0.067,0.933,0
NA19439	0|0	0.999,0.001,0
NA19440	0|0	0.999,0.001,0
NA19443	0|0	1,0,0
NA19445	0|0	1,0,0
NA19446	0|0	0.998,0.002,0
NA19448	1|0	0,0.998,0.002
NA19449	0|0	0.997002,0.002996,2e-06
NA19451	0|0	1,0,0
NA19452	1|0	0.039,0.961,0
NA19455	1|0	0,1,0
NA19456	0|0	0.999,0.001,0
NA19457	1|0	0,1,0
NA19462	0|0	0.997002,0.002996,2e-06
NA19463	0|0	1,0,0
NA19466	0|0	1,0,0
NA19467	0|1	0,1,0
NA19468	1|1	0,0.00199997,0.998
NA19471	0|0	0.999,0.001,0
NA19472	0|0	1,0,0
NA19473	0|0	0.999,0.001,0
NA19474	0|0	0.997,0.003,0
