NA18498	0|0	1,0,0
NA18502	0|0	1,0,0
NA18505	0|0	1,0,0
NA18507	0|0	0.251001,0.499998,0.249001
NA18508	0|1	0,1,0
NA18517	1|0	0,1,0
NA18519	0|0	1,0,0
NA18867	0|0	0.997,0.003,0
NA18870	0|1	0,1,0
NA18910	0|0	1,0,0
NA19092	0|0	0.815409,0.175182,0.009409
NA19098	0|0	1,0,0
NA19099	0|1	0,1,0
NA19102	0|1	0.000999987,0.999,0
NA19108	1|0	0.03,0.97,0
NA19118	0|1	0,0.999,0.001
NA19119	0|0	0.797449,0.191102,0.011449
NA19129	1|0	0,0.767,0.233
NA19130	1|1	0,0,1
NA19141	0|0	1,0,0
NA19146	0|0	1,0,0
NA19150	0|0	1,0,0
NA19152	1|0	0,1,0
NA19160	1|1	0,0,1
NA19171	0|0	1,0,0
NA19189	0|0	1,0,0
NA19204	1|0	0,1,0
NA19206	1|0	0,1,0
NA19207	1|1	0,0,1
NA19209	0|1	0.00800002,0.992,0
NA19213	0|0	1,0,0
NA19240	1|1	0,0.00800002,0.992
NA11829	0|0	1,0,0
NA11830	1|1	0,0,1
NA11831	1|1	0,0,1
NA11832	0|1	0,1,0
NA11840	0|1	0.023,0.977,0
NA11881	0|0	1,0,0
NA11994	1|1	0,0,1
NA11995	1|0	0,1,0
NA12004	0|0	0.999,0.001,0
NA12005	0|0	1,0,0
NA12043	0|0	1,0,0
NA12044	0|0	1,0,0
NA12144	0|0	1,0,0
NA12154	1|1	0,0,1
NA12155	1|1	0,0,1
NA12156	0|0	1,0,0
NA12234	1|1	0,0,1
NA12717	0|0	1,0,0
NA12750	1|1	0,0,1
NA12760	0|0	1,0,0
NA12762	0|0	1,0,0
NA12763	0|0	1,0,0
NA12812	0|0	1,0,0
NA12813	0|0	1,0,0
NA12814	0|0	1,0,0
NA12815	0|1	0,1,0
NA12872	0|0	1,0,0
NA12873	0|0	1,0,0
NA12874	0|0	1,0,0
NA12878	1|1	0,0.00199997,0.998
NA18526	0|1	0,1,0
NA18537	1|0	0.00199997,0.998,0
NA18550	1|0	0.023,0.977,0
NA18555	1|1	0,0,1
NA18562	0|0	1,0,0
NA18563	1|1	9.99974e-07,0.00199797,0.998001
NA18582	0|0	1,0,0
NA18603	0|0	1,0,0
NA18606	0|0	1,0,0
NA18621	0|0	1,0,0
NA18622	0|0	1,0,0
NA18628	0|1	0,1,0
NA18632	0|0	1,0,0
NA18636	1|1	0.073984,0.396032,0.529984
NA18647	0|0	1,0,0
NA18942	1|0	0.00599998,0.994,0
NA18945	1|1	0,0,1
NA18947	1|0	0.159,0.841,0
NA18951	1|0	0,1,0
NA18952	0|0	1,0,0
NA18953	1|1	0,0,1
NA18965	0|0	1,0,0
NA18970	0|0	1,0,0
NA18977	1|1	3.59998e-05,0.011928,0.988036
NA18987	1|1	0,0.418,0.582
NA18990	0|0	1,0,0
NA18995	0|0	1,0,0
NA19003	0|1	0,0.999,0.001
NA19010	1|1	0,0,1
