NA18498	0|0	1,0,0
NA18500	1|1	0,0,1
NA18501	1|1	0,0,1
NA18502	1|1	0,0.00999999,0.99
NA18503	1|1	0,0,1
NA18504	1|1	0,0,1
NA18505	1|1	0,0.000999987,0.999
NA18506	1|1	0,0,1
NA18507	1|1	0.158404,0.479192,0.362404
NA18508	1|1	0,0.012,0.988
NA18515	0|0	1,0,0
NA18516	1|1	0,0,1
NA18517	1|0	0.00999999,0.99,0
NA18519	0|0	1,0,0
NA18521	1|1	0,0,1
NA18522	0|0	1,0,0
NA18523	0|1	0,1,0
NA18852	1|1	0,0.012,0.988
NA18853	1|1	3.9999e-06,0.00399195,0.996004
NA18854	1|1	0,0,1
NA18855	0|0	1,0,0
NA18856	0|0	1,0,0
NA18857	0|0	1,0,0
NA18858	1|0	0,0.999,0.001
NA18859	0|0	0.919681,0.078638,0.001681
NA18860	1|1	0,0,1
NA18861	1|1	0,0,1
NA18862	0|0	0.998001,0.001998,1e-06
NA18863	1|1	0,0,1
NA18867	0|0	0.996,0.004,0
NA18870	1|0	0.00199997,0.998,0
NA18871	0|0	1,0,0
NA18872	0|0	1,0,0
NA18910	1|1	0,0,1
NA18912	1|1	0,0,1
NA18913	1|1	0,0,1
NA18914	1|1	9.99974e-07,0.00199797,0.998001
NA19027	1|1	0,0,1
NA19028	1|1	0,0,1
NA19031	1|1	0,0,1
NA19035	1|1	0.004489,0.125022,0.870489
NA19036	1|1	9.99974e-07,0.00199797,0.998001
NA19038	0|1	0,1,0
NA19041	0|0	1,0,0
NA19092	0|0	1,0,0
NA19093	1|1	0,0,1
NA19094	0|1	0,1,0
NA19098	0|0	0.998001,0.001998,1e-06
NA19099	1|1	0,0,1
NA19100	1|0	0,1,0
NA19101	1|1	9.99974e-07,0.00199797,0.998001
NA19102	0|0	1,0,0
NA19103	0|0	1,0,0
NA19108	0|0	0.996,0.004,0
NA19116	1|0	0,1,0
NA19118	0|1	0.00199997,0.998,0
NA19119	1|1	0,0,1
NA19120	0|0	1,0,0
NA19127	0|1	0,1,0
NA19128	0|0	1,0,0
NA19129	0|0	1,0,0
NA19130	0|0	1,0,0
NA19131	0|1	0,1,0
NA19132	1|0	0,1,0
NA19137	1|0	0.105,0.895,0
NA19138	1|1	1.60001e-05,0.00796802,0.992016
NA19139	0|0	1,0,0
NA19140	1|0	0,0.997,0.003
NA19141	1|1	0,0,1
NA19142	0|0	1,0,0
NA19143	1|1	0,0.061,0.939
NA19144	0|0	1,0,0
NA19145	1|1	0,0,1
NA19146	0|0	1,0,0
NA19150	0|0	0.667489,0.299022,0.033489
NA19152	1|1	0,0,1
NA19153	1|1	3.9999e-06,0.00399195,0.996004
NA19154	1|1	9.99974e-07,0.00199797,0.998001
NA19159	1|1	0,0.00599998,0.994
NA19160	1|1	9.99974e-07,0.00199797,0.998001
NA19161	1|1	0,0,1
NA19171	1|1	0,0,1
NA19172	1|1	0,0.00199997,0.998
NA19173	1|1	0,0,1
NA19189	0|0	1,0,0
NA19200	1|1	0.2116,0.4968,0.2916
NA19201	0|1	0,1,0
NA19202	1|0	0.00300002,0.997,0
NA19203	1|1	0,0,1
NA19204	1|0	0,1,0
NA19205	0|0	1,0,0
NA19206	1|0	0.00300002,0.997,0
NA19207	1|1	0,0,1
NA19208	1|1	9.00013e-06,0.00598204,0.994009
NA19209	1|0	0.00199997,0.998,0
NA19210	0|0	1,0,0
NA19211	0|0	1,0,0
NA19213	0|0	1,0,0
NA19221	1|1	0,0,1
NA19222	1|1	0,0,1
NA19223	1|1	0,0,1
NA19238	1|1	0,0,1
NA19239	1|1	0,0,1
NA19240	1|1	0,0.00300002,0.997
NA19307	1|1	0,0,1
NA19308	1|1	0,0,1
NA19309	0|0	1,0,0
NA19310	1|1	3.00002e-05,0.01294,0.98703
NA19314	1|1	0,0,1
NA19315	1|0	0.00400001,0.996,0
NA19316	1|1	0,0.00400001,0.996
NA19317	1|1	0,0,1
NA19319	1|1	0.038416,0.315168,0.646416
NA19321	0|0	0.993,0.007,0
NA19324	1|1	0,0,1
NA19327	1|1	0,0.000999987,0.999
NA19328	1|1	0.000318002,0.108364,0.891318
NA19332	1|1	2.99998e-06,0.00399401,0.996003
NA19334	1|1	9.00013e-06,0.00598204,0.994009
NA19346	1|1	1.60001e-05,0.00796802,0.992016
NA19347	1|1	3.9999e-06,0.00399195,0.996004
NA19350	0|0	1,0,0
NA19360	1|1	0,0,1
NA19372	1|1	0,0,1
NA19374	1|1	0,0,1
NA19375	0|0	1,0,0
NA19376	1|1	0,0,1
NA19377	1|1	0,0.362,0.638
NA19379	1|0	0.00199997,0.998,0
NA19380	0|0	1,0,0
NA19384	0|0	1,0,0
NA19385	0|0	1,0,0
NA19390	1|1	0,0.000999987,0.999
NA19391	0|1	0.00199997,0.998,0
NA19393	0|0	1,0,0
NA19394	1|1	0,0,1
NA19397	0|0	0.998001,0.001998,1e-06
NA19399	0|0	0.786213,0.213574,0.000213
NA19403	0|0	0.971,0.029,0
NA19404	1|1	0,0.00599998,0.994
NA19428	0|0	1,0,0
NA19429	0|0	1,0,0
NA19430	0|0	1,0,0
NA19431	1|0	0,0.999,0.001
NA19434	0|1	0,1,0
NA19435	0|0	1,0,0
NA19436	1|0	0.163,0.837,0
NA19437	1|1	0.002055,0.41189,0.586055
NA19438	1|1	0,0,1
NA19439	1|1	6.19992e-05,0.062876,0.937062
NA19440	1|1	0,0.00300002,0.997
NA19443	1|1	0,0,1
NA19445	0|1	0,1,0
NA19446	1|0	0,0.966,0.034
NA19448	1|1	0.038025,0.31395,0.648025
NA19449	1|0	0.025,0.975,0
NA19451	1|1	0,0,1
NA19452	1|1	9.99974e-07,0.00199797,0.998001
NA19455	0|0	1,0,0
NA19456	0|1	0,1,0
NA19457	1|0	0.000999987,0.999,0
NA19462	0|1	0.00299702,0.996006,0.000997
NA19463	0|1	0.000999987,0.999,0
NA19466	0|0	1,0,0
NA19467	1|1	0,0.00199997,0.998
NA19468	1|1	0,0.106,0.894
NA19471	1|0	0.133,0.867,0
NA19472	0|1	0,1,0
NA19473	1|0	0,0.988,0.012
NA19474	1|1	0,0.00199997,0.998
