NA18526	0|0	0	1,0,0
NA18532	0|0	0	1,0,0
NA18537	0|0	0	1,0,0
NA18542	0|0	0	1,0,0
NA18545	1|1	2	0,0,1
NA18547	1|0	1	0,1,0
NA18550	0|0	0.84	0.33,0.49,0.18
NA18552	1|1	2	0,0,1
NA18555	0|0	0.01	0.99,0.01,0
NA18558	0|0	0	1,0,0
NA18561	0|0	0	1,0,0
NA18562	0|0	0	1,0,0
NA18563	1|1	1.98	0,0.02,0.98
NA18564	1|0	1	0,1,0
NA18566	0|1	1	0,1,0
NA18570	0|0	0	1,0,0
NA18571	0|0	0	1,0,0
NA18572	0|0	0	1,0,0
NA18573	0|0	0	1,0,0
NA18577	0|0	0	1,0,0
NA18579	0|1	1	0,1,0
NA18582	0|0	0.03	0.97,0.03,0
NA18592	1|0	1	0,1,0
NA18593	0|0	0.09	0.91,0.09,0
NA18603	0|0	0	1,0,0
NA18605	1|1	2	0,0,1
NA18606	0|0	0.29	0.73,0.25,0.02
NA18608	0|0	0	1,0,0
NA18609	0|0	0	1,0,0
NA18611	0|0	0	1,0,0
NA18612	0|0	0	1,0,0
NA18620	0|0	0	1,0,0
NA18621	0|0	0.02	0.98,0.02,0
NA18622	0|0	0	1,0,0
NA18623	0|0	0	1,0,0
NA18624	0|0	0	1,0,0
NA18628	0|0	0.23	0.77,0.23,0
NA18632	0|0	0	1,0,0
NA18633	0|0	0	1,0,0
NA18635	1|1	2	0,0,1
NA18636	0|0	0	1,0,0
NA18637	0|0	0	1,0,0
NA18647	0|0	0	1,0,0
NA18940	1|1	2	0,0,1
NA18942	0|0	0	1,0,0
NA18943	1|1	2	0,0,1
NA18944	0|0	0	1,0,0
NA18945	1|1	2	0,0,1
NA18947	1|1	2	0,0,1
NA18948	1|1	2	0,0,1
NA18949	1|0	1	0,1,0
NA18951	1|0	1	0,1,0
NA18952	1|1	2	0,0,1
NA18953	0|0	0	1,0,0
NA18956	0|0	0.49	0.51,0.49,0
NA18959	1|1	2	0,0,1
NA18960	0|0	0.46	0.6,0.35,0.05
NA18961	1|1	2	0,0,1
NA18964	0|0	0	1,0,0
NA18965	1|1	2	0,0,1
NA18966	0|0	0.42	0.62,0.33,0.04
NA18967	0|0	0	1,0,0
NA18968	0|0	0.01	0.99,0.01,0
NA18969	0|0	0	1,0,0
NA18970	0|0	0	1,0,0
NA18971	0|0	0	1,0,0
NA18972	1|0	1	0,1,0
NA18973	0|1	1	0,1,0
NA18974	0|0	0	1,0,0
NA18975	1|1	2	0,0,1
NA18976	0|0	0.02	0.98,0.02,0
NA18977	0|0	0	1,0,0
NA18978	1|0	1	0,1,0
NA18980	0|0	0	1,0,0
NA18981	0|0	0	1,0,0
NA18987	1|0	1	0,1,0
NA18990	0|0	0.29	0.73,0.25,0.02
NA18991	0|0	0.08	0.92,0.08,0
NA18992	0|0	0	1,0,0
NA18994	0|0	0	1,0,0
NA18995	0|0	0	1,0,0
NA18997	0|0	0	1,0,0
NA18998	0|0	0.03	0.97,0.03,0
NA18999	0|0	0.1	0.9,0.1,0
NA19000	0|0	0	1,0,0
NA19003	0|0	0	1,0,0
NA19005	1|1	2	0,0,1
NA19007	0|0	0	1,0,0
NA19010	0|1	1	0,1,0
NA19012	0|0	0	1,0,0
