NA18526	1|0	1	0,1,0
NA18537	0|1	1	0,1,0
NA18555	0|0	0	1,0,0
NA18562	0|1	1	0,1,0
NA18563	0|0	0	1,0,0
NA18582	0|0	0	1,0,0
NA18606	1|1	2	0,0,1
NA18621	0|0	0	1,0,0
NA18622	1|0	1	0,1,0
NA18628	1|0	1	0,1,0
NA18632	0|0	0	1,0,0
NA18636	1|1	2	0,0,1
NA18647	0|0	0	1,0,0
NA18942	0|0	0	1,0,0
NA18945	0|1	1	0,1,0
NA18947	1|1	2	0,0,1
NA18951	0|0	0	1,0,0
NA18952	0|0	0	1,0,0
NA18953	1|0	1	0,1,0
NA18956	0|0	0	1,0,0
NA18965	1|0	1	0,1,0
NA18970	0|0	0	1,0,0
NA18973	0|0	0	1,0,0
NA18977	0|1	1	0,1,0
NA18987	1|1	2	0,0,1
NA18990	0|1	1	0,1,0
NA18995	0|1	1	0,1,0
NA19003	1|0	1	0,1,0
NA19010	1|0	1	0,1,0
