NA11829	0|0	0	1,0,0
NA11830	0|0	0	1,0,0
NA11831	0|0	0	1,0,0
NA11832	1|1	2	0,0,1
NA11840	0|1	1	0,1,0
NA11881	1|0	0.99	0.01,0.99,0
NA11994	0|1	1	0,1,0
NA11995	1|0	1	0,1,0
NA12004	0|1	1.04	0,0.96,0.04
NA12005	0|0	0	1,0,0
NA12043	0|0	0	1,0,0
NA12044	0|0	0.01	0.99,0.01,0
NA12144	0|0	0	1,0,0
NA12154	1|1	2	0,0,1
NA12155	0|0	0	1,0,0
NA12156	0|0	0	1,0,0
NA12234	0|0	0	1,0,0
NA12717	0|0	0	1,0,0
NA12750	0|0	0	1,0,0
NA12760	1|0	1	0,1,0
NA12761	0|0	0	1,0,0
NA12762	0|1	1	0,1,0
NA12763	0|0	0	1,0,0
NA12812	0|0	0	1,0,0
NA12813	0|0	0	1,0,0
NA12814	0|0	0.04	0.96,0.04,0
NA12815	1|1	1.94	0,0.06,0.94
NA12872	0|0	0.07	0.93,0.07,0
NA12873	0|0	0	1,0,0
NA12874	0|0	0	1,0,0
