NA18526	1|0	1.36	0,0.64,0.36
NA18537	1|1	1.94	0,0.06,0.94
NA18550	1|0	0.68	0.32,0.68,0
NA18555	1|1	1.97	0,0.03,0.97
NA18562	1|0	0.94	0.06,0.94,0
NA18563	1|1	1.68	0,0.32,0.68
NA18582	0|0	0	1,0,0
NA18603	1|1	1.93	0,0.07,0.93
NA18606	1|1	2	0,0,1
NA18621	1|0	1	0,1,0
NA18622	1|0	1.05	0,0.95,0.05
NA18628	1|0	1.03	0,0.97,0.03
NA18632	0|1	1.32	0,0.68,0.32
NA18636	0|0	0.88	0.31,0.49,0.19
NA18647	0|0	0.49	0.51,0.49,0
NA18942	1|0	1	0,1,0
NA18945	0|1	0.99	0.01,0.99,0
NA18947	0|0	0	1,0,0
NA18951	1|0	1.36	0,0.64,0.36
NA18952	1|1	2	0,0,1
NA18953	0|1	1.04	0,0.96,0.04
NA18956	0|0	0.44	0.56,0.44,0
NA18965	1|0	1	0,1,0
NA18970	1|0	0.95	0.05,0.95,0
NA18973	0|1	0.85	0.15,0.85,0
NA18977	0|0	0	1,0,0
NA18987	0|0	0	1,0,0
NA18990	0|0	0	1,0,0
NA18995	1|0	1	0,1,0
NA19003	1|0	1	0,1,0
NA19010	1|0	0.99	0.01,0.99,0
