NA18498	0|1	1	0,1,0
NA18502	1|0	1	0,1,0
NA18505	0|0	0.01	0.99,0.01,0
NA18508	1|0	0.97	0.04,0.94,0.01
NA18517	0|0	0	1,0,0
NA18519	0|0	0.02	0.98,0.02,0
NA18867	0|0	0	1,0,0
NA18870	0|1	1	0,1,0
NA18910	0|0	0	1,0,0
NA19092	0|0	0	1,0,0
NA19098	0|1	1	0,1,0
NA19099	0|0	0	1,0,0
NA19102	0|1	1	0,1,0
NA19108	0|0	0	1,0,0
NA19118	1|0	0.98	0.02,0.98,0
NA19119	1|0	1.09	0,0.91,0.09
NA19129	0|0	0	1,0,0
NA19130	0|0	0	1,0,0
NA19141	0|0	0	1,0,0
NA19146	1|0	1	0,1,0
NA19150	0|0	0	1,0,0
NA19152	1|0	1	0,1,0
NA19160	0|0	0.01	0.99,0.01,0
NA19171	0|0	0.05	0.95,0.05,0
NA19189	1|0	1	0,1,0
NA19204	1|0	1	0,1,0
NA19206	0|1	1	0,1,0
NA19207	0|0	0	1,0,0
NA19209	0|1	1	0,1,0
NA19213	0|0	0	1,0,0
