NA18498	0|0	1,0,0
NA18500	0|0	1,0,0
NA18501	0|0	1,0,0
NA18502	0|0	1,0,0
NA18503	1|0	0,1,0
NA18504	1|0	0,1,0
NA18505	0|0	1,0,0
NA18506	0|0	1,0,0
NA18507	0|0	0.998,0.002,0
NA18508	0|0	1,0,0
NA18515	0|0	1,0,0
NA18516	0|0	1,0,0
NA18517	0|0	1,0,0
NA18519	0|0	1,0,0
NA18521	0|0	1,0,0
NA18522	0|0	1,0,0
NA18523	0|0	1,0,0
NA18852	0|0	1,0,0
NA18853	0|0	1,0,0
NA18854	0|0	1,0,0
NA18855	0|0	1,0,0
NA18856	0|0	1,0,0
NA18857	0|0	1,0,0
NA18858	0|0	1,0,0
NA18859	0|1	0,1,0
NA18860	0|0	1,0,0
NA18861	1|0	0,1,0
NA18862	0|0	1,0,0
