NA18498	0|0	1,0,0
NA18500	0|0	1,0,0
NA18501	0|0	1,0,0
NA18502	0|0	1,0,0
NA18503	1|0	0,1,0
NA18504	1|0	0,1,0
NA18505	0|0	1,0,0
NA18506	0|0	1,0,0
NA18507	0|0	0.998,0.002,0
NA18508	0|0	1,0,0
NA18515	0|0	1,0,0
NA18516	0|0	1,0,0
NA18517	0|0	1,0,0
NA18519	0|0	1,0,0
NA18521	0|0	1,0,0
NA18522	0|0	1,0,0
NA18523	0|0	1,0,0
NA18852	0|0	1,0,0
NA18853	0|0	1,0,0
NA18854	0|0	1,0,0
NA18855	0|0	1,0,0
NA18856	0|0	1,0,0
NA18857	0|0	1,0,0
NA18858	0|0	1,0,0
NA18859	0|1	0,1,0
NA18860	0|0	1,0,0
NA18861	1|0	0,1,0
NA18862	0|0	1,0,0
NA07357	0|1	0,1,0
NA11829	0|1	0,1,0
NA11830	0|0	1,0,0
NA11831	0|0	1,0,0
NA11832	0|0	1,0,0
NA11840	0|0	1,0,0
NA11881	0|0	1,0,0
NA11994	0|0	1,0,0
NA11995	1|0	0.000999987,0.999,0
NA12004	0|0	1,0,0
NA12005	0|0	1,0,0
NA12043	0|0	1,0,0
NA12044	0|0	1,0,0
NA12144	0|0	1,0,0
NA12154	0|0	1,0,0
NA12155	0|0	1,0,0
NA12156	0|0	1,0,0
NA12234	0|0	1,0,0
NA12717	0|0	1,0,0
NA12750	0|0	1,0,0
NA12760	0|0	1,0,0
NA12761	0|0	1,0,0
NA12762	0|0	1,0,0
NA12763	0|0	1,0,0
NA12812	0|0	1,0,0
NA12813	0|0	1,0,0
NA12814	0|0	1,0,0
NA12815	0|0	1,0,0
NA12872	0|0	1,0,0
NA12873	0|0	1,0,0
NA12874	0|0	1,0,0
NA12878	0|0	1,0,0
NA18526	1|0	0.005,0.995,0
NA18537	0|1	0.038,0.962,0
NA18555	0|0	1,0,0
NA18562	0|1	0.00400001,0.996,0
NA18563	0|0	1,0,0
NA18582	0|0	1,0,0
NA18606	1|1	1.19998e-05,0.00797596,0.992012
NA18621	0|0	1,0,0
NA18622	1|0	0,0.999,0.001
NA18628	1|0	0,1,0
NA18632	0|0	0.998,0.002,0
NA18636	1|1	9.99986e-06,0.01098,0.98901
NA18647	0|0	1,0,0
NA18942	0|0	1,0,0
NA18945	0|1	0.00800002,0.992,0
NA18947	1|1	0,0,1
NA18951	0|0	1,0,0
NA18952	0|0	1,0,0
NA18953	1|0	0.000999987,0.999,0
NA18956	0|0	1,0,0
NA18965	1|0	0.000999987,0.999,0
NA18970	0|0	1,0,0
NA18973	0|0	1,0,0
NA18977	0|1	0.000999987,0.999,0
NA18987	1|1	0,0,1
NA18990	0|1	0,1,0
NA18995	0|1	0.00199997,0.998,0
NA19003	1|0	0.044,0.956,0
NA19010	1|0	0.00800002,0.992,0
